1949	01	01	394.5930	 132.9326	 2.4417	 1.0000
1949	01	02	394.6356	 130.3682	 2.3087	 1.0000
1949	01	03	394.5977	 128.1430	 2.3121	 1.0000
1949	01	04	394.6055	 126.1661	 2.3157	 1.0000
1949	01	05	394.6726	 124.2876	 2.3485	 1.0000
1949	01	06	401.4562	 126.3400	 2.8153	 1.0000
1949	01	07	401.3130	 123.9925	 2.4427	 1.0000
1949	01	08	401.1526	 122.6009	 2.4361	 1.0000
1949	01	09	401.1450	 121.7011	 2.4398	 1.0000
1949	01	10	401.1457	 120.9382	 2.4464	 1.0000
1949	01	11	401.1441	 120.1478	 2.4609	 1.0000
1949	01	12	401.1275	 119.2610	 2.4747	 1.0000
1949	01	13	401.1339	 118.3192	 2.5066	 1.0000
1949	01	14	402.1147	 118.1358	 2.5619	 1.0000
1949	01	15	402.1446	 116.7926	 2.5606	 1.0000
1949	01	16	403.1635	 116.5459	 2.5879	 1.0000
1949	01	17	403.1977	 115.4540	 2.5046	 1.0000
1949	01	18	403.1213	 114.5163	 2.5080	 1.0000
1949	01	19	403.1132	 113.8053	 2.5129	 1.0000
1949	01	20	403.7235	 114.1043	 2.5537	 1.0000
1949	01	21	403.8021	 113.7078	 2.5295	 1.0000
1949	01	22	403.8303	 113.2353	 2.4892	 1.0000
1949	01	23	403.7562	 112.6616	 2.4774	 1.0000
1949	01	24	403.7289	 112.1556	 2.4789	 1.0000
1949	01	25	403.7332	 111.6843	 2.4683	 1.0000
1949	01	26	403.7385	 111.1970	 2.4705	 1.0000
1949	01	27	403.7459	 110.6911	 2.4831	 1.0000
1949	01	28	403.7448	 110.1388	 2.4979	 1.0000
1949	01	29	403.6926	 109.5003	 2.4998	 1.0000
1949	01	30	403.6699	 108.8633	 2.5047	 1.0000
1949	01	31	403.6342	 108.2945	 2.5107	 1.0000
1949	02	01	403.6506	 107.8572	 2.4399	 1.0000
1949	02	02	404.1905	 108.2426	 2.4464	 1.0000
1949	02	03	405.6713	 109.8641	 2.4707	 1.0000
1949	02	04	405.6342	 109.3034	 2.3687	 1.0000
1949	02	05	419.9016	 127.2105	 2.4387	 1.0000
1949	02	06	423.2365	 129.3533	 2.3724	 1.0000
1949	02	07	425.7683	 129.5044	 2.3041	 1.0000
1949	02	08	438.9465	 138.2104	 2.2923	 1.0000
1949	02	09	470.7915	 158.0021	 2.2537	 1.0000
1949	02	10	486.8661	 167.1700	 2.0460	 1.0000
1949	02	11	486.7823	 162.0001	 1.9512	 1.0000
1949	02	12	486.7427	 158.7835	 1.9608	 1.0000
1949	02	13	503.9868	 171.1439	 2.0795	 1.0000
1949	02	14	524.4219	 177.4040	 2.0744	 1.0000
1949	02	15	559.8796	 186.0168	 2.0826	 1.0000
1949	02	16	626.9371	 196.0934	 2.4210	 1.0000
1949	02	17	632.2383	 192.6895	 2.2237	 1.0000
1949	02	18	636.0171	 192.1456	 2.1721	 1.0000
1949	02	19	656.7537	 210.7346	 2.1771	 1.0000
1949	02	20	671.9567	 216.3146	 2.1641	 1.0000
1949	02	21	697.3288	 226.6303	 2.1885	 1.0000
1949	02	22	703.0778	 216.0801	 2.2004	 1.0000
1949	02	23	703.2787	 206.8947	 2.0675	 1.0000
1949	02	24	703.2088	 199.7477	 2.0671	 1.0000
1949	02	25	703.1274	 194.1405	 2.0465	 1.0000
1949	02	26	702.9091	 189.8535	 1.9805	 1.0000
1949	02	27	702.6937	 186.0390	 1.9468	 1.0000
1949	02	28	702.4583	 182.7796	 1.9114	 1.0000
1949	03	01	702.3322	 179.9439	 1.9072	 1.0000
1949	03	02	702.1647	 177.1571	 1.7855	 1.0000
1949	03	03	701.9888	 174.6574	 1.7866	 1.0000
1949	03	04	701.6750	 172.2032	 1.6457	 1.0000
1949	03	05	699.8716	 169.5698	 1.5856	 1.0000
1949	03	06	697.8139	 167.0638	 1.4930	 1.0000
1949	03	07	698.5891	 166.0980	 1.6234	 1.0000
1949	03	08	713.4240	 176.1381	 2.0200	 1.0000
1949	03	09	713.3931	 174.9397	 1.7962	 1.0000
1949	03	10	712.9982	 173.5267	 1.7125	 1.0000
1949	03	11	714.1619	 172.9985	 1.8420	 1.0000
1949	03	12	729.7313	 180.1471	 2.0339	 1.0000
1949	03	13	731.1146	 179.4154	 2.0093	 1.0000
1949	03	14	733.0499	 179.5005	 1.9538	 1.0000
1949	03	15	739.8194	 182.6207	 1.9540	 1.0000
1949	03	16	741.5110	 181.7003	 1.9635	 1.0000
1949	03	17	746.0405	 181.9017	 2.0428	 1.0000
1949	03	18	767.9224	 188.6705	 2.7090	 1.0000
1949	03	19	772.2845	 188.6031	 2.9311	 1.0000
1949	03	20	774.1199	 188.3721	 2.9138	 1.0000
1949	03	21	774.1224	 186.7527	 2.8107	 1.0000
1949	03	22	774.0117	 184.9539	 2.7217	 1.0000
1949	03	23	774.0803	 183.4340	 2.6599	 1.0000
1949	03	24	774.0594	 181.9013	 2.5586	 1.0000
1949	03	25	773.8925	 180.6360	 2.4181	 1.0000
1949	03	26	780.2652	 184.4359	 2.3329	 1.0000
1949	03	27	781.6677	 185.1174	 2.1690	 1.0000
1949	03	28	781.6569	 184.1071	 2.0565	 1.0000
1949	03	29	781.6526	 182.8501	 2.0365	 1.0000
1949	03	30	781.3998	 181.4597	 1.9371	 1.0000
1949	03	31	781.3928	 180.0410	 1.7131	 1.0000
1949	04	01	780.8404	 178.5624	 1.5093	 1.0000
1949	04	02	779.8122	 177.1104	 1.1980	 1.0000
1949	04	03	777.8047	 175.2728	 0.3005	 1.0000
1949	04	04	773.0351	 172.8078	 0.0000	 1.0000
1949	04	05	767.9548	 170.5014	 0.0000	 1.0000
1949	04	06	758.8451	 167.3726	 0.0000	 1.0000
1949	04	07	749.8119	 164.3526	 0.0000	 1.0000
1949	04	08	744.0416	 162.1986	 0.0000	 1.0000
1949	04	09	733.7076	 159.0859	 0.0000	 1.0000
1949	04	10	718.3318	 154.9193	 0.0000	 1.0000
1949	04	11	709.6383	 152.3241	 0.0000	 1.0000
1949	04	12	703.7373	 150.3996	 0.0000	 1.0000
1949	04	13	694.0598	 147.7255	 0.0000	 1.0000
1949	04	14	681.7323	 144.4990	 0.0000	 1.0000
1949	04	15	661.2377	 139.5653	 0.0000	 1.0000
1949	04	16	638.7583	 134.2754	 0.0000	 1.0000
1949	04	17	621.6384	 130.2022	 0.0188	 1.0000
1949	04	18	603.2791	 125.8983	 0.0000	 1.0000
1949	04	19	602.9823	 125.6635	 0.6270	 1.0000
1949	04	20	604.2403	 126.1081	 1.1266	 1.0000
1949	04	21	605.0255	 126.2920	 1.0053	 1.0000
1949	04	22	605.3781	 126.3842	 0.6769	 1.0000
1949	04	23	608.8573	 127.7367	 0.8919	 1.0000
1949	04	24	606.6808	 126.9003	 0.2943	 1.0000
1949	04	25	599.9007	 125.0699	 0.0000	 0.9886
1949	04	26	582.8439	 121.0800	 0.0000	 0.9886
1949	04	27	567.9971	 117.6997	 0.2346	 0.9886
1949	04	28	564.2140	 116.5939	 0.0169	 0.9886
1949	04	29	562.3957	 115.9320	 0.0000	 0.9531
1949	04	30	564.2359	 116.6615	 1.3628	 0.9531
1949	05	01	576.5513	 122.6538	 3.3207	 1.0000
1949	05	02	577.3308	 122.7432	 3.0269	 1.0000
1949	05	03	577.0085	 122.3717	 2.7535	 0.9531
1949	05	04	577.2589	 122.1306	 1.8997	 0.9531
1949	05	05	568.7014	 119.8179	 0.0000	 0.9531
1949	05	06	546.7674	 114.7353	 0.0000	 0.9531
1949	05	07	520.5796	 108.8128	 0.0000	 0.9531
1949	05	08	493.0061	 102.6537	 0.0000	 0.9531
1949	05	09	464.7039	 96.3910	 0.0000	 0.9531
1949	05	10	435.7635	 90.0442	 0.0000	 0.9531
1949	05	11	408.8696	 84.1728	 0.0000	 0.9531
1949	05	12	378.2036	 77.5644	 0.0000	 0.8265
1949	05	13	351.6300	 71.8846	 0.0000	 0.7920
1949	05	14	323.4206	 65.9127	 0.0000	 0.7807
1949	05	15	305.4205	 62.0835	 0.0000	 0.6529
1949	05	16	301.8454	 61.2437	 0.0286	 0.6529
1949	05	17	297.2727	 60.2062	 0.0000	 0.6529
1949	05	18	285.5143	 57.7057	 0.0000	 0.6529
1949	05	19	274.6951	 55.4098	 0.0000	 0.6529
1949	05	20	264.1248	 53.1714	 0.0000	 0.6529
1949	05	21	258.7035	 51.9856	 0.0000	 0.6529
1949	05	22	250.0336	 50.1434	 0.0000	 0.6529
1949	05	23	238.5319	 47.7527	 0.0000	 0.6080
1949	05	24	228.9464	 45.7648	 0.0000	 0.6080
1949	05	25	210.7502	 42.0633	 0.0000	 0.6080
1949	05	26	198.2980	 39.5219	 0.0000	 0.6080
1949	05	27	184.3859	 36.6961	 0.0000	 0.6080
1949	05	28	178.2673	 35.4353	 0.0000	 0.6080
1949	05	29	169.5193	 33.6528	 0.0000	 0.6080
1949	05	30	157.4016	 31.2011	 0.0000	 0.6080
1949	05	31	150.1510	 29.7237	 0.0000	 0.6080
1949	06	01	145.9083	 28.8469	 0.0000	 0.6080
1949	06	02	141.1396	 27.8707	 0.0000	 0.4957
1949	06	03	135.8460	 26.7924	 0.0000	 0.4957
1949	06	04	125.0982	 24.6407	 0.0000	 0.4056
1949	06	05	112.8271	 22.1960	 0.0000	 0.4056
1949	06	06	96.9447	 19.0456	 0.0000	 0.4056
1949	06	07	89.6268	 17.5875	 0.0000	 0.4056
1949	06	08	82.4220	 16.1536	 0.0000	 0.4056
1949	06	09	73.1321	 14.3126	 0.0000	 0.4056
1949	06	10	65.8323	 12.8645	 0.0000	 0.4056
1949	06	11	61.2397	 11.9510	 0.0000	 0.1991
1949	06	12	58.9220	 11.4902	 0.0000	 0.1991
1949	06	13	56.2462	 10.9606	 0.0000	 0.1991
1949	06	14	52.7297	 10.2685	 0.0000	 0.1991
1949	06	15	52.5449	 10.2268	 0.0000	 0.1991
1949	06	16	52.4061	 10.1945	 0.0000	 0.1991
1949	06	17	52.1550	 10.1950	 0.0433	 0.2440
1949	06	18	50.1141	 9.8005	 0.0000	 0.1991
1949	06	19	47.8481	 9.3515	 0.0000	 0.1991
1949	06	20	44.1520	 8.6241	 0.0000	 0.1991
1949	06	21	41.0866	 8.0210	 0.0000	 0.1991
1949	06	22	38.6994	 7.5512	 0.0000	 0.1991
1949	06	23	36.1911	 7.0584	 0.0000	 0.1991
1949	06	24	36.0012	 7.0187	 0.0000	 0.1991
1949	06	25	35.1691	 6.8537	 0.0000	 0.1991
1949	06	26	33.6313	 6.5515	 0.0000	 0.1991
1949	06	27	31.1562	 6.0670	 0.0000	 0.1991
1949	06	28	30.0372	 5.8805	 0.2385	 0.1991
1949	06	29	29.2834	 5.7859	 0.0000	 0.1991
1949	06	30	25.7931	 5.0941	 0.0000	 0.1991
1949	07	01	22.9720	 4.5351	 0.0000	 0.1991
1949	07	02	19.5515	 3.8583	 0.0000	 0.1991
1949	07	03	15.4823	 3.0540	 0.0000	 0.1991
1949	07	04	11.8033	 2.3273	 0.0000	 0.1991
1949	07	05	8.6773	 1.7099	 0.0000	 0.1991
1949	07	06	5.3245	 1.0482	 0.0000	 0.1105
1949	07	07	3.1294	 0.6160	 0.0000	 0.1105
1949	07	08	0.0000	 0.0000	 0.0000	 0.0000
1949	07	09	0.0000	 0.0000	 0.0000	 0.0000
1949	07	10	0.0000	 0.0000	 0.0000	 0.0000
1949	07	11	0.0000	 0.0000	 0.0000	 0.0000
1949	07	12	0.0000	 0.0000	 0.0000	 0.0000
1949	07	13	0.0000	 0.0000	 0.0000	 0.0000
1949	07	14	0.0000	 0.0000	 0.0000	 0.0000
1949	07	15	0.0446	 0.0282	 0.0010	 0.0449
1949	07	16	0.0000	 0.0000	 0.0313	 0.0000
1949	07	17	0.0000	 0.0000	 0.0000	 0.0000
1949	07	18	0.0000	 0.0000	 0.0000	 0.0000
1949	07	19	0.0000	 0.0000	 0.0017	 0.0000
1949	07	20	0.0000	 0.0000	 0.0000	 0.0000
1949	07	21	0.0000	 0.0000	 0.0000	 0.0000
1949	07	22	0.0000	 0.0000	 0.0000	 0.0000
1949	07	23	0.0000	 0.0000	 0.0000	 0.0000
1949	07	24	0.0000	 0.0000	 0.0000	 0.0000
1949	07	25	0.0000	 0.0000	 0.0253	 0.0000
1949	07	26	0.0000	 0.0000	 0.0000	 0.0000
1949	07	27	0.0000	 0.0000	 0.0000	 0.0000
1949	07	28	0.0000	 0.0000	 0.0000	 0.0000
1949	07	29	0.0000	 0.0000	 0.0000	 0.0000
1949	07	30	0.0000	 0.0000	 0.0000	 0.0000
1949	07	31	0.0000	 0.0000	 0.0000	 0.0000
1949	08	01	0.0000	 0.0000	 0.0000	 0.0000
1949	08	02	0.0000	 0.0000	 0.0000	 0.0000
1949	08	03	0.0000	 0.0000	 0.0000	 0.0000
1949	08	04	0.0000	 0.0000	 0.0000	 0.0000
1949	08	05	0.0000	 0.0000	 0.0000	 0.0000
1949	08	06	0.0000	 0.0000	 0.0000	 0.0000
1949	08	07	0.0000	 0.0000	 0.0151	 0.0000
1949	08	08	0.0000	 0.0000	 0.0000	 0.0000
1949	08	09	0.0000	 0.0000	 0.0000	 0.0000
1949	08	10	0.0000	 0.0000	 0.0000	 0.0000
1949	08	11	0.0000	 0.0000	 0.0000	 0.0000
1949	08	12	0.0000	 0.0000	 0.0011	 0.0000
1949	08	13	0.0000	 0.0000	 0.0000	 0.0000
1949	08	14	0.0000	 0.0000	 0.0000	 0.0000
1949	08	15	0.0000	 0.0000	 0.0000	 0.0000
1949	08	16	0.0000	 0.0000	 0.0000	 0.0000
1949	08	17	0.0000	 0.0000	 0.0000	 0.0000
1949	08	18	0.0000	 0.0000	 0.0000	 0.0000
1949	08	19	0.0000	 0.0000	 0.0000	 0.0000
1949	08	20	0.0000	 0.0000	 0.0000	 0.0000
1949	08	21	0.0000	 0.0000	 0.0000	 0.0000
1949	08	22	0.0000	 0.0000	 0.0000	 0.0000
1949	08	23	0.0000	 0.0000	 0.0000	 0.0000
1949	08	24	0.0000	 0.0000	 0.0000	 0.0000
1949	08	25	0.0000	 0.0000	 0.0000	 0.0000
1949	08	26	0.0000	 0.0000	 0.0000	 0.0000
1949	08	27	0.0000	 0.0000	 0.0000	 0.0000
1949	08	28	0.0000	 0.0000	 0.0000	 0.0000
1949	08	29	0.0000	 0.0000	 0.0000	 0.0000
1949	08	30	0.0000	 0.0000	 0.0000	 0.0000
1949	08	31	0.0000	 0.0000	 0.0000	 0.0000
1949	09	01	0.0000	 0.0000	 0.0000	 0.0000
1949	09	02	0.0000	 0.0000	 0.0000	 0.0000
1949	09	03	0.0000	 0.0000	 0.0000	 0.0000
1949	09	04	0.0000	 0.0000	 0.0000	 0.0000
1949	09	05	0.0000	 0.0000	 0.0000	 0.0000
1949	09	06	0.0000	 0.0000	 0.0000	 0.0000
1949	09	07	0.0000	 0.0000	 0.0000	 0.0000
1949	09	08	0.0000	 0.0000	 0.0000	 0.0000
1949	09	09	0.0000	 0.0000	 0.0000	 0.0000
1949	09	10	0.0054	 0.0043	 0.2785	 0.2440
1949	09	11	0.0000	 0.0000	 0.0020	 0.0000
1949	09	12	0.0000	 0.0000	 0.0000	 0.0000
1949	09	13	0.0000	 0.0000	 0.0011	 0.0000
1949	09	14	1.6673	 0.8844	 0.6815	 0.4970
1949	09	15	5.6765	 3.0927	 1.6162	 0.7919
1949	09	16	10.2768	 5.7794	 1.0483	 0.7450
1949	09	17	8.8462	 4.4631	 0.1013	 0.4970
1949	09	18	9.8905	 4.6206	 0.8060	 0.7450
1949	09	19	9.1032	 4.0378	 0.0985	 0.3824
1949	09	20	8.2806	 3.5372	 0.0094	 0.2440
1949	09	21	5.7133	 2.3855	 0.0000	 0.2440
1949	09	22	2.1689	 0.8941	 0.0000	 0.2440
1949	09	23	0.0000	 0.0000	 0.0000	 0.0000
1949	09	24	0.0000	 0.0000	 0.0000	 0.0000
1949	09	25	0.0000	 0.0000	 0.0000	 0.0000
1949	09	26	0.0000	 0.0000	 0.0000	 0.0000
1949	09	27	0.0000	 0.0000	 0.0000	 0.0000
1949	09	28	0.0000	 0.0000	 0.0000	 0.0000
1949	09	29	0.0000	 0.0000	 0.0000	 0.0000
1949	09	30	0.0000	 0.0000	 0.0000	 0.0000
1949	10	01	0.0000	 0.0000	 0.0000	 0.0000
1949	10	02	0.0000	 0.0000	 0.0000	 0.0000
1949	10	03	0.0000	 0.0000	 0.0105	 0.0449
1949	10	04	3.8655	 2.3411	 1.2822	 0.7450
1949	10	05	5.8907	 3.5026	 1.6425	 0.7450
1949	10	06	4.4768	 2.6205	 0.7029	 0.5871
1949	10	07	5.3369	 3.1528	 1.0935	 0.6994
1949	10	08	5.3014	 3.0465	 0.8899	 0.4970
1949	10	09	7.9517	 4.3763	 1.6254	 0.7450
1949	10	10	18.8745	 9.2241	 2.4071	 0.7450
1949	10	11	20.4866	 9.6434	 2.7514	 0.7450
1949	10	12	20.8562	 9.6191	 2.6361	 0.7450
1949	10	13	20.8233	 9.3869	 2.6117	 0.7450
1949	10	14	22.5345	 10.1818	 2.4500	 0.7450
1949	10	15	22.5301	 9.9725	 2.3830	 0.7450
1949	10	16	22.4957	 9.7767	 2.3680	 0.7450
1949	10	17	22.4455	 9.6052	 2.3515	 0.7450
1949	10	18	22.3665	 9.4425	 2.3246	 0.7450
1949	10	19	22.2552	 9.2621	 2.2994	 0.7450
1949	10	20	21.3293	 8.7022	 2.2129	 0.7450
1949	10	21	19.9816	 7.9757	 1.6827	 0.6994
1949	10	22	18.1286	 7.0413	 1.1626	 0.6994
1949	10	23	17.1696	 6.5465	 1.1698	 0.5757
1949	10	24	16.2616	 6.0838	 0.9160	 0.4505
1949	10	25	15.7381	 5.8237	 0.9294	 0.4505
1949	10	26	15.6246	 5.6956	 0.6189	 0.4505
1949	10	27	15.7921	 5.7336	 0.7984	 0.7450
1949	10	28	59.4841	 26.0706	 3.6657	 1.0000
1949	10	29	64.4557	 27.2221	 4.0286	 1.0000
1949	10	30	64.5906	 26.3161	 4.0341	 1.0000
1949	10	31	64.2818	 25.2595	 2.6749	 1.0000
1949	11	01	63.6143	 24.1160	 2.3694	 1.0000
1949	11	02	62.2893	 22.9096	 2.3066	 1.0000
1949	11	03	60.2378	 21.5015	 2.0686	 1.0000
1949	11	04	57.8759	 20.1005	 1.9786	 0.7450
1949	11	05	57.2858	 19.5057	 1.9305	 0.7450
1949	11	06	56.6855	 18.9756	 1.9406	 0.7450
1949	11	07	56.2378	 18.5466	 1.9586	 0.7450
1949	11	08	62.7187	 21.8134	 3.1384	 1.0000
1949	11	09	65.2565	 23.0422	 3.2326	 1.0000
1949	11	10	82.3450	 31.3691	 3.4052	 1.0000
1949	11	11	142.3800	 56.9548	 3.3541	 1.0000
1949	11	12	149.8206	 56.1667	 3.5383	 1.0000
1949	11	13	150.2496	 53.8387	 3.5888	 1.0000
1949	11	14	167.2965	 58.0833	 3.7190	 1.0000
1949	11	15	167.2545	 56.2142	 3.7295	 1.0000
1949	11	16	167.2238	 54.7963	 3.7408	 1.0000
1949	11	17	167.7355	 53.8235	 3.7987	 1.0000
1949	11	18	169.2783	 53.6296	 3.8749	 1.0000
1949	11	19	169.2889	 52.8346	 3.8954	 1.0000
1949	11	20	169.3061	 52.1698	 3.8991	 1.0000
1949	11	21	169.3711	 51.6211	 3.8852	 1.0000
1949	11	22	192.3661	 65.2679	 3.8921	 1.0000
1949	11	23	219.1494	 73.8370	 3.8960	 1.0000
1949	11	24	243.1582	 79.3418	 4.2626	 1.0000
1949	11	25	255.9023	 82.3222	 4.3598	 1.0000
1949	11	26	320.0493	 100.4941	 4.1327	 1.0000
1949	11	27	335.8354	 103.4680	 4.1218	 1.0000
1949	11	28	355.2735	 110.3538	 4.1621	 1.0000
1949	11	29	362.0207	 110.5464	 4.1886	 1.0000
1949	11	30	365.9100	 109.8131	 4.1756	 1.0000
1949	12	01	387.3288	 118.2491	 3.9714	 1.0000
1949	12	02	396.9924	 123.1955	 3.8687	 1.0000
1949	12	03	407.4719	 129.0488	 3.8893	 1.0000
1949	12	04	407.8127	 125.9644	 3.8575	 1.0000
1949	12	05	415.1721	 128.5155	 3.7767	 1.0000
1949	12	06	415.1408	 125.9406	 3.7755	 1.0000
1949	12	07	415.1612	 123.9801	 3.7805	 1.0000
1949	12	08	416.8610	 124.0040	 3.7872	 1.0000
1949	12	09	416.7907	 122.4709	 3.7253	 1.0000
1949	12	10	416.9322	 121.4228	 3.7349	 1.0000
1949	12	11	416.9597	 120.3505	 3.7524	 1.0000
1949	12	12	416.9823	 119.2730	 3.7676	 1.0000
1949	12	13	417.0309	 118.2034	 3.7850	 1.0000
1949	12	14	417.3887	 117.3008	 3.7727	 1.0000
1949	12	15	425.1496	 121.8307	 3.7502	 1.0000
1949	12	16	430.8090	 124.8447	 3.7333	 1.0000
1949	12	17	438.9525	 130.8293	 3.5933	 1.0000
1949	12	18	439.6819	 130.3565	 3.5165	 1.0000
1949	12	19	439.6459	 129.2314	 3.5412	 1.0000
1949	12	20	441.6071	 129.8805	 3.5501	 1.0000
1949	12	21	443.2855	 129.0607	 3.6608	 1.0000
1949	12	22	444.9317	 127.3661	 3.7893	 1.0000
1949	12	23	462.5394	 138.0284	 3.6790	 1.0000
1949	12	24	465.1428	 138.6249	 3.6003	 1.0000
1949	12	25	474.0036	 144.0691	 3.5781	 1.0000
1949	12	26	485.3105	 146.4630	 3.7652	 1.0000
1949	12	27	534.1152	 157.0388	 4.1616	 1.0000
1949	12	28	538.8801	 153.6534	 4.1255	 1.0000
1949	12	29	555.0701	 162.9761	 3.9184	 1.0000
1949	12	30	567.0488	 171.7452	 3.8866	 1.0000
1949	12	31	575.3259	 176.8166	 3.7902	 1.0000
1950	01	01	578.5254	 178.0180	 3.6359	 1.0000
1950	01	02	578.5002	 176.0280	 3.6400	 1.0000
1950	01	03	578.5279	 174.4954	 3.6387	 1.0000
1950	01	04	578.6626	 173.2217	 3.6478	 1.0000
1950	01	05	586.8824	 182.1830	 3.6420	 1.0000
1950	01	06	605.8554	 200.5372	 3.6088	 1.0000
1950	01	07	605.8609	 193.7195	 3.5355	 1.0000
1950	01	08	606.5369	 189.0803	 3.5276	 1.0000
1950	01	09	618.9741	 197.5244	 3.4894	 1.0000
1950	01	10	634.7013	 205.6350	 3.3085	 1.0000
1950	01	11	635.2231	 200.0744	 3.2563	 1.0000
1950	01	12	638.6219	 200.7178	 3.1663	 1.0000
1950	01	13	648.9352	 211.7006	 3.1355	 1.0000
1950	01	14	650.6813	 211.4350	 3.1341	 1.0000
1950	01	15	651.1507	 209.3214	 3.1342	 1.0000
1950	01	16	651.7770	 207.1258	 3.1286	 1.0000
1950	01	17	651.7803	 204.4682	 3.1297	 1.0000
1950	01	18	678.9726	 235.7412	 3.1229	 1.0000
1950	01	19	728.4032	 279.4612	 3.1388	 1.0000
1950	01	20	755.5458	 267.9259	 3.1069	 1.0000
1950	01	21	783.9368	 250.2718	 3.5988	 1.0000
1950	01	22	791.8926	 240.8629	 3.5038	 1.0000
1950	01	23	793.6942	 238.0495	 3.3502	 1.0000
1950	01	24	793.5459	 235.7607	 3.2896	 1.0000
1950	01	25	800.6547	 243.2588	 3.2971	 1.0000
1950	01	26	807.9774	 249.4632	 3.2853	 1.0000
1950	01	27	807.9701	 245.5630	 3.2890	 1.0000
1950	01	28	807.9582	 242.7460	 3.2919	 1.0000
1950	01	29	807.9554	 240.4023	 3.2943	 1.0000
1950	01	30	807.9311	 238.3983	 3.2913	 1.0000
1950	01	31	807.9282	 236.5812	 3.2920	 1.0000
1950	02	01	807.9593	 234.7684	 3.2610	 1.0000
1950	02	02	807.9686	 232.8857	 3.2475	 1.0000
1950	02	03	817.6075	 243.0617	 3.2431	 1.0000
1950	02	04	831.9057	 255.8590	 3.1903	 1.0000
1950	02	05	849.1573	 268.9408	 3.1722	 1.0000
1950	02	06	852.8418	 261.6486	 3.1535	 1.0000
1950	02	07	883.6096	 266.0290	 3.0515	 1.0000
1950	02	08	886.6809	 259.2766	 2.9077	 1.0000
1950	02	09	886.8335	 253.1730	 2.8312	 1.0000
1950	02	10	888.5411	 249.2706	 2.8417	 1.0000
1950	02	11	888.5743	 243.1458	 2.7820	 1.0000
1950	02	12	904.1448	 247.7598	 2.7453	 1.0000
1950	02	13	905.4596	 242.6982	 2.7009	 1.0000
1950	02	14	908.9147	 239.2200	 2.6978	 1.0000
1950	02	15	909.4138	 234.5618	 2.5978	 1.0000
1950	02	16	911.1349	 231.6948	 2.6161	 1.0000
1950	02	17	911.1901	 228.4634	 2.5834	 1.0000
1950	02	18	911.0123	 225.3109	 2.5455	 1.0000
1950	02	19	910.9201	 222.9260	 2.5601	 1.0000
1950	02	20	910.8872	 220.8194	 2.5763	 1.0000
1950	02	21	911.5184	 219.0959	 2.6118	 1.0000
1950	02	22	911.7653	 217.0843	 2.5398	 1.0000
1950	02	23	962.1894	 241.1263	 2.6030	 1.0000
1950	02	24	981.0019	 244.6846	 2.8828	 1.0000
1950	02	25	989.1037	 244.3759	 2.7975	 1.0000
1950	02	26	990.1095	 241.8667	 2.6546	 1.0000
1950	02	27	989.9925	 239.6798	 2.5787	 1.0000
1950	02	28	989.9496	 237.7305	 2.5749	 1.0000
1950	03	01	989.7637	 235.6765	 2.5525	 1.0000
1950	03	02	992.8361	 235.0766	 2.7210	 1.0000
1950	03	03	1032.3500	 245.3103	 3.2925	 1.0000
1950	03	04	1059.6194	 252.8637	 3.4438	 1.0000
1950	03	05	1062.0436	 251.1114	 3.3622	 1.0000
1950	03	06	1061.5706	 248.7415	 3.1260	 1.0000
1950	03	07	1061.5369	 246.7099	 3.1087	 1.0000
1950	03	08	1061.8275	 245.4221	 3.1086	 1.0000
1950	03	09	1070.2432	 251.7359	 3.1261	 1.0000
1950	03	10	1071.7894	 251.4393	 3.1130	 1.0000
1950	03	11	1071.7751	 250.1229	 2.9835	 1.0000
1950	03	12	1073.1673	 250.2185	 3.0471	 1.0000
1950	03	13	1073.5003	 249.0221	 2.9857	 1.0000
1950	03	14	1073.5086	 247.2086	 3.0128	 1.0000
1950	03	15	1073.5620	 245.0315	 2.9762	 1.0000
1950	03	16	1095.0830	 252.2733	 3.3088	 1.0000
1950	03	17	1097.9811	 251.3227	 3.4613	 1.0000
1950	03	18	1116.4680	 261.1616	 3.3251	 1.0000
1950	03	19	1123.3867	 264.4399	 3.2598	 1.0000
1950	03	20	1132.2394	 268.5760	 3.2987	 1.0000
1950	03	21	1138.3035	 268.1991	 3.4627	 1.0000
1950	03	22	1138.3392	 265.8730	 3.3310	 1.0000
1950	03	23	1143.2658	 267.2388	 3.3033	 1.0000
1950	03	24	1143.3544	 265.2232	 3.2488	 1.0000
1950	03	25	1143.3933	 263.0635	 3.2068	 1.0000
1950	03	26	1153.3147	 266.2802	 3.2348	 1.0000
1950	03	27	1164.8176	 271.6240	 3.0271	 1.0000
1950	03	28	1165.6367	 270.4467	 2.8368	 1.0000
1950	03	29	1166.3559	 268.7522	 2.8141	 1.0000
1950	03	30	1166.3097	 266.4453	 2.7365	 1.0000
1950	03	31	1172.3304	 266.4306	 3.1699	 1.0000
1950	04	01	1174.7588	 265.6072	 3.0002	 1.0000
1950	04	02	1175.0208	 263.8965	 2.8372	 1.0000
1950	04	03	1174.7381	 262.0871	 2.6838	 1.0000
1950	04	04	1174.5977	 260.1332	 2.5113	 1.0000
1950	04	05	1175.9254	 258.9701	 2.5352	 1.0000
1950	04	06	1175.7096	 257.4895	 2.4369	 1.0000
1950	04	07	1175.6368	 256.2426	 2.3183	 1.0000
1950	04	08	1186.1444	 259.8504	 2.9169	 1.0000
1950	04	09	1186.3348	 258.4587	 2.8382	 1.0000
1950	04	10	1186.9465	 256.7928	 2.1917	 1.0000
1950	04	11	1208.3558	 261.7899	 3.0194	 1.0000
1950	04	12	1213.3404	 261.6294	 2.9756	 1.0000
1950	04	13	1213.3523	 260.0001	 2.6464	 1.0000
1950	04	14	1213.5649	 258.4833	 2.6838	 1.0000
1950	04	15	1218.1293	 258.9126	 3.2292	 1.0000
1950	04	16	1228.6314	 262.3027	 3.5443	 1.0000
1950	04	17	1228.3613	 260.9686	 3.4024	 1.0000
1950	04	18	1229.5561	 259.6490	 1.9123	 1.0000
1950	04	19	1229.7963	 258.0422	 0.3078	 1.0000
1950	04	20	1226.8004	 255.8448	 0.0000	 1.0000
1950	04	21	1226.0680	 254.5091	 0.0073	 1.0000
1950	04	22	1225.7999	 253.6075	 0.0326	 1.0000
1950	04	23	1229.8427	 254.8870	 1.6368	 1.0000
1950	04	24	1230.4265	 253.9357	 0.8826	 1.0000
1950	04	25	1230.2640	 253.0705	 0.3881	 1.0000
1950	04	26	1231.2456	 252.7031	 0.8958	 1.0000
1950	04	27	1231.3132	 251.7890	 0.7533	 1.0000
1950	04	28	1228.6618	 250.0992	 0.0000	 1.0000
1950	04	29	1225.3021	 248.3848	 0.0000	 1.0000
1950	04	30	1226.0575	 247.7292	 0.7030	 1.0000
1950	05	01	1226.0593	 246.9494	 0.6174	 1.0000
1950	05	02	1226.0028	 246.1611	 0.4849	 1.0000
1950	05	03	1226.2797	 245.5515	 0.7668	 1.0000
1950	05	04	1226.0594	 244.7754	 0.5785	 1.0000
1950	05	05	1225.5984	 244.0277	 0.5000	 1.0000
1950	05	06	1224.7109	 243.2227	 0.2986	 1.0000
1950	05	07	1222.3073	 241.9630	 0.1006	 1.0000
1950	05	08	1217.5304	 240.2229	 0.0000	 1.0000
1950	05	09	1213.0207	 238.5880	 0.0000	 1.0000
1950	05	10	1206.1036	 236.4351	 0.0000	 1.0000
1950	05	11	1197.5979	 234.0099	 0.0000	 1.0000
1950	05	12	1183.0611	 230.4589	 0.0000	 1.0000
1950	05	13	1170.2877	 227.3058	 0.0000	 1.0000
1950	05	14	1157.8479	 224.2516	 0.0000	 1.0000
1950	05	15	1145.8113	 221.3319	 0.0000	 1.0000
1950	05	16	1132.4521	 218.1917	 0.0000	 1.0000
1950	05	17	1131.1585	 217.5143	 0.0000	 1.0000
1950	05	18	1127.6964	 216.4180	 0.0000	 1.0000
1950	05	19	1120.3557	 214.5194	 0.0000	 1.0000
1950	05	20	1102.1953	 210.5334	 0.0000	 1.0000
1950	05	21	1085.4638	 206.8493	 0.0000	 1.0000
1950	05	22	1078.1861	 205.0699	 0.0000	 1.0000
1950	05	23	1065.7376	 202.2858	 0.0000	 1.0000
1950	05	24	1047.5840	 198.4103	 0.0000	 1.0000
1950	05	25	1024.0423	 193.5258	 0.0000	 1.0000
1950	05	26	998.1364	 188.2245	 0.0000	 1.0000
1950	05	27	996.3779	 187.5887	 0.0044	 1.0000
1950	05	28	989.4762	 185.9564	 0.0000	 1.0000
1950	05	29	985.3583	 184.8790	 0.0000	 1.0000
1950	05	30	971.6230	 181.9785	 0.0000	 0.9886
1950	05	31	952.6584	 178.0902	 0.0000	 0.9531
1950	06	01	938.3406	 175.1068	 0.0000	 0.9531
1950	06	02	921.4822	 171.6632	 0.0000	 0.9531
1950	06	03	897.0005	 166.8099	 0.0000	 0.9531
1950	06	04	879.6018	 163.2995	 0.0000	 0.9531
1950	06	05	867.5950	 160.8210	 0.0000	 0.9531
1950	06	06	865.7734	 160.2735	 0.0178	 0.9531
1950	06	07	865.2246	 160.1475	 0.6715	 0.9531
1950	06	08	865.1737	 160.2837	 0.8694	 0.9531
1950	06	09	854.5802	 158.0897	 0.0343	 0.9531
1950	06	10	835.2018	 154.2605	 0.0000	 0.9531
1950	06	11	811.0819	 149.5538	 0.0000	 0.9531
1950	06	12	786.5072	 144.7731	 0.0000	 0.9531
1950	06	13	758.0757	 139.3029	 0.0000	 0.9531
1950	06	14	735.8029	 135.0034	 0.0000	 0.9420
1950	06	15	709.0266	 129.8945	 0.0000	 0.9075
1950	06	16	682.3079	 124.8051	 0.0000	 0.9075
1950	06	17	656.5098	 119.9020	 0.0000	 0.9075
1950	06	18	629.6548	 114.8213	 0.0000	 0.9075
1950	06	19	593.8569	 108.1115	 0.0000	 0.8962
1950	06	20	563.3360	 102.4044	 0.0000	 0.7684
1950	06	21	544.6542	 98.8801	 0.0000	 0.7684
1950	06	22	539.0251	 97.7913	 0.1326	 0.6529
1950	06	23	531.5752	 96.3795	 0.0000	 0.6529
1950	06	24	526.0204	 95.2781	 0.0000	 0.6529
1950	06	25	516.6736	 93.4903	 0.0000	 0.6529
1950	06	26	499.2237	 90.2378	 0.0000	 0.6529
1950	06	27	478.5122	 86.4022	 0.0000	 0.6529
1950	06	28	455.7291	 82.2018	 0.0000	 0.6529
1950	06	29	434.7552	 78.3361	 0.0000	 0.6529
1950	06	30	414.8998	 74.6789	 0.0000	 0.6529
1950	07	01	396.4996	 71.2907	 0.0000	 0.6529
1950	07	02	375.0125	 67.3505	 0.0000	 0.6529
1950	07	03	352.0627	 63.1642	 0.0000	 0.6080
1950	07	04	331.0295	 59.3399	 0.0000	 0.6080
1950	07	05	317.4919	 56.8682	 0.0000	 0.6080
1950	07	06	301.5952	 53.9755	 0.0000	 0.6080
1950	07	07	286.9352	 51.3092	 0.0000	 0.6080
1950	07	08	269.6533	 48.1766	 0.0000	 0.6080
1950	07	09	258.2287	 46.1229	 0.0125	 0.6080
1950	07	10	249.2480	 44.4851	 0.0000	 0.6080
1950	07	11	237.0375	 42.2675	 0.0000	 0.6080
1950	07	12	224.2920	 39.9598	 0.0000	 0.5179
1950	07	13	203.8327	 36.2781	 0.0000	 0.5179
1950	07	14	192.4173	 34.2204	 0.0000	 0.4056
1950	07	15	185.5083	 32.9704	 0.0000	 0.4056
1950	07	16	175.3043	 31.1356	 0.0000	 0.4056
1950	07	17	163.3455	 28.9906	 0.0000	 0.4056
1950	07	18	151.1106	 26.7989	 0.0000	 0.4056
1950	07	19	144.5913	 25.6398	 0.0000	 0.4056
1950	07	20	128.7129	 22.8016	 0.0000	 0.4056
1950	07	21	116.9963	 20.7083	 0.0000	 0.3137
1950	07	22	106.5982	 18.8538	 0.0000	 0.3137
1950	07	23	96.5949	 17.0708	 0.0000	 0.3137
1950	07	24	90.0635	 15.9097	 0.0000	 0.1991
1950	07	25	85.3853	 15.0778	 0.0000	 0.1991
1950	07	26	81.8644	 14.4511	 0.0000	 0.1991
1950	07	27	80.9719	 14.2888	 0.0000	 0.1991
1950	07	28	80.6649	 14.2641	 0.1032	 0.1991
1950	07	29	79.3673	 14.0595	 0.0000	 0.1991
1950	07	30	76.7087	 13.5840	 0.0000	 0.1991
1950	07	31	71.5229	 12.6615	 0.0000	 0.1991
1950	08	01	65.2468	 11.5469	 0.0000	 0.1991
1950	08	02	62.6692	 11.0877	 0.0000	 0.1991
1950	08	03	60.8070	 10.7555	 0.0000	 0.1991
1950	08	04	58.2154	 10.2945	 0.0000	 0.1991
1950	08	05	55.9622	 9.8995	 0.0000	 0.1991
1950	08	06	53.5993	 9.4792	 0.0000	 0.1991
1950	08	07	49.1930	 8.6978	 0.0000	 0.1991
1950	08	08	46.9349	 8.2969	 0.0000	 0.1991
1950	08	09	43.0367	 7.6061	 0.0000	 0.1991
1950	08	10	38.2206	 6.7535	 0.0000	 0.1991
1950	08	11	33.4206	 5.9041	 0.0000	 0.1991
1950	08	12	28.4434	 5.0237	 0.0000	 0.1991
1950	08	13	23.9354	 4.2265	 0.0000	 0.1991
1950	08	14	22.8272	 4.2448	 0.0000	 0.1991
1950	08	15	19.7173	 3.6881	 0.0000	 0.1991
1950	08	16	14.7207	 2.7432	 0.0000	 0.1991
1950	08	17	9.3854	 1.7344	 0.0000	 0.1991
1950	08	18	5.7871	 1.0669	 0.0000	 0.1105
1950	08	19	2.6530	 0.4891	 0.0000	 0.1105
1950	08	20	0.0000	 0.0000	 0.0000	 0.0000
1950	08	21	0.0000	 0.0000	 0.0000	 0.0000
1950	08	22	0.0000	 0.0000	 0.0000	 0.0000
1950	08	23	0.0000	 0.0000	 0.0000	 0.0000
1950	08	24	0.0000	 0.0000	 0.0000	 0.0000
1950	08	25	0.0000	 0.0000	 0.0000	 0.0000
1950	08	26	0.0000	 0.0000	 0.0000	 0.0000
1950	08	27	0.0000	 0.0000	 0.0000	 0.0000
1950	08	28	0.0000	 0.0000	 0.0000	 0.0000
1950	08	29	0.0000	 0.0000	 0.0000	 0.0000
1950	08	30	0.0000	 0.0000	 0.0000	 0.0000
1950	08	31	0.0000	 0.0000	 0.0000	 0.0000
1950	09	01	0.0000	 0.0000	 0.0000	 0.0000
1950	09	02	0.0000	 0.0000	 0.0000	 0.0000
1950	09	03	0.0000	 0.0000	 0.0000	 0.0000
1950	09	04	0.0000	 0.0000	 0.0000	 0.0000
1950	09	05	0.0000	 0.0000	 0.0000	 0.0000
1950	09	06	0.0000	 0.0000	 0.0000	 0.0000
1950	09	07	0.0000	 0.0000	 0.0000	 0.0000
1950	09	08	0.0000	 0.0000	 0.0000	 0.0000
1950	09	09	0.0000	 0.0000	 0.0000	 0.0000
1950	09	10	0.0000	 0.0000	 0.0000	 0.0000
1950	09	11	0.0000	 0.0000	 0.0000	 0.0000
1950	09	12	0.0000	 0.0000	 0.0000	 0.0000
1950	09	13	0.0000	 0.0000	 0.0000	 0.0000
1950	09	14	0.0000	 0.0000	 0.0000	 0.0000
1950	09	15	0.0000	 0.0000	 0.0000	 0.0000
1950	09	16	0.0000	 0.0000	 0.0000	 0.0000
1950	09	17	0.0000	 0.0000	 0.0000	 0.0000
1950	09	18	0.0000	 0.0000	 0.0000	 0.0000
1950	09	19	0.0000	 0.0000	 0.0000	 0.0000
1950	09	20	0.0000	 0.0000	 0.0000	 0.0000
1950	09	21	0.0000	 0.0000	 0.0000	 0.0000
1950	09	22	0.0000	 0.0000	 0.0000	 0.0000
1950	09	23	0.0000	 0.0000	 0.0000	 0.0000
1950	09	24	0.0189	 0.0131	 0.0901	 0.0449
1950	09	25	0.1222	 0.0908	 0.1325	 0.2440
1950	09	26	0.2299	 0.1521	 0.4250	 0.2440
1950	09	27	0.0664	 0.0662	 0.1200	 0.1991
1950	09	28	0.0026	 0.0015	 0.0000	 0.0886
1950	09	29	0.0000	 0.0000	 0.0000	 0.0000
1950	09	30	1.8231	 1.2479	 1.1713	 0.7919
1950	10	01	5.6023	 3.6848	 2.0240	 1.0000
1950	10	02	5.0094	 3.2128	 1.7991	 0.7450
1950	10	03	6.9943	 4.2658	 1.9833	 0.7450
1950	10	04	8.1457	 4.7139	 1.3805	 0.7450
1950	10	05	16.0875	 8.1574	 1.9880	 0.7450
1950	10	06	22.7229	 10.6467	 1.9601	 0.7450
1950	10	07	28.9678	 12.6759	 2.3498	 0.7450
1950	10	08	31.3824	 13.3707	 2.3741	 0.7450
1950	10	09	73.2514	 29.2835	 4.2601	 1.0000
1950	10	10	76.8659	 29.4221	 2.9471	 1.0000
1950	10	11	81.0949	 29.7299	 1.8643	 0.8959
1950	10	12	81.1330	 28.4698	 0.7446	 0.7450
1950	10	13	80.8748	 27.6739	 0.6646	 0.7450
1950	10	14	80.9119	 27.2362	 0.6828	 0.7450
1950	10	15	80.7993	 26.7954	 0.6677	 0.7450
1950	10	16	80.7978	 26.4006	 0.6732	 0.7450
1950	10	17	82.1127	 26.6200	 1.0705	 0.7450
1950	10	18	90.9136	 30.0915	 2.0033	 0.9531
1950	10	19	94.8534	 31.2328	 2.2936	 1.0000
1950	10	20	100.8060	 33.8124	 3.2954	 1.0000
1950	10	21	100.6164	 33.1062	 3.2192	 0.7450
1950	10	22	100.6238	 32.6013	 3.1416	 0.7450
1950	10	23	100.6524	 32.1626	 3.0178	 0.7450
1950	10	24	138.0131	 50.2599	 3.8112	 1.0000
1950	10	25	146.8953	 52.6306	 4.6312	 1.0000
1950	10	26	178.5902	 64.5042	 4.5941	 1.0000
1950	10	27	224.5528	 78.1173	 4.7848	 1.0000
1950	10	28	237.7461	 80.1343	 4.7024	 1.0000
1950	10	29	240.4847	 78.8188	 4.6860	 1.0000
1950	10	30	241.7771	 77.4380	 4.6754	 1.0000
1950	10	31	262.1585	 85.8886	 4.6005	 1.0000
1950	11	01	282.5380	 93.6858	 4.0360	 1.0000
1950	11	02	285.8101	 92.0628	 4.1102	 1.0000
1950	11	03	286.4660	 89.7654	 4.1153	 1.0000
1950	11	04	291.1453	 89.4006	 4.2144	 1.0000
1950	11	05	291.1616	 87.4210	 4.1823	 1.0000
1950	11	06	291.6640	 85.9204	 4.2251	 1.0000
1950	11	07	292.0568	 84.9672	 4.2070	 1.0000
1950	11	08	292.0306	 84.1004	 4.2083	 1.0000
1950	11	09	292.0227	 83.2917	 4.1497	 1.0000
1950	11	10	291.9581	 82.4289	 4.1468	 1.0000
1950	11	11	293.1901	 82.7454	 4.1197	 1.0000
1950	11	12	293.1263	 82.0948	 4.1028	 1.0000
1950	11	13	294.4384	 82.8166	 4.1046	 1.0000
1950	11	14	299.9718	 87.5794	 4.0966	 1.0000
1950	11	15	346.0814	 116.1070	 3.9588	 1.0000
1950	11	16	355.3304	 116.7261	 3.8112	 1.0000
1950	11	17	362.7666	 118.9975	 3.7268	 1.0000
1950	11	18	362.8507	 116.6271	 3.7189	 1.0000
1950	11	19	367.3024	 118.9781	 3.7430	 1.0000
1950	11	20	402.9616	 132.4252	 4.0321	 1.0000
1950	11	21	426.3760	 135.3742	 4.0131	 1.0000
1950	11	22	428.6878	 131.2461	 4.0695	 1.0000
1950	11	23	476.2063	 147.8822	 4.2334	 1.0000
1950	11	24	492.2445	 147.9114	 4.2241	 1.0000
1950	11	25	529.3244	 158.2691	 4.1700	 1.0000
1950	11	26	555.5278	 162.2344	 4.2601	 1.0000
1950	11	27	555.7883	 158.0151	 4.2613	 1.0000
1950	11	28	555.7883	 155.3152	 4.2873	 1.0000
1950	11	29	561.1896	 156.9883	 4.2953	 1.0000
1950	11	30	572.3537	 162.8494	 4.2475	 1.0000
1950	12	01	572.4611	 160.3908	 4.0597	 1.0000
1950	12	02	574.0391	 159.1057	 4.0703	 1.0000
1950	12	03	575.2547	 157.9511	 4.0448	 1.0000
1950	12	04	575.9371	 156.7397	 4.0498	 1.0000
1950	12	05	602.1479	 177.2542	 4.0151	 1.0000
1950	12	06	608.8466	 179.5955	 3.9982	 1.0000
1950	12	07	612.4664	 177.8965	 3.9901	 1.0000
1950	12	08	615.2770	 175.4522	 3.9857	 1.0000
1950	12	09	636.0760	 180.9950	 4.0198	 1.0000
1950	12	10	646.1815	 180.7417	 3.9634	 1.0000
1950	12	11	646.3632	 176.8298	 3.9732	 1.0000
1950	12	12	646.3851	 174.1666	 3.9937	 1.0000
1950	12	13	646.4300	 172.2493	 3.9953	 1.0000
1950	12	14	660.7275	 182.9280	 3.9765	 1.0000
1950	12	15	670.0488	 185.6914	 3.9794	 1.0000
1950	12	16	686.7784	 191.2793	 3.9432	 1.0000
1950	12	17	687.0696	 187.8487	 3.9461	 1.0000
1950	12	18	691.1323	 186.7976	 3.9392	 1.0000
1950	12	19	701.1407	 188.3653	 3.9150	 1.0000
1950	12	20	710.7084	 188.0989	 4.2385	 1.0000
1950	12	21	713.4590	 185.5378	 4.2666	 1.0000
1950	12	22	725.7457	 185.6228	 4.1232	 1.0000
1950	12	23	733.7874	 185.1646	 4.1661	 1.0000
1950	12	24	742.6213	 186.1175	 4.2312	 1.0000
1950	12	25	742.7606	 184.2685	 4.2507	 1.0000
1950	12	26	744.7579	 183.7267	 4.2471	 1.0000
1950	12	27	751.4349	 187.0193	 4.2183	 1.0000
1950	12	28	751.8993	 185.5768	 4.2105	 1.0000
1950	12	29	753.2288	 184.6492	 4.2050	 1.0000
1950	12	30	753.1517	 183.0722	 4.1639	 1.0000
1950	12	31	753.3427	 181.7453	 4.1248	 1.0000
1951	01	01	763.9196	 186.0278	 3.9413	 1.0000
1951	01	02	805.8686	 208.2394	 3.8615	 1.0000
1951	01	03	809.4108	 207.2757	 3.6910	 1.0000
1951	01	04	809.4735	 204.7043	 3.6552	 1.0000
1951	01	05	812.0873	 205.6438	 3.6644	 1.0000
1951	01	06	812.1150	 203.9683	 3.6762	 1.0000
1951	01	07	812.0677	 202.6183	 3.6653	 1.0000
1951	01	08	812.3976	 201.7775	 3.6726	 1.0000
1951	01	09	813.5721	 201.5527	 3.6671	 1.0000
1951	01	10	819.1242	 204.7993	 3.6403	 1.0000
1951	01	11	819.2036	 203.0853	 3.6436	 1.0000
1951	01	12	828.1075	 206.8248	 3.6490	 1.0000
1951	01	13	879.5610	 235.4807	 3.5528	 1.0000
1951	01	14	920.9075	 254.4688	 3.5293	 1.0000
1951	01	15	971.4196	 275.5916	 3.3752	 1.0000
1951	01	16	1025.8165	 299.0799	 3.2080	 1.0000
1951	01	17	1043.6701	 302.0495	 3.0996	 1.0000
1951	01	18	1049.4370	 297.8772	 3.0961	 1.0000
1951	01	19	1050.9662	 291.8042	 3.0894	 1.0000
1951	01	20	1085.3707	 308.0745	 3.0835	 1.0000
1951	01	21	1090.2618	 301.5572	 3.0051	 1.0000
1951	01	22	1091.6504	 294.4377	 2.9914	 1.0000
1951	01	23	1097.9227	 291.7804	 3.0042	 1.0000
1951	01	24	1105.1427	 288.2511	 3.3846	 1.0000
1951	01	25	1117.7519	 288.4088	 3.4658	 1.0000
1951	01	26	1118.3558	 285.7179	 3.2781	 1.0000
1951	01	27	1118.3111	 283.9854	 3.2085	 1.0000
1951	01	28	1118.1343	 282.6241	 3.1677	 1.0000
1951	01	29	1118.1001	 281.4005	 3.1723	 1.0000
1951	01	30	1118.0923	 280.2381	 3.1820	 1.0000
1951	01	31	1124.7682	 288.0441	 3.2788	 1.0000
1951	02	01	1125.6658	 287.3550	 3.2641	 1.0000
1951	02	02	1157.3005	 311.8616	 3.1257	 1.0000
1951	02	03	1193.1903	 330.4996	 3.0843	 1.0000
1951	02	04	1193.2664	 321.6560	 3.0116	 1.0000
1951	02	05	1193.2316	 314.3701	 3.0215	 1.0000
1951	02	06	1193.5101	 308.6930	 3.0411	 1.0000
1951	02	07	1200.2094	 307.5482	 3.0935	 1.0000
1951	02	08	1209.6975	 306.1159	 3.1015	 1.0000
1951	02	09	1282.1943	 316.5807	 3.1498	 1.0000
1951	02	10	1334.7972	 321.8240	 3.4348	 1.0000
1951	02	11	1334.5080	 317.3695	 3.1502	 1.0000
1951	02	12	1338.2655	 316.7111	 3.3333	 1.0000
1951	02	13	1338.1320	 314.0337	 3.3156	 1.0000
1951	02	14	1338.6641	 312.0948	 3.2656	 1.0000
1951	02	15	1339.8136	 310.7949	 3.2628	 1.0000
1951	02	16	1339.9201	 308.7278	 3.2736	 1.0000
1951	02	17	1339.9354	 306.3899	 3.2603	 1.0000
1951	02	18	1341.1785	 304.6631	 3.1885	 1.0000
1951	02	19	1341.6169	 302.5676	 3.1277	 1.0000
1951	02	20	1355.1372	 310.0259	 3.2701	 1.0000
1951	02	21	1355.2706	 307.9234	 3.2168	 1.0000
1951	02	22	1354.9861	 305.9182	 3.0852	 1.0000
1951	02	23	1354.9159	 304.0310	 3.0752	 1.0000
1951	02	24	1356.4703	 303.5380	 3.0441	 1.0000
1951	02	25	1356.3456	 301.9911	 2.9699	 1.0000
1951	02	26	1356.2777	 300.6569	 2.9507	 1.0000
1951	02	27	1356.2202	 299.3883	 2.9362	 1.0000
1951	02	28	1356.1997	 298.1500	 2.9348	 1.0000
1951	03	01	1356.1671	 296.9680	 2.9325	 1.0000
1951	03	02	1356.0072	 295.7328	 2.8882	 1.0000
1951	03	03	1391.4453	 324.4134	 2.8051	 1.0000
1951	03	04	1408.6652	 336.8461	 2.6116	 1.0000
1951	03	05	1414.0897	 338.9893	 2.4450	 1.0000
1951	03	06	1416.1860	 338.6791	 2.3988	 1.0000
1951	03	07	1416.2376	 336.0421	 2.3652	 1.0000
1951	03	08	1422.4949	 339.7452	 2.3617	 1.0000
1951	03	09	1428.2256	 342.8405	 2.2872	 1.0000
1951	03	10	1428.1646	 340.2043	 2.2322	 1.0000
1951	03	11	1428.4762	 337.8960	 2.2234	 1.0000
1951	03	12	1441.3388	 344.3173	 2.2519	 1.0000
1951	03	13	1453.4711	 348.4389	 2.2649	 1.0000
1951	03	14	1454.1381	 343.6693	 2.1350	 1.0000
1951	03	15	1473.7237	 349.8433	 2.4949	 1.0000
1951	03	16	1543.4631	 395.6432	 2.3316	 1.0000
1951	03	17	1544.1834	 388.3145	 2.3169	 1.0000
1951	03	18	1544.3249	 380.4939	 2.1382	 1.0000
1951	03	19	1544.2298	 372.1632	 2.1446	 1.0000
1951	03	20	1544.2100	 364.3893	 2.0183	 1.0000
1951	03	21	1543.9440	 357.8322	 1.9306	 1.0000
1951	03	22	1543.2573	 352.1328	 1.6603	 1.0000
1951	03	23	1542.3990	 347.3481	 1.6320	 1.0000
1951	03	24	1541.3043	 342.8289	 1.6316	 1.0000
1951	03	25	1539.2880	 338.4182	 1.4292	 1.0000
1951	03	26	1537.6458	 334.8038	 1.1403	 1.0000
1951	03	27	1536.0758	 331.6326	 1.1241	 1.0000
1951	03	28	1535.9166	 329.3509	 1.1231	 1.0000
1951	03	29	1535.7147	 327.4251	 1.1170	 1.0000
1951	03	30	1535.2107	 325.6203	 1.0848	 1.0000
1951	03	31	1533.9332	 323.3090	 1.0804	 1.0000
1951	04	01	1531.4518	 320.5843	 0.9324	 1.0000
1951	04	02	1528.9736	 318.0088	 0.7049	 1.0000
1951	04	03	1524.5229	 314.8692	 0.1982	 1.0000
1951	04	04	1519.5621	 311.7711	 0.0000	 1.0000
1951	04	05	1514.2245	 308.7766	 0.0000	 1.0000
1951	04	06	1507.7322	 305.6301	 0.0000	 1.0000
1951	04	07	1500.2914	 302.5246	 0.0000	 1.0000
1951	04	08	1493.1193	 299.6066	 0.0000	 1.0000
1951	04	09	1486.3714	 296.9547	 0.0000	 1.0000
1951	04	10	1477.7633	 293.9341	 0.0000	 1.0000
1951	04	11	1467.7292	 290.6751	 0.0000	 1.0000
1951	04	12	1454.2369	 286.7979	 0.0000	 1.0000
1951	04	13	1440.5546	 282.9815	 0.0000	 1.0000
1951	04	14	1422.8358	 278.4540	 0.0000	 1.0000
1951	04	15	1405.9455	 274.1180	 0.0000	 1.0000
1951	04	16	1386.4861	 269.3438	 0.0000	 1.0000
1951	04	17	1366.2239	 264.4978	 0.0000	 1.0000
1951	04	18	1354.9896	 261.6406	 0.0000	 1.0000
1951	04	19	1348.9505	 259.8699	 0.0000	 1.0000
1951	04	20	1346.7348	 258.9025	 0.0000	 1.0000
1951	04	21	1339.0238	 256.7977	 0.0000	 1.0000
1951	04	22	1325.2222	 253.4835	 0.0000	 1.0000
1951	04	23	1313.7356	 250.6418	 0.0000	 1.0000
1951	04	24	1297.4867	 246.8770	 0.0000	 1.0000
1951	04	25	1269.8151	 240.9510	 0.0000	 1.0000
1951	04	26	1247.9072	 236.1810	 0.0000	 1.0000
1951	04	27	1251.5441	 237.2532	 0.6580	 1.0000
1951	04	28	1250.6300	 236.6535	 0.6254	 1.0000
1951	04	29	1248.0511	 235.6708	 0.1033	 1.0000
1951	04	30	1245.8147	 234.8002	 0.0000	 1.0000
1951	05	01	1243.8925	 233.9869	 0.0000	 1.0000
1951	05	02	1238.7625	 232.5300	 0.0000	 1.0000
1951	05	03	1223.1740	 229.0726	 0.0000	 1.0000
1951	05	04	1214.6426	 227.0055	 0.0129	 1.0000
1951	05	05	1201.9627	 224.2674	 0.3210	 1.0000
1951	05	06	1193.3412	 222.1755	 0.0103	 1.0000
1951	05	07	1186.2696	 220.9713	 0.5711	 1.0000
1951	05	08	1180.7725	 219.5468	 0.0589	 1.0000
1951	05	09	1159.4906	 215.1428	 0.0000	 1.0000
1951	05	10	1143.3088	 211.7106	 0.0661	 0.9886
1951	05	11	1140.0492	 213.3620	 0.4428	 0.9886
1951	05	12	1150.0449	 216.5974	 2.6609	 0.9886
1951	05	13	1144.2863	 214.9978	 0.5828	 0.9531
1951	05	14	1138.7747	 213.4993	 0.0000	 0.9531
1951	05	15	1118.4794	 209.2295	 0.0000	 0.9531
1951	05	16	1094.9898	 204.3720	 0.0000	 0.9531
1951	05	17	1077.6490	 200.6982	 0.0000	 0.9531
1951	05	18	1066.5826	 198.2453	 0.0000	 0.9531
1951	05	19	1048.0649	 194.4027	 0.0000	 0.9531
1951	05	20	1026.5235	 190.0071	 0.0000	 0.9531
1951	05	21	997.0590	 184.1648	 0.0000	 0.9531
1951	05	22	975.2150	 179.7783	 0.0016	 0.9531
1951	05	23	956.3623	 176.5053	 0.1672	 0.9531
1951	05	24	950.9077	 175.2636	 0.4397	 0.9531
1951	05	25	954.3256	 176.4885	 0.9198	 0.9531
1951	05	26	941.3829	 173.7904	 0.0000	 0.9531
1951	05	27	927.7327	 170.9480	 0.0000	 0.9531
1951	05	28	920.3053	 169.2933	 0.0000	 0.9531
1951	05	29	916.5061	 168.3381	 0.0000	 0.9531
1951	05	30	905.1918	 165.9543	 0.0000	 0.9531
1951	05	31	890.4611	 162.9302	 0.0000	 0.9531
1951	06	01	868.0481	 158.4882	 0.0000	 0.9531
1951	06	02	838.7942	 152.8141	 0.0000	 0.9420
1951	06	03	821.3892	 149.3767	 0.0017	 0.9420
1951	06	04	804.9279	 146.2664	 0.1545	 0.8265
1951	06	05	801.7110	 145.7658	 0.3262	 0.8265
1951	06	06	798.5830	 145.8277	 1.1259	 0.8376
1951	06	07	800.1280	 146.3056	 0.3944	 0.8376
1951	06	08	794.3286	 145.0611	 0.0907	 0.6994
1951	06	09	772.6215	 140.9018	 0.0000	 0.6994
1951	06	10	753.7668	 137.2320	 0.0000	 0.6994
1951	06	11	734.9726	 133.5722	 0.0000	 0.6994
1951	06	12	717.6617	 130.1920	 0.0000	 0.6994
1951	06	13	700.1394	 126.7827	 0.0000	 0.6994
1951	06	14	682.9870	 123.4591	 0.0000	 0.6994
1951	06	15	662.8898	 119.5913	 0.0000	 0.6994
1951	06	16	644.0834	 115.9821	 0.0000	 0.6881
1951	06	17	626.4020	 112.6185	 0.0000	 0.6529
1951	06	18	612.0820	 109.8934	 0.0000	 0.6529
1951	06	19	597.0384	 107.0475	 0.0000	 0.6529
1951	06	20	580.6500	 103.9673	 0.0000	 0.6529
1951	06	21	560.0781	 100.1493	 0.0000	 0.6529
1951	06	22	539.9683	 96.4201	 0.0000	 0.6529
1951	06	23	520.1417	 92.7362	 0.0000	 0.6529
1951	06	24	503.8667	 89.7054	 0.0000	 0.6529
1951	06	25	480.5648	 85.4525	 0.0000	 0.6080
1951	06	26	465.3088	 82.6645	 0.0000	 0.6080
1951	06	27	448.7241	 79.6463	 0.0000	 0.6080
1951	06	28	430.6830	 76.3751	 0.0000	 0.6080
1951	06	29	411.1165	 72.8392	 0.0000	 0.6080
1951	06	30	387.1288	 68.5249	 0.0000	 0.6080
1951	07	01	366.3573	 64.7881	 0.0000	 0.6080
1951	07	02	347.2257	 61.3482	 0.0000	 0.6080
1951	07	03	326.7299	 57.6713	 0.0000	 0.6080
1951	07	04	316.8052	 55.8806	 0.0000	 0.6080
1951	07	05	307.6681	 54.2248	 0.0035	 0.6080
1951	07	06	299.9091	 52.9189	 0.0000	 0.6080
1951	07	07	290.0788	 51.1287	 0.0000	 0.4957
1951	07	08	280.7162	 49.4343	 0.0000	 0.4957
1951	07	09	272.8632	 48.0160	 0.0000	 0.4056
1951	07	10	263.2510	 46.2974	 0.0000	 0.4056
1951	07	11	251.7793	 44.2495	 0.0000	 0.4056
1951	07	12	241.4713	 42.4094	 0.0000	 0.4056
1951	07	13	227.3422	 39.8998	 0.0000	 0.4056
1951	07	14	215.2926	 37.7590	 0.0000	 0.4056
1951	07	15	203.2965	 35.6303	 0.0000	 0.4056
1951	07	16	190.9892	 33.4493	 0.0000	 0.4056
1951	07	17	177.4589	 31.0557	 0.0000	 0.4056
1951	07	18	164.9658	 28.8465	 0.0000	 0.4056
1951	07	19	156.3524	 27.3199	 0.0000	 0.4056
1951	07	20	146.1249	 25.5116	 0.0000	 0.4056
1951	07	21	135.9824	 23.7198	 0.0000	 0.4056
1951	07	22	122.7884	 21.3940	 0.0000	 0.3137
1951	07	23	115.4080	 20.0983	 0.0000	 0.1991
1951	07	24	109.4306	 19.0500	 0.0000	 0.1991
1951	07	25	103.9129	 18.0829	 0.0000	 0.1991
1951	07	26	98.0427	 17.0555	 0.0000	 0.1991
1951	07	27	92.1818	 16.0308	 0.0000	 0.1991
1951	07	28	86.6889	 15.0710	 0.0000	 0.1991
1951	07	29	81.1889	 14.1108	 0.0000	 0.1991
1951	07	30	75.3672	 13.0956	 0.0000	 0.1991
1951	07	31	69.6467	 12.0987	 0.0000	 0.1991
1951	08	01	63.7876	 11.0784	 0.0000	 0.1991
1951	08	02	57.4691	 9.9790	 0.0000	 0.1991
1951	08	03	50.8954	 8.8360	 0.0000	 0.1991
1951	08	04	45.1431	 7.8361	 0.0000	 0.1991
1951	08	05	41.0199	 7.1193	 0.0000	 0.1991
1951	08	06	36.5360	 6.3403	 0.0000	 0.1991
1951	08	07	31.4697	 5.4605	 0.0000	 0.1991
1951	08	08	26.2334	 4.5515	 0.0000	 0.1991
1951	08	09	21.0889	 3.6587	 0.0000	 0.1991
1951	08	10	16.5123	 2.8645	 0.0000	 0.1991
1951	08	11	11.7599	 2.0400	 0.0000	 0.1991
1951	08	12	8.3869	 1.4548	 0.0000	 0.1991
1951	08	13	4.8183	 0.8358	 0.0000	 0.1991
1951	08	14	1.1223	 0.1947	 0.0000	 0.1105
1951	08	15	0.0000	 0.0000	 0.0000	 0.0000
1951	08	16	0.0000	 0.0000	 0.0000	 0.0000
1951	08	17	0.0000	 0.0000	 0.0000	 0.0000
1951	08	18	0.0000	 0.0000	 0.0000	 0.0000
1951	08	19	0.0000	 0.0000	 0.0000	 0.0000
1951	08	20	0.0000	 0.0000	 0.0000	 0.0000
1951	08	21	0.0000	 0.0000	 0.0000	 0.0000
1951	08	22	0.0000	 0.0000	 0.0000	 0.0000
1951	08	23	0.0000	 0.0000	 0.0000	 0.0000
1951	08	24	0.0000	 0.0000	 0.0000	 0.0000
1951	08	25	0.0000	 0.0000	 0.0000	 0.0000
1951	08	26	0.0000	 0.0000	 0.0000	 0.0000
1951	08	27	0.0000	 0.0000	 0.0000	 0.0000
1951	08	28	0.0248	 0.0158	 0.0074	 0.0449
1951	08	29	1.5775	 0.8419	 0.5884	 0.2905
1951	08	30	1.5788	 0.8051	 0.0893	 0.2440
1951	08	31	0.0782	 0.0386	 0.0061	 0.0449
1951	09	01	0.0000	 0.0000	 0.0000	 0.0000
1951	09	02	0.0000	 0.0000	 0.0000	 0.0000
1951	09	03	0.0000	 0.0000	 0.0000	 0.0000
1951	09	04	0.0000	 0.0000	 0.0000	 0.0000
1951	09	05	0.0000	 0.0000	 0.0000	 0.0000
1951	09	06	0.0000	 0.0000	 0.0000	 0.0000
1951	09	07	0.0000	 0.0000	 0.0000	 0.0000
1951	09	08	0.0000	 0.0000	 0.0000	 0.0000
1951	09	09	0.0000	 0.0000	 0.0000	 0.0000
1951	09	10	0.0000	 0.0000	 0.0000	 0.0000
1951	09	11	0.0000	 0.0000	 0.0430	 0.0000
1951	09	12	0.0000	 0.0000	 0.0000	 0.0000
1951	09	13	0.0000	 0.0000	 0.0000	 0.0000
1951	09	14	0.0000	 0.0000	 0.0000	 0.0000
1951	09	15	0.0000	 0.0000	 0.0000	 0.0000
1951	09	16	0.0000	 0.0000	 0.0000	 0.0000
1951	09	17	0.0000	 0.0000	 0.0000	 0.0000
1951	09	18	0.0000	 0.0000	 0.0000	 0.0000
1951	09	19	0.0000	 0.0000	 0.0000	 0.0000
1951	09	20	0.0000	 0.0000	 0.0000	 0.0000
1951	09	21	0.0000	 0.0000	 0.0000	 0.0000
1951	09	22	0.0000	 0.0000	 0.0000	 0.0000
1951	09	23	0.0000	 0.0000	 0.0000	 0.0000
1951	09	24	0.0000	 0.0000	 0.0005	 0.0000
1951	09	25	0.0025	 0.0019	 0.3777	 0.0449
1951	09	26	0.0549	 0.0451	 0.1613	 0.2905
1951	09	27	0.0000	 0.0000	 0.0207	 0.0000
1951	09	28	0.0679	 0.0433	 0.0940	 0.2440
1951	09	29	0.0000	 0.0000	 0.0000	 0.0000
1951	09	30	0.0000	 0.0000	 0.0000	 0.0000
1951	10	01	0.0000	 0.0000	 0.0111	 0.0000
1951	10	02	0.1147	 0.0826	 0.0510	 0.2440
1951	10	03	0.0630	 0.0488	 0.1556	 0.1335
1951	10	04	0.0000	 0.0000	 0.0336	 0.0000
1951	10	05	0.0000	 0.0000	 0.0018	 0.0000
1951	10	06	0.0702	 0.0473	 0.0871	 0.2440
1951	10	07	0.0417	 0.0297	 0.0220	 0.2440
1951	10	08	0.0000	 0.0000	 0.0000	 0.0000
1951	10	09	0.0000	 0.0000	 0.0000	 0.0000
1951	10	10	0.0000	 0.0000	 0.0010	 0.0000
1951	10	11	0.0283	 0.0180	 0.0040	 0.0449
1951	10	12	0.0146	 0.0122	 0.1599	 0.2440
1951	10	13	0.0062	 0.0058	 0.2814	 0.2440
1951	10	14	0.0017	 0.0017	 0.2237	 0.2440
1951	10	15	14.5065	 8.5320	 2.4053	 1.0000
1951	10	16	21.9495	 12.5392	 3.0135	 1.0000
1951	10	17	22.1587	 12.1830	 3.0028	 1.0000
1951	10	18	25.1097	 13.1805	 3.1360	 1.0000
1951	10	19	46.3201	 22.4146	 3.0497	 1.0000
1951	10	20	67.9920	 29.8353	 3.1489	 1.0000
1951	10	21	67.7335	 28.4656	 3.0425	 1.0000
1951	10	22	96.8391	 40.0312	 3.2783	 1.0000
1951	10	23	99.4790	 39.4787	 3.2711	 1.0000
1951	10	24	99.4667	 38.2061	 3.2823	 1.0000
1951	10	25	99.7043	 37.3852	 3.2935	 1.0000
1951	10	26	99.7103	 36.6026	 3.3105	 1.0000
1951	10	27	99.7335	 35.8721	 3.3646	 1.0000
1951	10	28	102.9137	 36.5809	 3.3877	 1.0000
1951	10	29	102.5316	 35.7783	 3.1084	 1.0000
1951	10	30	102.4888	 35.2878	 3.1133	 1.0000
1951	10	31	102.4665	 34.8875	 3.1110	 1.0000
1951	11	01	102.6358	 34.7582	 2.8968	 1.0000
1951	11	02	102.7466	 34.4969	 2.8907	 1.0000
1951	11	03	114.4031	 40.9279	 2.9882	 1.0000
1951	11	04	114.3400	 39.9447	 2.9531	 1.0000
1951	11	05	114.3223	 39.1547	 2.9781	 1.0000
1951	11	06	114.3077	 38.4772	 3.0028	 1.0000
1951	11	07	114.3272	 37.9049	 3.0562	 1.0000
1951	11	08	114.8194	 37.5344	 3.1770	 1.0000
1951	11	09	115.4812	 37.2699	 3.2128	 1.0000
1951	11	10	122.0574	 40.1785	 3.2126	 1.0000
1951	11	11	133.7542	 46.8785	 3.1116	 1.0000
1951	11	12	138.3000	 49.0938	 3.0585	 1.0000
1951	11	13	143.9050	 51.9100	 3.0099	 1.0000
1951	11	14	144.0189	 50.7601	 2.9621	 1.0000
1951	11	15	143.9965	 49.8408	 2.9757	 1.0000
1951	11	16	143.8959	 49.0593	 2.9711	 1.0000
1951	11	17	143.7293	 48.3819	 2.9514	 1.0000
1951	11	18	143.6229	 47.7418	 2.9606	 1.0000
1951	11	19	143.4917	 47.0798	 2.9661	 1.0000
1951	11	20	144.1552	 47.0035	 2.9827	 1.0000
1951	11	21	144.7831	 46.9448	 2.9948	 1.0000
1951	11	22	144.7992	 46.4816	 3.0327	 1.0000
1951	11	23	144.8152	 46.0664	 3.0674	 1.0000
1951	11	24	144.8900	 45.6922	 3.0780	 1.0000
1951	11	25	168.4479	 63.8675	 3.0409	 1.0000
1951	11	26	182.2891	 68.2734	 3.3044	 1.0000
1951	11	27	195.7487	 72.6260	 3.2670	 1.0000
1951	11	28	222.0957	 81.9588	 3.2983	 1.0000
1951	11	29	245.9221	 89.5649	 3.2161	 1.0000
1951	11	30	262.6261	 93.7196	 3.1455	 1.0000
1951	12	01	276.4879	 96.0534	 3.1744	 1.0000
1951	12	02	277.2470	 93.0009	 3.1903	 1.0000
1951	12	03	291.6706	 98.8143	 3.1181	 1.0000
1951	12	04	296.7546	 98.8578	 3.0458	 1.0000
1951	12	05	298.1366	 96.9522	 2.8763	 1.0000
1951	12	06	297.9896	 94.9237	 2.8635	 1.0000
1951	12	07	297.9889	 93.6164	 2.8841	 1.0000
1951	12	08	298.0017	 92.4394	 2.9004	 1.0000
1951	12	09	298.0386	 91.3963	 2.9444	 1.0000
1951	12	10	298.0855	 90.3494	 3.0158	 1.0000
1951	12	11	298.1556	 89.0624	 3.1048	 1.0000
1951	12	12	298.1450	 87.6290	 3.1464	 1.0000
1951	12	13	298.1191	 86.6687	 3.1697	 1.0000
1951	12	14	298.1479	 85.9314	 3.1604	 1.0000
1951	12	15	300.9838	 88.2347	 3.1646	 1.0000
1951	12	16	302.1529	 88.2026	 3.1286	 1.0000
1951	12	17	309.2126	 93.0244	 3.0880	 1.0000
1951	12	18	330.1161	 111.4865	 2.9152	 1.0000
1951	12	19	330.3162	 109.0424	 2.8722	 1.0000
1951	12	20	331.1924	 108.4475	 2.8567	 1.0000
1951	12	21	356.7348	 136.4622	 2.8347	 1.0000
1951	12	22	363.5197	 136.3130	 2.6857	 1.0000
1951	12	23	363.4879	 131.4662	 2.7039	 1.0000
1951	12	24	363.5032	 128.0170	 2.7271	 1.0000
1951	12	25	363.5242	 125.1688	 2.7144	 1.0000
1951	12	26	370.8267	 131.7999	 2.6882	 1.0000
1951	12	27	372.7766	 130.6603	 2.6923	 1.0000
1951	12	28	374.3619	 129.0043	 2.7104	 1.0000
1951	12	29	389.3454	 138.5647	 2.5978	 1.0000
1951	12	30	390.9531	 136.3282	 2.5961	 1.0000
1951	12	31	390.9871	 133.6901	 2.5975	 1.0000
