1949	01	01	466.6611	 160.2984	 2.9294	 1.0000
1949	01	02	466.7138	 157.5434	 2.8703	 1.0000
1949	01	03	466.7350	 155.6574	 2.8357	 1.0000
1949	01	04	466.7370	 153.8025	 2.8402	 1.0000
1949	01	05	469.1734	 154.8006	 2.9223	 1.0000
1949	01	06	473.6061	 156.9091	 2.9462	 1.0000
1949	01	07	476.1094	 155.2297	 2.7018	 1.0000
1949	01	08	477.6817	 155.0578	 2.7001	 1.0000
1949	01	09	477.7100	 153.6058	 2.6607	 1.0000
1949	01	10	477.7090	 152.4400	 2.6635	 1.0000
1949	01	11	477.7106	 151.2487	 2.6721	 1.0000
1949	01	12	477.7153	 149.8787	 2.6902	 1.0000
1949	01	13	477.8386	 148.3282	 2.6994	 1.0000
1949	01	14	477.8374	 146.4493	 2.6714	 1.0000
1949	01	15	478.0197	 144.6897	 2.6096	 1.0000
1949	01	16	478.4873	 143.7044	 2.6269	 1.0000
1949	01	17	480.0498	 143.9979	 2.6376	 1.0000
1949	01	18	480.0880	 142.8942	 2.5383	 1.0000
1949	01	19	480.2344	 142.1379	 2.5494	 1.0000
1949	01	20	481.8299	 143.5566	 2.6321	 1.0000
1949	01	21	483.1179	 144.2943	 2.6204	 1.0000
1949	01	22	483.1326	 143.2803	 2.5176	 1.0000
1949	01	23	483.0379	 142.4565	 2.4719	 1.0000
1949	01	24	483.1659	 141.8620	 2.4661	 1.0000
1949	01	25	485.5840	 144.4623	 2.5814	 1.0000
1949	01	26	491.1434	 150.9353	 2.6044	 1.0000
1949	01	27	491.2181	 149.5300	 2.5213	 1.0000
1949	01	28	491.2147	 148.1555	 2.5265	 1.0000
1949	01	29	491.5045	 146.9083	 2.5203	 1.0000
1949	01	30	491.5002	 145.4908	 2.4868	 1.0000
1949	01	31	491.4828	 144.2990	 2.4857	 1.0000
1949	02	01	491.5797	 143.2307	 2.4555	 1.0000
1949	02	02	493.8105	 145.0547	 2.5311	 1.0000
1949	02	03	498.3420	 149.2525	 2.5564	 1.0000
1949	02	04	502.1938	 151.7982	 2.5156	 1.0000
1949	02	05	511.3448	 161.4563	 2.5377	 1.0000
1949	02	06	522.5627	 171.3677	 2.4837	 1.0000
1949	02	07	531.0357	 176.4918	 2.4267	 1.0000
1949	02	08	543.4650	 183.7435	 2.4018	 1.0000
1949	02	09	559.9643	 191.4819	 2.4147	 1.0000
1949	02	10	574.9508	 195.2053	 2.2911	 1.0000
1949	02	11	575.2574	 190.6839	 2.2412	 1.0000
1949	02	12	575.2542	 186.7279	 2.1482	 1.0000
1949	02	13	579.2720	 189.1893	 2.2824	 1.0000
1949	02	14	585.5174	 192.1710	 2.2492	 1.0000
1949	02	15	699.1339	 258.1756	 2.2482	 1.0000
1949	02	16	831.2636	 278.5641	 2.2058	 1.0000
1949	02	17	873.9594	 276.5729	 2.1504	 1.0000
1949	02	18	882.7249	 270.8623	 2.1036	 1.0000
1949	02	19	897.6854	 277.3548	 2.1215	 1.0000
1949	02	20	913.3154	 281.5260	 2.1154	 1.0000
1949	02	21	943.7658	 292.0702	 2.1271	 1.0000
1949	02	22	963.2468	 287.8880	 2.1284	 1.0000
1949	02	23	964.0167	 276.0866	 2.0893	 1.0000
1949	02	24	963.9148	 267.1539	 1.9942	 1.0000
1949	02	25	963.8063	 261.2480	 1.9582	 1.0000
1949	02	26	963.6160	 256.7439	 1.8502	 1.0000
1949	02	27	963.5777	 252.9138	 1.6168	 1.0000
1949	02	28	963.3396	 249.5442	 1.5623	 1.0000
1949	03	01	963.3233	 246.3664	 1.3811	 1.0000
1949	03	02	963.0606	 242.8923	 1.3732	 1.0000
1949	03	03	962.7366	 239.3007	 1.3623	 1.0000
1949	03	04	962.6638	 236.1500	 1.3655	 1.0000
1949	03	05	962.5038	 232.7932	 1.3685	 1.0000
1949	03	06	962.2737	 229.9731	 1.3676	 1.0000
1949	03	07	962.1855	 227.6334	 1.3746	 1.0000
1949	03	08	967.6214	 228.7220	 2.3526	 1.0000
1949	03	09	967.3929	 227.1191	 2.1988	 1.0000
1949	03	10	967.1949	 225.9254	 1.9393	 1.0000
1949	03	11	969.2581	 226.0684	 2.1116	 1.0000
1949	03	12	975.4101	 227.7790	 2.4440	 1.0000
1949	03	13	980.2195	 228.8160	 2.4368	 1.0000
1949	03	14	981.9433	 228.1760	 2.3376	 1.0000
1949	03	15	989.7590	 231.7877	 2.3522	 1.0000
1949	03	16	1004.0667	 237.6275	 2.4144	 1.0000
1949	03	17	1007.3149	 236.9245	 2.4769	 1.0000
1949	03	18	1017.9599	 239.4104	 2.9479	 1.0000
1949	03	19	1031.1694	 243.1966	 3.0773	 1.0000
1949	03	20	1032.6780	 241.8102	 3.0779	 1.0000
1949	03	21	1033.5016	 240.1697	 3.0892	 1.0000
1949	03	22	1033.3460	 238.3885	 2.9185	 1.0000
1949	03	23	1033.1334	 236.7082	 2.7533	 1.0000
1949	03	24	1032.8480	 234.9739	 2.5614	 1.0000
1949	03	25	1036.0845	 235.0880	 2.8624	 1.0000
1949	03	26	1043.0301	 237.7295	 2.8327	 1.0000
1949	03	27	1044.0502	 237.3095	 2.5968	 1.0000
1949	03	28	1043.9755	 236.0268	 2.4156	 1.0000
1949	03	29	1043.9953	 234.5730	 2.3919	 1.0000
1949	03	30	1044.8228	 233.5340	 2.5498	 1.0000
1949	03	31	1044.7566	 232.2454	 2.4168	 1.0000
1949	04	01	1044.7088	 230.8990	 2.3713	 1.0000
1949	04	02	1044.3638	 229.4285	 2.0557	 1.0000
1949	04	03	1044.8781	 228.0787	 1.2447	 1.0000
1949	04	04	1045.2614	 226.6173	 0.4401	 1.0000
1949	04	05	1044.4060	 225.0244	 0.3552	 1.0000
1949	04	06	1043.4654	 223.5327	 0.1886	 1.0000
1949	04	07	1042.5114	 222.0097	 0.0000	 1.0000
1949	04	08	1039.9369	 220.2230	 0.0000	 1.0000
1949	04	09	1037.0760	 218.5023	 0.0000	 1.0000
1949	04	10	1032.7452	 216.4881	 0.0000	 1.0000
1949	04	11	1026.2391	 214.0495	 0.0000	 1.0000
1949	04	12	1019.9701	 211.7931	 0.0000	 1.0000
1949	04	13	1012.0393	 209.2232	 0.0000	 1.0000
1949	04	14	1004.9228	 206.9629	 0.0000	 1.0000
1949	04	15	995.2537	 204.1678	 0.0000	 1.0000
1949	04	16	982.5444	 200.7467	 0.0000	 1.0000
1949	04	17	964.4599	 196.2855	 0.0000	 1.0000
1949	04	18	955.6340	 193.7640	 0.0219	 1.0000
1949	04	19	948.7367	 191.6940	 0.5165	 1.0000
1949	04	20	949.6060	 191.6338	 0.5686	 1.0000
1949	04	21	950.9437	 191.7431	 0.7929	 1.0000
1949	04	22	951.6169	 191.8194	 0.7255	 1.0000
1949	04	23	952.9903	 191.9864	 0.6865	 1.0000
1949	04	24	952.2883	 191.3475	 0.1561	 1.0000
1949	04	25	946.8042	 189.7265	 0.0000	 1.0000
1949	04	26	936.8161	 187.1673	 0.0000	 1.0000
1949	04	27	915.8249	 182.4129	 0.0000	 1.0000
1949	04	28	905.5416	 179.8282	 0.0158	 1.0000
1949	04	29	903.4991	 178.9895	 0.0284	 1.0000
1949	04	30	908.1045	 180.4375	 1.0826	 1.0000
1949	05	01	912.8943	 182.0811	 1.8501	 1.0000
1949	05	02	912.6300	 181.5484	 0.4774	 1.0000
1949	05	03	910.6715	 180.7555	 0.2829	 1.0000
1949	05	04	905.4869	 179.3000	 0.0000	 1.0000
1949	05	05	893.7512	 176.5310	 0.0000	 1.0000
1949	05	06	878.3262	 173.0198	 0.0000	 1.0000
1949	05	07	856.7927	 168.3182	 0.0000	 1.0000
1949	05	08	829.4356	 162.5039	 0.0000	 1.0000
1949	05	09	798.5578	 156.0385	 0.0000	 0.9954
1949	05	10	767.7371	 149.6329	 0.0000	 0.9909
1949	05	11	736.1028	 143.1197	 0.0000	 0.9602
1949	05	12	703.8105	 136.5350	 0.0000	 0.9602
1949	05	13	672.3614	 130.1509	 0.0000	 0.9602
1949	05	14	639.4635	 123.5228	 0.0000	 0.9602
1949	05	15	607.7200	 117.1371	 0.0000	 0.9602
1949	05	16	582.1003	 111.9572	 0.0000	 0.9514
1949	05	17	572.9313	 110.0386	 0.1741	 0.9514
1949	05	18	561.4230	 107.7165	 0.0000	 0.9216
1949	05	19	551.5539	 105.6732	 0.0639	 0.9216
1949	05	20	542.4637	 103.9117	 0.0000	 0.9216
1949	05	21	525.7546	 100.5352	 0.0000	 0.9216
1949	05	22	512.3531	 97.8019	 0.0000	 0.9172
1949	05	23	493.4667	 94.0271	 0.0000	 0.9172
1949	05	24	475.4124	 90.4243	 0.0000	 0.9128
1949	05	25	447.9418	 85.0475	 0.0000	 0.8830
1949	05	26	425.7959	 80.7044	 0.0000	 0.8830
1949	05	27	402.2874	 76.1141	 0.0000	 0.8330
1949	05	28	389.0127	 73.4964	 0.0000	 0.6668
1949	05	29	379.2049	 71.5538	 0.0000	 0.6580
1949	05	30	368.8294	 69.5242	 0.0000	 0.6580
1949	05	31	360.8398	 68.0278	 0.2478	 0.7054
1949	06	01	356.4527	 67.1632	 0.0000	 0.6283
1949	06	02	347.2567	 65.3606	 0.0000	 0.6283
1949	06	03	336.9534	 63.3603	 0.0000	 0.6283
1949	06	04	321.2252	 60.3414	 0.0000	 0.6283
1949	06	05	305.7455	 57.3770	 0.0000	 0.6283
1949	06	06	282.0531	 52.8792	 0.0000	 0.6283
1949	06	07	265.8545	 49.7959	 0.0000	 0.6283
1949	06	08	251.7357	 47.1088	 0.0000	 0.6283
1949	06	09	234.0860	 43.7657	 0.0000	 0.6283
1949	06	10	217.8979	 40.7018	 0.0000	 0.6283
1949	06	11	206.2501	 38.4916	 0.0000	 0.6283
1949	06	12	194.1766	 36.2055	 0.0000	 0.6283
1949	06	13	181.3858	 33.7879	 0.0000	 0.6283
1949	06	14	172.2230	 32.0561	 0.0000	 0.4188
1949	06	15	168.3225	 31.3243	 0.0321	 0.4188
1949	06	16	167.8032	 31.3090	 0.4471	 0.4574
1949	06	17	167.2755	 31.2676	 0.2613	 0.4486
1949	06	18	164.8330	 30.9011	 0.0000	 0.4188
1949	06	19	159.8264	 29.9404	 0.0000	 0.4188
1949	06	20	154.3332	 28.8882	 0.0025	 0.4188
1949	06	21	148.8949	 27.8493	 0.0000	 0.4188
1949	06	22	142.6437	 26.6580	 0.0000	 0.4188
1949	06	23	136.4354	 25.4770	 0.0000	 0.4188
1949	06	24	129.9354	 24.2429	 0.0000	 0.4188
1949	06	25	126.2178	 23.5331	 0.0000	 0.4188
1949	06	26	122.7621	 22.8725	 0.0000	 0.4188
1949	06	27	118.1456	 21.9967	 0.0000	 0.4188
1949	06	28	113.6225	 21.1387	 0.0000	 0.4188
1949	06	29	110.1888	 20.4852	 0.0000	 0.4188
1949	06	30	102.8952	 19.1107	 0.0000	 0.4188
1949	07	01	95.7496	 17.7642	 0.0000	 0.4188
1949	07	02	87.0148	 16.1213	 0.0000	 0.4188
1949	07	03	77.7439	 14.3799	 0.0000	 0.2579
1949	07	04	72.1199	 13.3287	 0.0000	 0.2579
1949	07	05	68.0301	 12.5669	 0.0000	 0.2094
1949	07	06	63.2492	 11.6787	 0.0000	 0.2094
1949	07	07	58.2959	 10.7599	 0.0000	 0.2094
1949	07	08	53.5126	 9.8735	 0.0000	 0.2094
1949	07	09	47.8884	 8.8329	 0.0000	 0.2094
1949	07	10	41.4968	 7.6518	 0.0000	 0.2094
1949	07	11	35.1452	 6.4790	 0.0000	 0.2094
1949	07	12	28.7930	 5.3069	 0.0000	 0.2094
1949	07	13	21.6827	 3.9957	 0.0000	 0.2094
1949	07	14	14.3884	 2.6512	 0.0000	 0.2094
1949	07	15	7.4680	 1.3759	 0.0000	 0.2094
1949	07	16	3.3534	 0.6178	 0.0000	 0.2094
1949	07	17	1.6760	 0.3167	 0.0000	 0.0485
1949	07	18	0.8186	 0.1651	 0.0000	 0.0485
1949	07	19	0.3582	 0.0728	 0.0000	 0.0485
1949	07	20	0.0000	 0.0000	 0.0000	 0.0000
1949	07	21	0.0000	 0.0000	 0.0000	 0.0000
1949	07	22	0.0000	 0.0000	 0.0000	 0.0000
1949	07	23	0.0000	 0.0000	 0.0000	 0.0000
1949	07	24	0.0000	 0.0000	 0.0000	 0.0000
1949	07	25	0.0000	 0.0000	 0.0000	 0.0000
1949	07	26	0.0000	 0.0000	 0.0000	 0.0000
1949	07	27	0.0000	 0.0000	 0.0000	 0.0000
1949	07	28	0.0000	 0.0000	 0.0000	 0.0000
1949	07	29	0.0000	 0.0000	 0.0000	 0.0000
1949	07	30	0.0000	 0.0000	 0.0000	 0.0000
1949	07	31	0.0000	 0.0000	 0.0000	 0.0000
1949	08	01	0.0000	 0.0000	 0.0000	 0.0000
1949	08	02	0.0000	 0.0000	 0.0000	 0.0000
1949	08	03	0.0000	 0.0000	 0.0000	 0.0000
1949	08	04	0.0000	 0.0000	 0.0000	 0.0000
1949	08	05	0.0000	 0.0000	 0.0000	 0.0000
1949	08	06	0.0000	 0.0000	 0.0000	 0.0000
1949	08	07	0.0000	 0.0000	 0.0000	 0.0000
1949	08	08	0.0000	 0.0000	 0.0000	 0.0000
1949	08	09	0.0000	 0.0000	 0.0000	 0.0000
1949	08	10	0.0000	 0.0000	 0.0000	 0.0000
1949	08	11	0.0000	 0.0000	 0.0000	 0.0000
1949	08	12	0.0000	 0.0000	 0.0000	 0.0000
1949	08	13	0.0000	 0.0000	 0.0000	 0.0000
1949	08	14	0.0000	 0.0000	 0.0000	 0.0000
1949	08	15	0.0000	 0.0000	 0.0000	 0.0000
1949	08	16	0.0000	 0.0000	 0.0000	 0.0000
1949	08	17	0.0000	 0.0000	 0.0000	 0.0000
1949	08	18	0.0000	 0.0000	 0.0000	 0.0000
1949	08	19	0.0000	 0.0000	 0.0000	 0.0000
1949	08	20	0.0000	 0.0000	 0.0000	 0.0000
1949	08	21	0.0000	 0.0000	 0.0000	 0.0000
1949	08	22	0.0000	 0.0000	 0.0000	 0.0000
1949	08	23	0.0000	 0.0000	 0.0000	 0.0000
1949	08	24	0.0000	 0.0000	 0.0000	 0.0000
1949	08	25	0.0000	 0.0000	 0.0848	 0.0000
1949	08	26	0.0044	 0.0028	 0.0067	 0.0044
1949	08	27	0.0000	 0.0000	 0.0000	 0.0000
1949	08	28	0.0000	 0.0000	 0.0000	 0.0000
1949	08	29	0.0000	 0.0000	 0.0000	 0.0000
1949	08	30	0.0000	 0.0000	 0.0000	 0.0000
1949	08	31	0.0000	 0.0000	 0.0000	 0.0000
1949	09	01	0.0000	 0.0000	 0.0000	 0.0000
1949	09	02	0.0000	 0.0000	 0.0000	 0.0000
1949	09	03	0.0000	 0.0000	 0.0000	 0.0000
1949	09	04	0.0000	 0.0000	 0.0000	 0.0000
1949	09	05	0.0000	 0.0000	 0.0000	 0.0000
1949	09	06	0.0000	 0.0000	 0.0000	 0.0000
1949	09	07	0.0000	 0.0000	 0.0000	 0.0000
1949	09	08	0.0000	 0.0000	 0.0000	 0.0000
1949	09	09	0.0000	 0.0000	 0.0000	 0.0000
1949	09	10	0.0000	 0.0000	 0.0000	 0.0000
1949	09	11	0.0000	 0.0000	 0.0000	 0.0000
1949	09	12	0.0000	 0.0000	 0.0000	 0.0000
1949	09	13	0.1375	 0.1048	 0.1155	 0.2866
1949	09	14	0.0448	 0.0303	 0.1261	 0.0386
1949	09	15	1.1060	 0.6568	 0.6538	 0.5346
1949	09	16	0.3046	 0.1687	 0.1129	 0.2392
1949	09	17	0.0000	 0.0000	 0.0000	 0.0000
1949	09	18	0.0015	 0.0010	 0.0165	 0.0386
1949	09	19	0.0001	 0.0001	 0.0471	 0.0298
1949	09	20	0.0000	 0.0000	 0.0000	 0.0000
1949	09	21	0.0000	 0.0000	 0.0000	 0.0000
1949	09	22	0.0000	 0.0000	 0.0000	 0.0000
1949	09	23	0.0000	 0.0000	 0.0000	 0.0000
1949	09	24	0.0000	 0.0000	 0.0000	 0.0000
1949	09	25	0.0000	 0.0000	 0.0000	 0.0000
1949	09	26	0.0000	 0.0000	 0.0000	 0.0000
1949	09	27	0.0000	 0.0000	 0.0000	 0.0000
1949	09	28	0.0000	 0.0000	 0.0000	 0.0000
1949	09	29	0.0000	 0.0000	 0.0000	 0.0000
1949	09	30	0.0000	 0.0000	 0.0000	 0.0000
1949	10	01	0.0000	 0.0000	 0.0000	 0.0000
1949	10	02	0.0000	 0.0000	 0.0000	 0.0000
1949	10	03	0.0356	 0.0248	 0.0351	 0.2480
1949	10	04	0.0112	 0.0100	 0.3184	 0.4960
1949	10	05	0.0000	 0.0000	 0.2025	 0.0000
1949	10	06	0.0000	 0.0000	 0.0805	 0.0000
1949	10	07	0.0000	 0.0000	 0.0000	 0.0000
1949	10	08	1.8909	 1.5506	 1.5189	 0.7440
1949	10	09	4.3764	 2.7079	 1.4669	 0.7440
1949	10	10	3.9446	 2.4143	 1.2810	 0.5445
1949	10	11	3.5978	 2.1462	 1.0058	 0.4960
1949	10	12	3.2769	 1.9140	 0.8478	 0.4574
1949	10	13	2.8851	 1.6628	 0.7406	 0.4574
1949	10	14	2.6041	 1.4392	 0.5293	 0.4089
1949	10	15	1.8754	 1.0435	 0.4436	 0.2480
1949	10	16	1.7786	 0.9768	 0.4222	 0.2480
1949	10	17	1.7442	 0.9471	 0.4059	 0.2138
1949	10	18	1.7124	 0.9205	 0.3792	 0.2094
1949	10	19	1.6854	 0.8977	 0.3322	 0.2094
1949	10	20	1.4899	 0.7852	 0.3094	 0.2094
1949	10	21	1.2727	 0.6637	 0.2747	 0.2094
1949	10	22	1.0474	 0.5405	 0.2549	 0.2094
1949	10	23	1.1306	 0.5782	 0.0715	 0.1609
1949	10	24	0.2378	 0.1208	 0.0000	 0.1609
1949	10	25	0.0000	 0.0000	 0.0000	 0.0000
1949	10	26	0.2094	 0.1629	 0.1992	 0.4960
1949	10	27	11.7811	 6.3587	 2.0943	 1.0000
1949	10	28	25.4250	 11.9681	 3.0989	 0.7838
1949	10	29	25.3101	 11.5853	 2.8076	 0.7747
1949	10	30	25.1833	 11.2691	 2.7588	 0.7440
1949	10	31	25.1071	 11.0082	 2.7028	 0.7440
1949	11	01	25.0204	 10.7735	 2.6693	 0.7440
1949	11	02	24.8097	 10.4831	 2.5875	 0.7440
1949	11	03	24.5300	 10.1850	 2.5003	 0.7440
1949	11	04	24.1563	 9.8684	 2.4204	 0.7440
1949	11	05	23.6947	 9.5342	 2.3089	 0.7440
1949	11	06	23.3757	 9.2805	 2.2250	 0.7440
1949	11	07	23.6523	 9.3778	 2.2723	 0.7440
1949	11	08	29.5641	 12.5643	 3.2875	 1.0000
1949	11	09	37.3653	 16.4964	 3.5311	 1.0000
1949	11	10	57.6396	 25.9420	 4.1841	 1.0000
1949	11	11	100.5640	 41.8085	 4.2438	 1.0000
1949	11	12	123.9549	 48.1269	 4.2616	 1.0000
1949	11	13	138.6217	 50.9033	 4.3369	 1.0000
1949	11	14	144.8334	 51.2701	 4.5936	 1.0000
1949	11	15	144.7703	 49.9500	 4.6101	 1.0000
1949	11	16	144.6906	 48.7923	 4.5542	 1.0000
1949	11	17	144.6202	 47.8558	 4.5309	 1.0000
1949	11	18	144.6260	 47.0546	 4.5532	 1.0000
1949	11	19	144.5986	 46.2982	 4.5471	 1.0000
1949	11	20	144.5518	 45.7573	 4.5281	 1.0000
1949	11	21	149.1655	 48.8852	 4.5195	 1.0000
1949	11	22	159.8201	 55.0481	 4.4861	 1.0000
1949	11	23	185.8064	 67.9174	 4.4495	 1.0000
1949	11	24	215.0902	 77.7718	 4.7097	 1.0000
1949	11	25	243.4323	 84.7623	 5.1504	 1.0000
1949	11	26	309.9943	 105.0667	 4.9201	 1.0000
1949	11	27	379.5204	 124.3476	 5.0535	 1.0000
1949	11	28	395.9622	 125.8057	 5.0193	 1.0000
1949	11	29	402.5230	 124.6348	 5.1121	 1.0000
1949	11	30	410.6458	 124.8817	 5.1086	 1.0000
1949	12	01	431.0270	 131.3043	 4.9125	 1.0000
1949	12	02	448.4241	 136.7981	 4.8160	 1.0000
1949	12	03	453.9538	 137.7671	 4.8295	 1.0000
1949	12	04	462.7513	 140.8876	 4.7710	 1.0000
1949	12	05	462.9385	 138.0547	 4.6666	 1.0000
1949	12	06	462.9361	 135.9981	 4.7035	 1.0000
1949	12	07	462.9538	 134.1005	 4.7142	 1.0000
1949	12	08	463.3832	 133.0903	 4.7162	 1.0000
1949	12	09	464.1463	 132.3950	 4.6332	 1.0000
1949	12	10	464.1251	 131.1818	 4.6414	 1.0000
1949	12	11	464.1267	 130.2913	 4.6563	 1.0000
1949	12	12	464.1173	 129.2720	 4.6532	 1.0000
1949	12	13	464.1553	 128.3001	 4.6802	 1.0000
1949	12	14	467.7374	 130.4212	 4.6620	 1.0000
1949	12	15	472.4728	 133.1355	 4.6019	 1.0000
1949	12	16	476.9450	 136.2136	 4.5968	 1.0000
1949	12	17	482.9672	 140.5056	 4.4864	 1.0000
1949	12	18	488.2886	 144.7100	 4.4104	 1.0000
1949	12	19	488.8263	 144.1529	 4.3995	 1.0000
1949	12	20	489.3491	 143.7336	 4.3913	 1.0000
1949	12	21	500.2162	 154.9796	 4.3987	 1.0000
1949	12	22	510.0941	 158.9800	 4.3241	 1.0000
1949	12	23	520.8709	 161.8677	 4.1872	 1.0000
1949	12	24	526.8679	 163.9397	 4.0299	 1.0000
1949	12	25	537.4427	 170.7479	 3.9573	 1.0000
1949	12	26	550.4719	 175.8850	 3.8907	 1.0000
1949	12	27	593.3066	 190.9759	 3.7521	 1.0000
1949	12	28	601.7897	 185.4106	 3.5953	 1.0000
1949	12	29	603.4371	 180.1643	 3.3526	 1.0000
1949	12	30	610.3762	 183.0548	 3.3306	 1.0000
1949	12	31	615.2225	 185.1288	 3.2315	 1.0000
1950	01	01	618.9115	 187.3509	 3.1846	 1.0000
1950	01	02	618.9347	 185.3509	 3.1446	 1.0000
1950	01	03	618.9379	 184.0879	 3.1253	 1.0000
1950	01	04	622.5217	 187.8053	 3.1903	 1.0000
1950	01	05	634.1790	 201.4283	 3.1995	 1.0000
1950	01	06	645.6698	 211.8287	 3.2008	 1.0000
1950	01	07	646.5657	 207.1582	 3.1332	 1.0000
1950	01	08	648.1139	 204.1987	 3.1419	 1.0000
1950	01	09	662.7715	 215.9041	 3.1609	 1.0000
1950	01	10	683.7169	 229.0499	 3.0436	 1.0000
1950	01	11	685.9391	 224.6927	 2.9819	 1.0000
1950	01	12	688.6555	 223.1027	 2.9144	 1.0000
1950	01	13	690.3862	 221.8936	 2.9123	 1.0000
1950	01	14	692.3066	 222.0388	 2.9204	 1.0000
1950	01	15	711.4817	 243.1348	 2.9233	 1.0000
1950	01	16	711.5213	 238.5389	 2.8865	 1.0000
1950	01	17	711.5175	 234.4573	 2.8893	 1.0000
1950	01	18	726.0759	 248.3655	 2.9277	 1.0000
1950	01	19	765.9041	 285.6938	 2.9146	 1.0000
1950	01	20	789.4856	 290.5426	 2.9051	 1.0000
1950	01	21	812.3377	 281.1193	 2.9178	 1.0000
1950	01	22	834.3676	 270.5395	 2.8155	 1.0000
1950	01	23	837.4936	 261.3539	 2.6881	 1.0000
1950	01	24	837.6765	 257.2774	 2.5363	 1.0000
1950	01	25	842.0704	 260.6948	 2.6416	 1.0000
1950	01	26	847.2936	 263.9973	 2.6302	 1.0000
1950	01	27	847.7846	 261.2547	 2.6316	 1.0000
1950	01	28	847.8536	 258.1480	 2.5484	 1.0000
1950	01	29	847.8440	 255.7412	 2.5466	 1.0000
1950	01	30	847.8167	 253.6268	 2.5323	 1.0000
1950	01	31	847.8082	 251.5685	 2.5313	 1.0000
1950	02	01	847.8078	 249.5790	 2.5256	 1.0000
1950	02	02	847.7588	 247.1785	 2.5181	 1.0000
1950	02	03	862.2518	 263.1349	 2.6452	 1.0000
1950	02	04	876.5827	 274.4403	 2.6346	 1.0000
1950	02	05	892.4395	 282.4680	 2.6537	 1.0000
1950	02	06	908.6324	 281.2721	 2.6526	 1.0000
1950	02	07	926.6514	 278.2610	 2.6490	 1.0000
1950	02	08	937.1539	 272.3271	 2.6033	 1.0000
1950	02	09	938.2876	 264.7600	 2.5573	 1.0000
1950	02	10	938.5677	 259.8215	 2.5402	 1.0000
1950	02	11	940.7173	 256.0374	 2.5548	 1.0000
1950	02	12	961.2389	 262.9801	 2.6292	 1.0000
1950	02	13	977.4787	 264.4796	 2.6163	 1.0000
1950	02	14	982.5421	 260.5157	 2.6058	 1.0000
1950	02	15	986.6801	 256.8760	 2.5741	 1.0000
1950	02	16	987.9109	 252.6810	 2.5803	 1.0000
1950	02	17	987.9709	 249.1378	 2.5261	 1.0000
1950	02	18	987.8677	 245.5018	 2.4883	 1.0000
1950	02	19	987.7979	 242.3579	 2.4802	 1.0000
1950	02	20	987.7408	 239.9677	 2.4872	 1.0000
1950	02	21	987.8276	 237.8151	 2.4669	 1.0000
1950	02	22	1002.6145	 244.1994	 2.9468	 1.0000
1950	02	23	1042.7821	 264.4125	 3.2726	 1.0000
1950	02	24	1076.6919	 277.6205	 3.1800	 1.0000
1950	02	25	1092.1412	 279.1845	 3.1250	 1.0000
1950	02	26	1095.7713	 275.4028	 3.1951	 1.0000
1950	02	27	1095.5787	 271.5873	 3.0522	 1.0000
1950	02	28	1095.4989	 268.7853	 3.0368	 1.0000
1950	03	01	1095.2637	 266.2549	 2.9138	 1.0000
1950	03	02	1095.9188	 264.0300	 2.9872	 1.0000
1950	03	03	1108.0853	 265.7060	 3.7224	 1.0000
1950	03	04	1136.0790	 272.1220	 3.9637	 1.0000
1950	03	05	1143.9898	 271.6665	 4.2234	 1.0000
1950	03	06	1143.3123	 268.1205	 3.8427	 1.0000
1950	03	07	1146.9962	 267.7725	 4.3257	 1.0000
1950	03	08	1149.6796	 267.0948	 4.3271	 1.0000
1950	03	09	1151.6880	 265.9902	 4.2693	 1.0000
1950	03	10	1152.5448	 264.3458	 4.2569	 1.0000
1950	03	11	1152.3538	 262.5881	 4.1558	 1.0000
1950	03	12	1152.5652	 261.6100	 4.1428	 1.0000
1950	03	13	1152.5671	 260.2306	 4.1475	 1.0000
1950	03	14	1152.5458	 258.6191	 4.1551	 1.0000
1950	03	15	1164.9531	 262.7125	 4.2659	 1.0000
1950	03	16	1186.6663	 270.0431	 4.2861	 1.0000
1950	03	17	1202.6188	 274.2672	 4.2078	 1.0000
1950	03	18	1230.9186	 285.3230	 4.1744	 1.0000
1950	03	19	1245.1374	 291.3761	 4.0095	 1.0000
1950	03	20	1248.6130	 291.1010	 4.0534	 1.0000
1950	03	21	1254.3791	 290.9154	 4.0211	 1.0000
1950	03	22	1265.4642	 293.1137	 4.1293	 1.0000
1950	03	23	1279.5804	 298.2904	 4.1138	 1.0000
1950	03	24	1284.2991	 297.5055	 4.1375	 1.0000
1950	03	25	1284.2216	 294.7157	 4.0703	 1.0000
1950	03	26	1289.3457	 294.9186	 4.1760	 1.0000
1950	03	27	1292.9059	 294.0577	 4.0084	 1.0000
1950	03	28	1292.6087	 291.7278	 3.7364	 1.0000
1950	03	29	1295.8785	 291.7577	 3.8930	 1.0000
1950	03	30	1297.1517	 290.0903	 3.9552	 1.0000
1950	03	31	1302.7610	 290.7112	 4.0888	 1.0000
1950	04	01	1304.9576	 289.4514	 3.9852	 1.0000
1950	04	02	1304.6721	 287.2430	 3.8097	 1.0000
1950	04	03	1304.2278	 285.1880	 3.5417	 1.0000
1950	04	04	1303.9712	 283.4665	 3.3499	 1.0000
1950	04	05	1306.3783	 283.1861	 3.9456	 1.0000
1950	04	06	1315.0308	 285.8258	 4.2959	 1.0000
1950	04	07	1317.3757	 285.5786	 4.4966	 1.0000
1950	04	08	1318.7494	 284.4454	 4.6274	 1.0000
1950	04	09	1318.4796	 282.6988	 4.4507	 1.0000
1950	04	10	1319.1212	 281.0630	 3.6857	 1.0000
1950	04	11	1319.7733	 279.6209	 3.4174	 1.0000
1950	04	12	1321.5630	 278.6262	 3.2462	 1.0000
1950	04	13	1321.7079	 277.1954	 2.6297	 1.0000
1950	04	14	1330.8063	 279.6298	 3.1868	 1.0000
1950	04	15	1339.1071	 281.3593	 3.8223	 1.0000
1950	04	16	1342.7656	 281.5540	 4.2280	 1.0000
1950	04	17	1342.5127	 280.1771	 3.9645	 1.0000
1950	04	18	1343.1972	 279.0314	 2.9862	 1.0000
1950	04	19	1345.1375	 277.8758	 0.5433	 1.0000
1950	04	20	1345.2617	 276.3223	 0.0000	 1.0000
1950	04	21	1349.1369	 276.3360	 1.1309	 1.0000
1950	04	22	1351.4453	 276.4918	 1.7647	 1.0000
1950	04	23	1351.0703	 275.4288	 1.1827	 1.0000
1950	04	24	1351.4387	 274.4348	 0.6370	 1.0000
1950	04	25	1350.6641	 273.1606	 0.3863	 1.0000
1950	04	26	1350.6738	 272.2813	 0.4219	 1.0000
1950	04	27	1351.6119	 271.6830	 0.7276	 1.0000
1950	04	28	1352.9068	 271.1287	 0.7178	 1.0000
1950	04	29	1353.5873	 270.2666	 0.3467	 1.0000
1950	04	30	1366.6053	 273.9169	 0.7984	 1.0000
1950	05	01	1380.9271	 276.4655	 1.0108	 1.0000
1950	05	02	1388.3895	 277.8303	 2.1557	 1.0000
1950	05	03	1393.9701	 278.5975	 1.9734	 1.0000
1950	05	04	1394.9645	 277.9083	 1.7896	 1.0000
1950	05	05	1394.2002	 276.8422	 1.2823	 1.0000
1950	05	06	1392.0438	 275.3898	 0.6066	 1.0000
1950	05	07	1389.1315	 273.8236	 0.0673	 1.0000
1950	05	08	1383.2174	 271.6578	 0.0000	 1.0000
1950	05	09	1375.0009	 269.0334	 0.0000	 1.0000
1950	05	10	1364.7077	 266.0564	 0.0000	 1.0000
1950	05	11	1349.1358	 262.1259	 0.0000	 1.0000
1950	05	12	1328.7555	 257.3331	 0.0000	 1.0000
1950	05	13	1310.0738	 252.9216	 0.0000	 1.0000
1950	05	14	1291.7223	 248.6366	 0.0000	 1.0000
1950	05	15	1274.4187	 244.6003	 0.0000	 1.0000
1950	05	16	1253.6454	 239.9699	 0.0000	 1.0000
1950	05	17	1236.5706	 236.0693	 0.0000	 1.0000
1950	05	18	1227.4934	 233.7736	 0.0000	 1.0000
1950	05	19	1211.9944	 230.2755	 0.0000	 1.0000
1950	05	20	1189.8124	 225.5064	 0.0000	 1.0000
1950	05	21	1163.8226	 220.0557	 0.0000	 1.0000
1950	05	22	1145.2263	 216.0524	 0.0000	 1.0000
1950	05	23	1128.8761	 212.5420	 0.0000	 1.0000
1950	05	24	1109.2944	 208.4424	 0.0000	 1.0000
1950	05	25	1082.8523	 203.0568	 0.0000	 0.9954
1950	05	26	1050.0440	 196.4987	 0.0000	 0.9909
1950	05	27	1020.7069	 190.6237	 0.0000	 0.9602
1950	05	28	1004.1682	 187.1989	 0.0000	 0.9602
1950	05	29	989.9805	 184.2269	 0.0000	 0.9602
1950	05	30	971.0039	 180.3953	 0.0000	 0.9602
1950	05	31	945.3341	 175.3247	 0.0000	 0.9602
1950	06	01	915.1311	 169.4184	 0.0000	 0.9558
1950	06	02	892.2796	 164.9097	 0.0000	 0.9514
1950	06	03	863.0498	 159.2420	 0.0000	 0.9216
1950	06	04	835.2378	 153.8602	 0.0000	 0.9216
1950	06	05	823.7207	 151.5334	 0.1092	 0.9216
1950	06	06	817.8308	 150.3525	 0.1704	 0.9216
1950	06	07	812.2940	 149.3132	 0.3369	 0.9216
1950	06	08	806.6519	 148.3656	 0.5365	 0.9602
1950	06	09	794.0277	 145.8931	 0.0905	 0.9216
1950	06	10	780.8845	 143.2445	 0.0060	 0.9128
1950	06	11	760.2534	 139.2550	 0.0000	 0.9128
1950	06	12	736.1514	 134.5994	 0.0000	 0.8830
1950	06	13	713.7234	 130.3088	 0.0000	 0.8830
1950	06	14	690.6363	 125.9162	 0.0000	 0.8830
1950	06	15	666.6162	 121.3747	 0.0000	 0.8830
1950	06	16	644.2319	 117.1677	 0.0000	 0.8830
1950	06	17	619.3752	 112.4906	 0.0000	 0.8830
1950	06	18	596.1875	 108.1292	 0.0144	 0.8830
1950	06	19	568.9374	 103.0457	 0.0000	 0.7169
1950	06	20	542.7572	 98.1724	 0.0000	 0.6668
1950	06	21	525.2472	 94.8701	 0.0000	 0.6624
1950	06	22	516.2900	 93.1490	 0.0026	 0.6624
1950	06	23	508.9959	 91.7379	 0.0000	 0.6580
1950	06	24	500.6153	 90.1299	 0.0000	 0.6283
1950	06	25	490.8041	 88.2858	 0.0000	 0.6283
1950	06	26	476.7139	 85.6753	 0.0000	 0.6283
1950	06	27	459.9626	 82.5921	 0.0000	 0.6283
1950	06	28	437.8363	 78.5514	 0.0000	 0.6283
1950	06	29	416.9667	 74.7445	 0.0000	 0.6283
1950	06	30	396.8359	 71.0776	 0.0000	 0.6283
1950	07	01	377.5848	 67.5753	 0.0000	 0.6283
1950	07	02	358.3155	 64.0757	 0.0000	 0.6283
1950	07	03	336.6503	 60.1530	 0.0000	 0.6283
1950	07	04	313.9274	 56.0469	 0.0000	 0.6283
1950	07	05	292.8092	 52.2336	 0.0000	 0.6283
1950	07	06	273.1261	 48.6819	 0.0000	 0.6283
1950	07	07	257.9278	 45.9360	 0.0078	 0.6283
1950	07	08	246.0067	 43.7992	 0.0000	 0.6283
1950	07	09	236.4077	 42.0635	 0.0081	 0.4673
1950	07	10	229.6044	 40.8295	 0.0000	 0.4673
1950	07	11	220.4401	 39.1748	 0.0000	 0.4673
1950	07	12	211.0472	 37.4817	 0.0000	 0.4673
1950	07	13	193.2712	 34.3021	 0.0000	 0.4188
1950	07	14	182.9434	 32.4504	 0.0000	 0.4188
1950	07	15	176.8838	 31.3622	 0.0000	 0.4188
1950	07	16	168.4069	 29.8424	 0.0000	 0.4188
1950	07	17	159.4198	 28.2480	 0.0000	 0.4188
1950	07	18	147.9771	 26.2600	 0.0000	 0.4188
1950	07	19	139.6959	 24.7740	 0.0374	 0.4574
1950	07	20	126.3191	 22.3875	 0.0000	 0.4188
1950	07	21	116.0122	 20.5407	 0.0000	 0.4188
1950	07	22	103.9389	 18.3807	 0.0000	 0.4188
1950	07	23	95.2927	 16.8467	 0.0000	 0.2579
1950	07	24	87.3851	 15.4419	 0.0000	 0.2579
1950	07	25	80.1347	 14.1544	 0.0000	 0.2579
1950	07	26	73.1610	 12.9170	 0.0000	 0.2094
1950	07	27	68.1327	 12.0257	 0.0000	 0.2094
1950	07	28	64.3098	 11.3593	 0.0000	 0.2094
1950	07	29	61.5150	 10.8630	 0.0000	 0.2094
1950	07	30	58.3783	 10.3065	 0.0000	 0.2094
1950	07	31	54.0862	 9.5464	 0.0000	 0.2094
1950	08	01	47.7354	 8.4234	 0.0000	 0.2094
1950	08	02	43.4691	 7.6689	 0.0000	 0.2094
1950	08	03	40.0998	 7.0731	 0.0000	 0.2094
1950	08	04	37.0060	 6.5261	 0.0000	 0.2094
1950	08	05	34.1139	 6.0150	 0.0000	 0.2094
1950	08	06	30.1690	 5.3183	 0.0000	 0.2094
1950	08	07	24.9347	 4.3945	 0.0000	 0.2094
1950	08	08	20.8965	 3.6818	 0.0000	 0.2094
1950	08	09	16.6503	 2.9327	 0.0000	 0.2094
1950	08	10	11.4551	 2.0163	 0.0000	 0.2094
1950	08	11	6.2216	 1.0932	 0.0000	 0.2094
1950	08	12	4.0579	 0.7123	 0.0000	 0.0485
1950	08	13	3.2183	 0.5677	 0.0000	 0.0485
1950	08	14	2.0902	 0.3687	 0.0000	 0.0485
1950	08	15	1.2563	 0.2308	 0.0001	 0.0871
1950	08	16	0.0985	 0.0174	 0.0000	 0.0485
1950	08	17	0.0000	 0.0000	 0.0000	 0.0000
1950	08	18	0.0000	 0.0000	 0.0000	 0.0000
1950	08	19	0.0000	 0.0000	 0.0000	 0.0000
1950	08	20	0.0000	 0.0000	 0.0000	 0.0000
1950	08	21	0.0000	 0.0000	 0.0000	 0.0000
1950	08	22	0.0000	 0.0000	 0.0000	 0.0000
1950	08	23	0.0000	 0.0000	 0.0000	 0.0000
1950	08	24	0.0000	 0.0000	 0.0000	 0.0000
1950	08	25	0.0000	 0.0000	 0.0000	 0.0000
1950	08	26	0.0000	 0.0000	 0.0000	 0.0000
1950	08	27	0.0000	 0.0000	 0.0000	 0.0000
1950	08	28	0.0000	 0.0000	 0.0000	 0.0000
1950	08	29	0.0000	 0.0000	 0.0000	 0.0000
1950	08	30	0.0000	 0.0000	 0.0000	 0.0000
1950	08	31	0.0000	 0.0000	 0.0000	 0.0000
1950	09	01	0.0000	 0.0000	 0.0000	 0.0000
1950	09	02	0.0000	 0.0000	 0.0000	 0.0000
1950	09	03	0.0000	 0.0000	 0.0000	 0.0000
1950	09	04	0.0000	 0.0000	 0.0000	 0.0000
1950	09	05	0.0000	 0.0000	 0.0000	 0.0000
1950	09	06	0.0000	 0.0000	 0.0000	 0.0000
1950	09	07	0.0000	 0.0000	 0.0000	 0.0000
1950	09	08	0.0000	 0.0000	 0.0000	 0.0000
1950	09	09	0.0000	 0.0000	 0.0000	 0.0000
1950	09	10	0.0000	 0.0000	 0.0000	 0.0000
1950	09	11	0.0000	 0.0000	 0.0000	 0.0000
1950	09	12	0.0000	 0.0000	 0.0000	 0.0000
1950	09	13	0.0000	 0.0000	 0.0000	 0.0000
1950	09	14	0.0000	 0.0000	 0.0000	 0.0000
1950	09	15	0.0000	 0.0000	 0.0000	 0.0000
1950	09	16	0.0000	 0.0000	 0.0000	 0.0000
1950	09	17	0.0000	 0.0000	 0.0000	 0.0000
1950	09	18	0.0000	 0.0000	 0.0000	 0.0000
1950	09	19	0.0000	 0.0000	 0.0000	 0.0000
1950	09	20	0.0000	 0.0000	 0.0000	 0.0000
1950	09	21	0.0000	 0.0000	 0.0000	 0.0000
1950	09	22	0.0000	 0.0000	 0.0000	 0.0000
1950	09	23	0.0000	 0.0000	 0.0000	 0.0000
1950	09	24	0.0000	 0.0000	 0.0000	 0.0000
1950	09	25	0.0046	 0.0031	 0.0395	 0.0386
1950	09	26	0.0000	 0.0000	 0.0327	 0.0000
1950	09	27	0.0000	 0.0000	 0.0000	 0.0000
1950	09	28	0.0000	 0.0000	 0.0000	 0.0000
1950	09	29	0.0000	 0.0000	 0.0000	 0.0000
1950	09	30	0.0000	 0.0000	 0.0000	 0.0000
1950	10	01	0.0000	 0.0000	 0.0000	 0.0000
1950	10	02	0.2764	 0.3065	 0.7606	 0.9602
1950	10	03	1.4864	 1.1975	 1.4377	 0.9216
1950	10	04	6.2742	 3.9872	 1.0652	 0.9602
1950	10	05	10.9408	 5.7919	 1.6550	 0.7440
1950	10	06	11.0808	 5.7880	 0.9310	 0.7440
1950	10	07	12.4203	 6.0201	 1.1191	 0.6569
1950	10	08	13.4775	 6.2127	 0.8470	 0.5346
1950	10	09	28.6968	 14.1718	 2.5058	 1.0000
1950	10	10	38.1833	 17.0925	 1.9514	 0.9909
1950	10	11	38.4106	 16.4020	 1.2761	 0.7747
1950	10	12	38.4633	 15.6838	 0.8630	 0.7440
1950	10	13	37.5635	 14.6487	 0.2948	 0.7440
1950	10	14	36.6317	 13.7142	 0.2617	 0.7838
1950	10	15	36.3465	 13.3465	 0.0000	 0.5346
1950	10	16	36.5299	 13.2087	 0.1678	 0.5346
1950	10	17	39.8740	 14.8001	 1.7519	 0.9602
1950	10	18	45.3075	 16.8800	 1.9707	 0.7440
1950	10	19	46.6924	 17.1686	 2.1040	 0.7440
1950	10	20	46.4225	 16.7003	 1.9769	 0.7440
1950	10	21	46.2474	 16.3709	 1.9722	 0.7440
1950	10	22	46.2729	 16.1950	 1.9737	 0.7440
1950	10	23	47.1733	 16.6111	 2.4611	 0.7440
1950	10	24	56.3207	 21.7765	 3.3567	 1.0000
1950	10	25	65.5197	 24.9742	 4.2644	 1.0000
1950	10	26	84.4613	 34.1213	 4.9066	 1.0000
1950	10	27	128.7330	 49.3346	 5.0167	 1.0000
1950	10	28	142.3285	 52.7505	 4.9683	 1.0000
1950	10	29	144.8566	 51.9960	 4.9553	 1.0000
1950	10	30	145.6541	 50.8517	 4.9492	 1.0000
1950	10	31	164.7434	 59.9940	 5.0715	 1.0000
1950	11	01	193.5658	 71.9563	 4.7637	 1.0000
1950	11	02	193.9522	 69.2081	 4.7985	 1.0000
1950	11	03	195.6708	 67.2784	 4.8151	 1.0000
1950	11	04	199.8167	 66.8107	 4.8059	 1.0000
1950	11	05	201.4417	 65.8532	 4.8693	 1.0000
1950	11	06	201.4843	 64.4994	 4.8319	 1.0000
1950	11	07	201.4591	 63.2846	 4.8313	 1.0000
1950	11	08	201.3900	 62.4331	 4.8000	 1.0000
1950	11	09	201.3012	 61.7646	 4.7673	 1.0000
1950	11	10	201.3991	 61.2562	 4.7349	 1.0000
1950	11	11	203.9173	 62.7445	 4.7220	 1.0000
1950	11	12	204.9659	 63.1096	 4.6211	 1.0000
1950	11	13	206.7673	 64.5185	 4.6270	 1.0000
1950	11	14	214.6337	 71.0178	 4.6167	 1.0000
1950	11	15	223.8079	 77.2413	 4.5424	 1.0000
1950	11	16	236.9646	 81.5133	 4.6924	 1.0000
1950	11	17	244.9813	 84.2961	 4.6096	 1.0000
1950	11	18	247.4384	 84.8772	 4.5704	 1.0000
1950	11	19	274.0888	 108.2850	 4.5681	 1.0000
1950	11	20	325.5876	 133.8686	 4.5492	 1.0000
1950	11	21	357.6370	 136.2295	 4.4729	 1.0000
1950	11	22	379.4364	 132.7508	 4.8904	 1.0000
1950	11	23	389.9336	 130.2009	 4.9279	 1.0000
1950	11	24	420.1485	 136.8486	 4.9739	 1.0000
1950	11	25	443.3427	 140.7485	 4.9327	 1.0000
1950	11	26	457.3912	 140.6212	 5.1177	 1.0000
1950	11	27	495.8106	 151.6151	 4.9988	 1.0000
1950	11	28	495.7891	 148.1268	 5.0246	 1.0000
1950	11	29	503.0788	 150.4264	 5.0437	 1.0000
1950	11	30	513.3341	 155.5392	 4.9869	 1.0000
1950	12	01	517.5631	 156.7982	 4.7876	 1.0000
1950	12	02	518.9416	 155.1757	 4.7795	 1.0000
1950	12	03	520.4710	 153.4909	 4.7695	 1.0000
1950	12	04	520.4848	 150.8486	 4.7956	 1.0000
1950	12	05	532.3871	 159.6748	 4.7481	 1.0000
1950	12	06	548.3447	 171.9457	 4.7251	 1.0000
1950	12	07	552.6210	 170.6723	 4.7371	 1.0000
1950	12	08	559.1708	 169.8948	 4.7324	 1.0000
1950	12	09	568.5803	 170.7858	 4.6981	 1.0000
1950	12	10	573.6190	 168.3045	 4.6777	 1.0000
1950	12	11	575.2970	 164.6038	 4.6806	 1.0000
1950	12	12	575.3077	 161.1638	 4.6954	 1.0000
1950	12	13	577.9557	 161.1550	 4.6978	 1.0000
1950	12	14	586.9553	 167.1926	 4.6916	 1.0000
1950	12	15	596.2775	 170.4556	 4.6546	 1.0000
1950	12	16	607.3631	 174.6843	 4.6492	 1.0000
1950	12	17	609.2716	 171.8734	 4.6313	 1.0000
1950	12	18	616.7403	 172.4130	 4.6029	 1.0000
1950	12	19	629.5426	 175.9417	 4.5590	 1.0000
1950	12	20	632.2187	 173.5554	 4.5259	 1.0000
1950	12	21	641.8697	 174.8318	 4.4906	 1.0000
1950	12	22	652.0788	 176.8394	 4.4129	 1.0000
1950	12	23	658.1840	 177.0342	 4.3631	 1.0000
1950	12	24	663.5662	 176.7723	 4.4623	 1.0000
1950	12	25	669.0784	 177.4900	 4.5228	 1.0000
1950	12	26	673.3024	 178.2419	 4.5100	 1.0000
1950	12	27	677.6856	 179.0203	 4.4710	 1.0000
1950	12	28	681.3208	 179.2148	 4.4560	 1.0000
1950	12	29	682.9851	 177.8746	 4.4314	 1.0000
1950	12	30	683.5781	 175.9784	 4.3235	 1.0000
1950	12	31	692.5237	 179.5572	 4.4191	 1.0000
1951	01	01	710.6187	 187.6469	 4.7684	 1.0000
1951	01	02	746.0132	 205.8315	 4.6940	 1.0000
1951	01	03	754.2918	 206.8406	 4.4695	 1.0000
1951	01	04	756.0353	 204.8594	 4.4532	 1.0000
1951	01	05	756.0961	 202.6211	 4.4470	 1.0000
1951	01	06	756.1707	 200.8680	 4.4323	 1.0000
1951	01	07	757.2961	 200.2612	 4.3932	 1.0000
1951	01	08	757.7636	 199.1915	 4.3844	 1.0000
1951	01	09	761.7472	 202.0364	 4.3970	 1.0000
1951	01	10	767.1968	 204.2806	 4.3902	 1.0000
1951	01	11	767.2832	 201.6633	 4.3695	 1.0000
1951	01	12	788.5345	 217.0991	 4.3758	 1.0000
1951	01	13	813.9821	 231.2878	 4.3008	 1.0000
1951	01	14	853.8871	 247.9981	 4.2776	 1.0000
1951	01	15	911.2016	 269.4080	 4.0753	 1.0000
1951	01	16	943.3607	 283.6244	 3.9648	 1.0000
1951	01	17	961.0136	 284.8561	 3.7887	 1.0000
1951	01	18	964.7190	 280.5050	 3.7879	 1.0000
1951	01	19	991.0509	 293.7136	 3.7723	 1.0000
1951	01	20	1022.4132	 308.7036	 3.7377	 1.0000
1951	01	21	1045.5013	 313.1052	 3.6265	 1.0000
1951	01	22	1046.6623	 302.2760	 3.5816	 1.0000
1951	01	23	1056.9953	 302.2151	 3.5774	 1.0000
1951	01	24	1072.7005	 302.2484	 3.5727	 1.0000
1951	01	25	1083.1562	 298.0174	 3.5169	 1.0000
1951	01	26	1085.2815	 291.8791	 3.3229	 1.0000
1951	01	27	1085.2187	 288.7887	 3.2353	 1.0000
1951	01	28	1084.9904	 287.0308	 3.1254	 1.0000
1951	01	29	1084.9657	 285.6857	 3.1215	 1.0000
1951	01	30	1084.9598	 284.4063	 3.1205	 1.0000
1951	01	31	1086.7018	 285.3237	 3.2038	 1.0000
1951	02	01	1117.5332	 322.1215	 3.2475	 1.0000
1951	02	02	1156.0335	 354.0057	 3.2194	 1.0000
1951	02	03	1161.1683	 344.9503	 3.1485	 1.0000
1951	02	04	1164.2960	 336.9370	 3.1291	 1.0000
1951	02	05	1170.7619	 333.7644	 3.1174	 1.0000
1951	02	06	1183.8254	 337.7863	 3.1332	 1.0000
1951	02	07	1217.2021	 348.0933	 3.1492	 1.0000
1951	02	08	1293.8939	 370.3011	 3.1491	 1.0000
1951	02	09	1385.1252	 381.3177	 3.1034	 1.0000
1951	02	10	1399.8112	 369.5447	 3.3591	 1.0000
1951	02	11	1401.1276	 360.0289	 3.1734	 1.0000
1951	02	12	1401.1680	 354.7772	 3.1005	 1.0000
1951	02	13	1401.0085	 350.8644	 3.0455	 1.0000
1951	02	14	1401.3966	 347.4892	 2.9913	 1.0000
1951	02	15	1401.5882	 343.5368	 2.9711	 1.0000
1951	02	16	1401.6094	 340.1047	 2.9502	 1.0000
1951	02	17	1401.7949	 336.4571	 2.9338	 1.0000
1951	02	18	1404.9046	 334.7724	 2.9553	 1.0000
1951	02	19	1416.5824	 339.7883	 2.9630	 1.0000
1951	02	20	1421.7767	 338.9124	 2.9320	 1.0000
1951	02	21	1421.7645	 335.4789	 2.8253	 1.0000
1951	02	22	1421.3880	 332.5501	 2.6675	 1.0000
1951	02	23	1421.2942	 330.4302	 2.6267	 1.0000
1951	02	24	1421.1541	 328.2283	 2.5752	 1.0000
1951	02	25	1420.9495	 326.1296	 2.5113	 1.0000
1951	02	26	1420.8311	 324.3830	 2.4679	 1.0000
1951	02	27	1420.9968	 323.0312	 2.1237	 1.0000
1951	02	28	1420.8798	 321.3288	 2.1202	 1.0000
1951	03	01	1420.7146	 319.6167	 2.1156	 1.0000
1951	03	02	1420.4321	 318.0342	 2.0973	 1.0000
1951	03	03	1447.1185	 340.5239	 2.7391	 1.0000
1951	03	04	1476.8996	 361.3951	 2.6662	 1.0000
1951	03	05	1482.4214	 363.1168	 2.5156	 1.0000
1951	03	06	1492.2736	 370.4144	 2.5576	 1.0000
1951	03	07	1504.0641	 379.4823	 2.5668	 1.0000
1951	03	08	1523.1032	 391.7905	 2.5583	 1.0000
1951	03	09	1526.1730	 388.8184	 2.4502	 1.0000
1951	03	10	1528.6691	 387.1559	 2.4280	 1.0000
1951	03	11	1545.4789	 399.5681	 2.4815	 1.0000
1951	03	12	1563.3276	 404.3120	 2.4666	 1.0000
1951	03	13	1566.3994	 398.5111	 2.4702	 1.0000
1951	03	14	1596.0067	 399.4419	 2.9142	 1.0000
1951	03	15	1627.6783	 403.8942	 3.1685	 1.0000
1951	03	16	1629.2056	 397.8286	 2.8497	 1.0000
1951	03	17	1629.1709	 392.6443	 2.7815	 1.0000
1951	03	18	1629.1103	 388.0685	 2.7493	 1.0000
1951	03	19	1629.1003	 383.5019	 2.6687	 1.0000
1951	03	20	1628.9807	 378.3203	 2.6366	 1.0000
1951	03	21	1630.6143	 374.2471	 2.7828	 1.0000
1951	03	22	1631.1609	 370.3538	 2.5863	 1.0000
1951	03	23	1631.1347	 366.5642	 2.4764	 1.0000
1951	03	24	1631.1245	 363.1302	 2.4495	 1.0000
1951	03	25	1631.1982	 360.0044	 2.4606	 1.0000
1951	03	26	1630.8043	 356.6466	 2.1976	 1.0000
1951	03	27	1630.4439	 353.7415	 1.8898	 1.0000
1951	03	28	1634.5693	 353.5599	 2.6004	 1.0000
1951	03	29	1640.7472	 354.3661	 2.7580	 1.0000
1951	03	30	1640.5238	 352.1045	 2.4709	 1.0000
1951	03	31	1640.2903	 349.7953	 2.3406	 1.0000
1951	04	01	1640.2069	 347.5729	 2.1617	 1.0000
1951	04	02	1640.4613	 345.3631	 1.6136	 1.0000
1951	04	03	1640.9286	 343.0882	 0.8315	 1.0000
1951	04	04	1641.0048	 340.7826	 0.4900	 1.0000
1951	04	05	1640.4704	 338.4720	 0.3817	 1.0000
1951	04	06	1640.2651	 336.4664	 0.1952	 1.0000
1951	04	07	1639.4218	 334.3644	 0.0000	 1.0000
1951	04	08	1637.8238	 332.1632	 0.0000	 1.0000
1951	04	09	1635.3556	 329.9488	 0.0000	 1.0000
1951	04	10	1632.6909	 327.8664	 0.0000	 1.0000
1951	04	11	1628.6106	 325.4887	 0.0000	 1.0000
1951	04	12	1623.6005	 322.9188	 0.0000	 1.0000
1951	04	13	1617.0992	 320.1845	 0.0000	 1.0000
1951	04	14	1609.8411	 317.4728	 0.0000	 1.0000
1951	04	15	1601.3834	 314.5912	 0.0000	 1.0000
1951	04	16	1589.3573	 310.9651	 0.0000	 1.0000
1951	04	17	1577.3653	 307.4068	 0.0000	 1.0000
1951	04	18	1567.6623	 304.4256	 0.0000	 1.0000
1951	04	19	1564.3245	 303.0074	 0.0000	 1.0000
1951	04	20	1561.4345	 301.7314	 0.0000	 1.0000
1951	04	21	1554.6242	 299.5965	 0.0000	 1.0000
1951	04	22	1545.0929	 296.8841	 0.0000	 1.0000
1951	04	23	1533.6292	 293.8564	 0.0000	 1.0000
1951	04	24	1520.3701	 290.5160	 0.0000	 1.0000
1951	04	25	1500.6959	 285.8927	 0.0000	 1.0000
1951	04	26	1495.9011	 284.1844	 0.0258	 1.0000
1951	04	27	1495.1945	 283.4047	 0.2562	 1.0000
1951	04	28	1496.2785	 283.2464	 0.8862	 1.0000
1951	04	29	1495.4468	 282.4582	 0.2994	 1.0000
1951	04	30	1493.1819	 281.3890	 0.0000	 1.0000
1951	05	01	1488.0778	 279.7417	 0.0000	 1.0000
1951	05	02	1479.3428	 277.4632	 0.0000	 1.0000
1951	05	03	1468.6749	 274.8286	 0.0000	 1.0000
1951	05	04	1461.2141	 272.9155	 0.0474	 1.0000
1951	05	05	1451.5982	 270.6660	 0.0840	 1.0000
1951	05	06	1439.4196	 267.8150	 0.0270	 1.0000
1951	05	07	1430.1014	 265.5460	 0.3032	 1.0000
1951	05	08	1412.7758	 261.7082	 0.0000	 1.0000
1951	05	09	1389.7244	 256.8768	 0.0000	 1.0000
1951	05	10	1371.3288	 253.3480	 0.2673	 1.0000
1951	05	11	1365.2859	 252.9396	 1.0999	 1.0000
1951	05	12	1359.3582	 251.2757	 0.0000	 1.0000
1951	05	13	1347.7265	 248.6216	 0.0000	 1.0000
1951	05	14	1327.3588	 244.3404	 0.0000	 0.9954
1951	05	15	1299.9126	 238.8141	 0.0000	 0.9954
1951	05	16	1274.3064	 233.6474	 0.0000	 0.9909
1951	05	17	1249.9826	 228.7374	 0.0000	 0.9909
1951	05	18	1233.2745	 225.2687	 0.0000	 0.9602
1951	05	19	1212.2803	 221.0629	 0.0000	 0.9602
1951	05	20	1191.1390	 216.8382	 0.0000	 0.9602
1951	05	21	1164.7133	 211.6680	 0.0000	 0.9602
1951	05	22	1142.3638	 207.2897	 0.0000	 0.9602
1951	05	23	1121.4631	 203.1658	 0.2078	 0.9602
1951	05	24	1120.8333	 203.1691	 0.4925	 0.9602
1951	05	25	1111.7811	 201.2899	 0.0000	 0.9602
1951	05	26	1092.1152	 197.4463	 0.0000	 0.9602
1951	05	27	1076.8426	 194.3923	 0.0000	 0.9602
1951	05	28	1069.0865	 192.7267	 0.0000	 0.9602
1951	05	29	1058.5835	 190.5850	 0.0000	 0.9602
1951	05	30	1047.6339	 188.3671	 0.0000	 0.9558
1951	05	31	1033.1378	 185.5109	 0.0000	 0.9558
1951	06	01	1014.8778	 181.9714	 0.0000	 0.9514
1951	06	02	995.6271	 178.2894	 0.0013	 0.9514
1951	06	03	978.9486	 175.1909	 0.0242	 0.9514
1951	06	04	965.1251	 172.7542	 0.1744	 0.9514
1951	06	05	955.0534	 170.9423	 0.3662	 0.9216
1951	06	06	946.5559	 169.5874	 0.2408	 0.9216
1951	06	07	934.5178	 167.2058	 0.0532	 0.9216
1951	06	08	916.6278	 163.8059	 0.0000	 0.9216
1951	06	09	887.3149	 158.3541	 0.0000	 0.9216
1951	06	10	861.7381	 153.5735	 0.0000	 0.9216
1951	06	11	835.7341	 148.7202	 0.0000	 0.9216
1951	06	12	809.6873	 143.8650	 0.0000	 0.9216
1951	06	13	782.9034	 138.8856	 0.0000	 0.9216
1951	06	14	754.0882	 133.5622	 0.0000	 0.9172
1951	06	15	730.2742	 129.1381	 0.0000	 0.9128
1951	06	16	708.7779	 125.1570	 0.0000	 0.8830
1951	06	17	686.0203	 120.9730	 0.0000	 0.8330
1951	06	18	666.0286	 117.2913	 0.0000	 0.8330
1951	06	19	651.2636	 114.5590	 0.0000	 0.6668
1951	06	20	637.8402	 112.0779	 0.0000	 0.6668
1951	06	21	618.3822	 108.5391	 0.0000	 0.6668
1951	06	22	604.7746	 106.0648	 0.0000	 0.6668
1951	06	23	590.0894	 103.3927	 0.1015	 0.6668
1951	06	24	577.8923	 101.1793	 0.0000	 0.6624
1951	06	25	553.0978	 96.7432	 0.0000	 0.6624
1951	06	26	537.0741	 93.8474	 0.0000	 0.6580
1951	06	27	521.9994	 91.1367	 0.0000	 0.6283
1951	06	28	507.6040	 88.5554	 0.0000	 0.6283
1951	06	29	492.1060	 85.7853	 0.0000	 0.6283
1951	06	30	475.0153	 82.7448	 0.0000	 0.6283
1951	07	01	461.3229	 80.3230	 0.0000	 0.6283
1951	07	02	446.3006	 77.6484	 0.0000	 0.6283
1951	07	03	430.0813	 74.7691	 0.0000	 0.6283
1951	07	04	421.4869	 73.2575	 0.0589	 0.6668
1951	07	05	415.5114	 72.5468	 0.1373	 0.6668
1951	07	06	405.4004	 70.8309	 0.1889	 0.7054
1951	07	07	394.0594	 68.8325	 0.0000	 0.6283
1951	07	08	381.9730	 66.6685	 0.0000	 0.6283
1951	07	09	368.8320	 64.3272	 0.0000	 0.6283
1951	07	10	357.4849	 62.2939	 0.0000	 0.6283
1951	07	11	344.6769	 60.0075	 0.0000	 0.6283
1951	07	12	328.2284	 57.0842	 0.0000	 0.6283
1951	07	13	309.5437	 53.7840	 0.0000	 0.4188
1951	07	14	296.5728	 51.4980	 0.0000	 0.4188
1951	07	15	284.0540	 49.2940	 0.0000	 0.4188
1951	07	16	271.2949	 47.0513	 0.0000	 0.4188
1951	07	17	257.1630	 44.5731	 0.0000	 0.4188
1951	07	18	244.1961	 42.3000	 0.0000	 0.4188
1951	07	19	234.4668	 40.5917	 0.0000	 0.4188
1951	07	20	226.1178	 39.1246	 0.0000	 0.4188
1951	07	21	215.4671	 37.2596	 0.0000	 0.4188
1951	07	22	201.1572	 34.7622	 0.0000	 0.4188
1951	07	23	185.9397	 32.1097	 0.0000	 0.4188
1951	07	24	172.8273	 29.8241	 0.0000	 0.4188
1951	07	25	160.5507	 27.6852	 0.0000	 0.4188
1951	07	26	147.1324	 25.3499	 0.0000	 0.4188
1951	07	27	135.1272	 23.2606	 0.0000	 0.4188
1951	07	28	122.1982	 21.0126	 0.0000	 0.4188
1951	07	29	114.7057	 19.7141	 0.0000	 0.2094
1951	07	30	108.6190	 18.6622	 0.0000	 0.2094
1951	07	31	102.7341	 17.6459	 0.0000	 0.2094
1951	08	01	96.5544	 16.5799	 0.0000	 0.2094
1951	08	02	90.1727	 15.4801	 0.0000	 0.2094
1951	08	03	84.0763	 14.4300	 0.0000	 0.2094
1951	08	04	78.5871	 13.4849	 0.0000	 0.2094
1951	08	05	73.2727	 12.5703	 0.0000	 0.2094
1951	08	06	67.8492	 11.6377	 0.0000	 0.2094
1951	08	07	63.8029	 10.9456	 0.0000	 0.2094
1951	08	08	58.9102	 10.1046	 0.0000	 0.2094
1951	08	09	53.5175	 9.1782	 0.0000	 0.2094
1951	08	10	48.3991	 8.3281	 0.0000	 0.2094
1951	08	11	43.5336	 7.4899	 0.0000	 0.2094
1951	08	12	39.0150	 6.7117	 0.0000	 0.2094
1951	08	13	34.1112	 5.8674	 0.0000	 0.2094
1951	08	14	27.6729	 4.7595	 0.0000	 0.2094
1951	08	15	21.8040	 3.7498	 0.0000	 0.2094
1951	08	16	16.0981	 2.7683	 0.0000	 0.2094
1951	08	17	10.9220	 1.8780	 0.0000	 0.2094
1951	08	18	5.8808	 1.0110	 0.0000	 0.2094
1951	08	19	1.4620	 0.2511	 0.0000	 0.0485
1951	08	20	0.3384	 0.0581	 0.0000	 0.0485
1951	08	21	0.0000	 0.0000	 0.0000	 0.0000
1951	08	22	0.0000	 0.0000	 0.0000	 0.0000
1951	08	23	0.0000	 0.0000	 0.0000	 0.0000
1951	08	24	0.0000	 0.0000	 0.0000	 0.0000
1951	08	25	0.0000	 0.0000	 0.0000	 0.0000
1951	08	26	0.0000	 0.0000	 0.0000	 0.0000
1951	08	27	0.0000	 0.0000	 0.0000	 0.0000
1951	08	28	0.3166	 0.1681	 0.2700	 0.2480
1951	08	29	0.0000	 0.0000	 0.0000	 0.0000
1951	08	30	0.0027	 0.0019	 0.0258	 0.0386
1951	08	31	0.0000	 0.0000	 0.0006	 0.0000
1951	09	01	0.0000	 0.0000	 0.0000	 0.0000
1951	09	02	0.0000	 0.0000	 0.0000	 0.0000
1951	09	03	0.0000	 0.0000	 0.0000	 0.0000
1951	09	04	0.0000	 0.0000	 0.0000	 0.0000
1951	09	05	0.0000	 0.0000	 0.0000	 0.0000
1951	09	06	0.0000	 0.0000	 0.0000	 0.0000
1951	09	07	0.0000	 0.0000	 0.0000	 0.0000
1951	09	08	0.0000	 0.0000	 0.0106	 0.0000
1951	09	09	0.0000	 0.0000	 0.0000	 0.0000
1951	09	10	0.0000	 0.0000	 0.0000	 0.0000
1951	09	11	0.0000	 0.0000	 0.0000	 0.0000
1951	09	12	0.0000	 0.0000	 0.0000	 0.0000
1951	09	13	0.0000	 0.0000	 0.0000	 0.0000
1951	09	14	0.0000	 0.0000	 0.0000	 0.0000
1951	09	15	0.0000	 0.0000	 0.0000	 0.0000
1951	09	16	0.0000	 0.0000	 0.0000	 0.0000
1951	09	17	0.0000	 0.0000	 0.0000	 0.0000
1951	09	18	0.0000	 0.0000	 0.0000	 0.0000
1951	09	19	0.0000	 0.0000	 0.0000	 0.0000
1951	09	20	0.0000	 0.0000	 0.0000	 0.0000
1951	09	21	0.0000	 0.0000	 0.0000	 0.0000
1951	09	22	0.0000	 0.0000	 0.0000	 0.0000
1951	09	23	0.0000	 0.0000	 0.0000	 0.0000
1951	09	24	0.0000	 0.0000	 0.0000	 0.0000
1951	09	25	0.0000	 0.0000	 0.1101	 0.0000
1951	09	26	0.0000	 0.0000	 0.0228	 0.0000
1951	09	27	0.2771	 0.2151	 0.1960	 0.4475
1951	09	28	0.1115	 0.0799	 0.1337	 0.2480
1951	09	29	0.0776	 0.0451	 0.0405	 0.1995
1951	09	30	0.0000	 0.0000	 0.0000	 0.0000
1951	10	01	0.0000	 0.0000	 0.0000	 0.0000
1951	10	02	0.0000	 0.0000	 0.0000	 0.0000
1951	10	03	0.0710	 0.0488	 0.0196	 0.2480
1951	10	04	0.0000	 0.0000	 0.0000	 0.0000
1951	10	05	0.0000	 0.0000	 0.0000	 0.0000
1951	10	06	0.0000	 0.0000	 0.0000	 0.0000
1951	10	07	0.0000	 0.0000	 0.0000	 0.0000
1951	10	08	0.0000	 0.0000	 0.0000	 0.0000
1951	10	09	0.0000	 0.0000	 0.0000	 0.0000
1951	10	10	0.0000	 0.0000	 0.0000	 0.0000
1951	10	11	0.0861	 0.0606	 0.0568	 0.2480
1951	10	12	0.0000	 0.0000	 0.0389	 0.0000
1951	10	13	0.1495	 0.1256	 0.5632	 0.4960
1951	10	14	2.9168	 1.9793	 1.6444	 0.7793
1951	10	15	3.6764	 2.4747	 1.6114	 0.7142
1951	10	16	4.1467	 2.7405	 1.6336	 0.7142
1951	10	17	13.1189	 8.2548	 2.5424	 1.0000
1951	10	18	42.6790	 21.2356	 2.8721	 1.0000
1951	10	19	65.5675	 29.8377	 2.9777	 1.0000
1951	10	20	67.2578	 28.8621	 3.4812	 1.0000
1951	10	21	67.1287	 27.5666	 3.3335	 1.0000
1951	10	22	83.2087	 34.2283	 4.1724	 1.0000
1951	10	23	98.6518	 39.7859	 4.8145	 1.0000
1951	10	24	101.1419	 39.1264	 4.8269	 1.0000
1951	10	25	101.1172	 38.0694	 4.8143	 1.0000
1951	10	26	101.1150	 37.3033	 4.8252	 1.0000
1951	10	27	101.1302	 36.6157	 4.8571	 1.0000
1951	10	28	103.4599	 36.8735	 4.9296	 1.0000
1951	10	29	104.9800	 37.0056	 4.8943	 1.0000
1951	10	30	104.9409	 36.5097	 4.8870	 1.0000
1951	10	31	104.9054	 36.1188	 4.8484	 1.0000
1951	11	01	105.1001	 36.0758	 4.5595	 1.0000
1951	11	02	112.9869	 42.4967	 4.5014	 1.0000
1951	11	03	118.8611	 45.5550	 4.4828	 1.0000
1951	11	04	118.7895	 44.1421	 4.3835	 1.0000
1951	11	05	118.7248	 43.1199	 4.3787	 1.0000
1951	11	06	118.7024	 42.1936	 4.3610	 1.0000
1951	11	07	118.6937	 41.4266	 4.3778	 1.0000
1951	11	08	119.0672	 40.9411	 4.3615	 1.0000
1951	11	09	128.4965	 45.2810	 4.6265	 1.0000
1951	11	10	155.8341	 56.0357	 4.5632	 1.0000
1951	11	11	183.0813	 65.9641	 4.4715	 1.0000
1951	11	12	191.7661	 67.8136	 4.4436	 1.0000
1951	11	13	195.7801	 67.4720	 4.3914	 1.0000
1951	11	14	195.6530	 65.7240	 4.3551	 1.0000
1951	11	15	195.6217	 64.5613	 4.3641	 1.0000
1951	11	16	195.5350	 63.6209	 4.3434	 1.0000
1951	11	17	195.3600	 62.6482	 4.2727	 1.0000
1951	11	18	195.2160	 61.7949	 4.2384	 1.0000
1951	11	19	195.0655	 60.9616	 4.1878	 1.0000
1951	11	20	195.3194	 60.5144	 4.1934	 1.0000
1951	11	21	195.3218	 59.9236	 4.2013	 1.0000
1951	11	22	195.3326	 59.4528	 4.2237	 1.0000
1951	11	23	195.3467	 59.0280	 4.2512	 1.0000
1951	11	24	199.5970	 62.7246	 4.2611	 1.0000
1951	11	25	219.7938	 78.1336	 4.1965	 1.0000
1951	11	26	239.6503	 88.4583	 4.0651	 1.0000
1951	11	27	257.4491	 97.5805	 4.0071	 1.0000
1951	11	28	277.7805	 104.6641	 3.9588	 1.0000
1951	11	29	307.4731	 111.6412	 4.1901	 1.0000
1951	11	30	324.1805	 114.4323	 4.0940	 1.0000
1951	12	01	327.5585	 110.9312	 4.0636	 1.0000
1951	12	02	333.6388	 111.7473	 4.0759	 1.0000
1951	12	03	348.9945	 118.5581	 3.9664	 1.0000
1951	12	04	360.7158	 123.3094	 3.8995	 1.0000
1951	12	05	363.3221	 120.7670	 3.6816	 1.0000
1951	12	06	363.1308	 117.7872	 3.6336	 1.0000
1951	12	07	363.1180	 116.0528	 3.6500	 1.0000
1951	12	08	363.1260	 114.4535	 3.6724	 1.0000
1951	12	09	363.1461	 112.9763	 3.7102	 1.0000
1951	12	10	363.1673	 111.4403	 3.7573	 1.0000
1951	12	11	363.1440	 109.8399	 3.7773	 1.0000
1951	12	12	363.1284	 108.3685	 3.7920	 1.0000
1951	12	13	363.1286	 107.1778	 3.8090	 1.0000
1951	12	14	364.3856	 107.7433	 3.8119	 1.0000
1951	12	15	368.1108	 111.0053	 3.7804	 1.0000
1951	12	16	369.9412	 111.7605	 3.7186	 1.0000
1951	12	17	384.0965	 125.3049	 3.6904	 1.0000
1951	12	18	398.2985	 135.7672	 3.4959	 1.0000
1951	12	19	398.7413	 132.4802	 3.4542	 1.0000
1951	12	20	410.0357	 144.4148	 3.4279	 1.0000
1951	12	21	430.9019	 165.7761	 3.4148	 1.0000
1951	12	22	436.5293	 164.1092	 3.2421	 1.0000
1951	12	23	436.5412	 159.5489	 3.1900	 1.0000
1951	12	24	436.5303	 156.2726	 3.1903	 1.0000
1951	12	25	438.7036	 155.6839	 3.2225	 1.0000
1951	12	26	443.7900	 158.3255	 3.1910	 1.0000
1951	12	27	445.6663	 156.3055	 3.1897	 1.0000
1951	12	28	449.2526	 156.3385	 3.1984	 1.0000
1951	12	29	461.8501	 164.6972	 3.0353	 1.0000
1951	12	30	462.0723	 160.8532	 3.0220	 1.0000
1951	12	31	462.1053	 158.6327	 2.9753	 1.0000
