1949	01	01	406.9129	 131.2261	 3.0461	 1.0000
1949	01	02	406.8801	 129.0937	 2.9579	 1.0000
1949	01	03	406.8664	 127.7112	 2.9637	 1.0000
1949	01	04	406.8827	 126.3597	 2.9762	 1.0000
1949	01	05	410.1095	 128.5625	 3.0515	 1.0000
1949	01	06	416.4659	 131.9051	 3.0398	 1.0000
1949	01	07	417.9118	 130.0072	 2.7885	 1.0000
1949	01	08	418.2384	 128.7202	 2.7582	 1.0000
1949	01	09	418.2610	 127.6843	 2.7268	 1.0000
1949	01	10	418.2627	 126.8307	 2.7333	 1.0000
1949	01	11	418.2694	 125.9516	 2.7519	 1.0000
1949	01	12	418.2836	 124.8695	 2.7882	 1.0000
1949	01	13	418.4658	 123.7204	 2.8147	 1.0000
1949	01	14	418.6772	 122.4094	 2.8093	 1.0000
1949	01	15	418.6974	 120.8522	 2.7463	 1.0000
1949	01	16	419.3152	 120.3543	 2.7849	 1.0000
1949	01	17	419.8246	 119.6475	 2.7529	 1.0000
1949	01	18	419.8179	 118.7778	 2.7060	 1.0000
1949	01	19	419.8110	 118.0643	 2.7101	 1.0000
1949	01	20	421.3049	 119.4129	 2.7798	 1.0000
1949	01	21	422.1807	 119.8765	 2.7601	 1.0000
1949	01	22	422.1577	 119.1348	 2.6868	 1.0000
1949	01	23	422.0619	 118.5368	 2.6657	 1.0000
1949	01	24	422.2668	 118.1744	 2.6684	 1.0000
1949	01	25	424.6062	 120.7358	 2.7529	 1.0000
1949	01	26	426.7458	 122.5992	 2.7652	 1.0000
1949	01	27	426.8251	 121.6856	 2.7098	 1.0000
1949	01	28	426.8531	 120.7360	 2.7226	 1.0000
1949	01	29	426.8513	 119.6488	 2.6927	 1.0000
1949	01	30	426.8404	 118.6993	 2.6884	 1.0000
1949	01	31	426.8359	 117.9526	 2.6943	 1.0000
1949	02	01	426.8856	 117.1808	 2.6500	 1.0000
1949	02	02	428.6633	 118.3756	 2.6865	 1.0000
1949	02	03	432.3488	 121.5227	 2.7009	 1.0000
1949	02	04	433.9801	 122.0490	 2.6261	 1.0000
1949	02	05	446.9368	 135.3936	 2.6606	 1.0000
1949	02	06	454.7139	 141.0400	 2.5791	 1.0000
1949	02	07	464.2504	 146.2983	 2.5069	 1.0000
1949	02	08	474.2475	 149.2091	 2.4693	 1.0000
1949	02	09	499.6149	 158.6150	 2.4801	 1.0000
1949	02	10	513.7057	 162.7337	 2.3735	 1.0000
1949	02	11	514.0761	 159.7119	 2.3350	 1.0000
1949	02	12	514.0992	 156.9487	 2.2209	 1.0000
1949	02	13	522.1434	 164.2677	 2.4008	 1.0000
1949	02	14	530.5308	 168.2472	 2.3740	 1.0000
1949	02	15	667.5800	 226.8761	 2.7313	 1.0000
1949	02	16	781.0874	 240.6642	 3.0887	 1.0000
1949	02	17	802.0442	 235.3600	 2.9912	 1.0000
1949	02	18	811.5918	 233.2709	 2.9013	 1.0000
1949	02	19	825.2397	 238.5168	 2.9024	 1.0000
1949	02	20	845.5600	 245.9362	 2.8693	 1.0000
1949	02	21	880.0024	 258.2729	 2.8275	 1.0000
1949	02	22	894.8575	 253.1940	 3.1082	 1.0000
1949	02	23	895.7948	 244.2251	 3.1042	 1.0000
1949	02	24	895.7082	 237.2217	 3.0356	 1.0000
1949	02	25	895.6194	 232.3631	 3.0069	 1.0000
1949	02	26	895.3940	 228.6820	 2.9128	 1.0000
1949	02	27	895.1737	 225.5119	 2.8515	 1.0000
1949	02	28	894.9469	 222.7639	 2.7773	 1.0000
1949	03	01	894.7991	 220.2348	 2.7409	 1.0000
1949	03	02	894.5979	 217.6180	 2.7142	 1.0000
1949	03	03	894.5137	 215.0048	 2.5692	 1.0000
1949	03	04	894.4694	 212.6513	 2.5745	 1.0000
1949	03	05	894.3562	 210.2076	 2.5756	 1.0000
1949	03	06	894.1883	 208.0753	 2.5764	 1.0000
1949	03	07	894.2359	 206.2281	 2.5893	 1.0000
1949	03	08	897.7825	 206.1637	 3.2764	 1.0000
1949	03	09	897.5036	 204.8309	 3.1420	 1.0000
1949	03	10	897.0912	 203.7153	 2.9967	 1.0000
1949	03	11	899.7355	 204.0703	 3.3946	 1.0000
1949	03	12	910.6242	 207.1547	 3.5354	 1.0000
1949	03	13	914.8365	 207.5208	 3.5740	 1.0000
1949	03	14	917.2074	 207.3394	 3.5826	 1.0000
1949	03	15	926.3450	 210.6226	 3.4981	 1.0000
1949	03	16	934.6170	 212.4197	 3.6011	 1.0000
1949	03	17	938.7216	 212.3393	 3.8168	 1.0000
1949	03	18	955.0475	 216.4402	 3.7789	 1.0000
1949	03	19	963.7511	 217.8258	 4.0339	 1.0000
1949	03	20	965.9378	 217.1147	 4.1051	 1.0000
1949	03	21	966.6328	 215.8977	 4.0781	 1.0000
1949	03	22	966.5499	 214.5770	 3.8624	 1.0000
1949	03	23	966.4046	 213.3486	 3.6886	 1.0000
1949	03	24	966.3569	 212.1168	 3.3373	 1.0000
1949	03	25	969.9687	 212.2849	 3.5860	 1.0000
1949	03	26	975.5399	 213.8272	 3.8149	 1.0000
1949	03	27	976.2991	 213.4409	 3.6690	 1.0000
1949	03	28	976.1479	 212.3970	 3.5915	 1.0000
1949	03	29	976.0890	 211.2583	 3.4845	 1.0000
1949	03	30	976.1723	 210.1691	 3.0571	 1.0000
1949	03	31	976.1230	 209.1780	 2.8249	 1.0000
1949	04	01	974.6221	 207.8575	 2.4888	 1.0000
1949	04	02	972.0203	 206.2429	 1.9197	 1.0000
1949	04	03	969.3998	 204.6931	 1.1165	 1.0000
1949	04	04	964.8891	 202.6936	 0.3261	 1.0000
1949	04	05	958.3203	 200.3236	 0.0000	 1.0000
1949	04	06	951.8636	 198.0777	 0.0000	 1.0000
1949	04	07	942.9373	 195.3627	 0.0000	 1.0000
1949	04	08	933.9900	 192.6822	 0.0000	 1.0000
1949	04	09	924.3034	 189.9334	 0.0000	 1.0000
1949	04	10	910.1487	 186.3006	 0.0000	 1.0000
1949	04	11	896.1649	 182.7341	 0.0000	 1.0000
1949	04	12	883.3583	 179.4758	 0.0000	 1.0000
1949	04	13	867.6512	 175.6553	 0.0000	 1.0000
1949	04	14	854.1992	 172.3954	 0.0000	 1.0000
1949	04	15	836.6893	 168.3293	 0.0000	 1.0000
1949	04	16	812.6431	 162.9665	 0.0000	 1.0000
1949	04	17	800.5780	 160.0771	 0.0165	 1.0000
1949	04	18	785.1230	 156.5209	 0.0000	 1.0000
1949	04	19	768.5492	 152.7671	 0.0311	 1.0000
1949	04	20	762.2222	 151.3250	 0.2254	 1.0000
1949	04	21	759.5786	 150.6253	 0.4699	 0.9781
1949	04	22	758.3204	 150.3574	 0.2989	 0.9781
1949	04	23	756.8138	 150.0595	 0.2758	 0.9781
1949	04	24	751.4560	 148.7179	 0.1275	 0.9781
1949	04	25	739.3376	 145.9584	 0.0000	 0.9781
1949	04	26	724.0089	 142.5650	 0.0000	 0.9781
1949	04	27	705.7517	 138.6313	 0.0653	 0.9781
1949	04	28	686.9555	 134.5943	 0.0000	 0.9781
1949	04	29	677.5049	 132.4289	 0.0081	 0.9423
1949	04	30	676.9568	 132.7154	 0.5361	 0.9423
1949	05	01	677.7480	 133.2514	 0.9698	 0.9423
1949	05	02	672.8907	 132.0033	 0.1122	 0.9423
1949	05	03	668.1896	 130.8390	 0.0000	 0.9423
1949	05	04	660.2473	 129.0173	 0.0000	 0.9423
1949	05	05	643.7723	 125.5059	 0.0000	 0.9423
1949	05	06	622.4606	 121.0448	 0.0000	 0.9423
1949	05	07	594.6928	 115.3393	 0.0000	 0.9423
1949	05	08	562.9577	 108.8815	 0.0000	 0.9423
1949	05	09	530.8926	 102.4030	 0.0000	 0.8439
1949	05	10	503.7605	 96.9319	 0.0000	 0.7228
1949	05	11	478.5515	 91.8817	 0.0000	 0.6881
1949	05	12	452.4067	 86.6791	 0.0000	 0.6881
1949	05	13	427.1409	 81.6671	 0.0000	 0.6881
1949	05	14	402.0460	 76.7161	 0.0000	 0.6669
1949	05	15	377.7017	 71.9269	 0.0000	 0.6323
1949	05	16	361.4208	 68.7118	 0.0000	 0.6323
1949	05	17	353.2272	 67.0634	 0.0309	 0.6323
1949	05	18	342.8541	 65.0087	 0.0000	 0.6323
1949	05	19	332.8209	 63.0247	 0.0116	 0.6323
1949	05	20	323.9249	 61.2818	 0.0000	 0.6323
1949	05	21	310.5652	 58.6638	 0.0000	 0.6323
1949	05	22	297.0419	 56.0196	 0.0000	 0.6323
1949	05	23	281.6490	 53.0311	 0.0000	 0.6323
1949	05	24	266.7518	 50.1438	 0.0000	 0.6111
1949	05	25	247.8159	 46.5074	 0.0000	 0.6111
1949	05	26	231.2675	 43.3263	 0.0000	 0.5764
1949	05	27	217.1187	 40.6204	 0.0000	 0.5016
1949	05	28	210.2053	 39.2877	 0.0000	 0.3843
1949	05	29	204.4745	 38.1823	 0.0000	 0.3843
1949	05	30	196.9206	 36.7374	 0.0000	 0.3843
1949	05	31	190.9468	 35.5954	 0.0007	 0.4401
1949	06	01	185.6947	 34.5793	 0.0000	 0.3843
1949	06	02	179.1308	 33.3269	 0.0000	 0.3843
1949	06	03	172.4936	 32.0643	 0.0000	 0.3843
1949	06	04	161.9110	 30.0688	 0.0000	 0.3843
1949	06	05	151.1823	 28.0497	 0.0000	 0.3843
1949	06	06	136.3171	 25.2657	 0.0000	 0.3843
1949	06	07	126.0785	 23.3453	 0.0000	 0.3843
1949	06	08	117.0568	 21.6532	 0.0000	 0.3843
1949	06	09	105.9246	 19.5718	 0.0000	 0.3843
1949	06	10	95.8263	 17.6846	 0.0000	 0.3843
1949	06	11	88.0994	 16.2399	 0.0000	 0.2670
1949	06	12	84.3644	 15.5408	 0.0000	 0.1921
1949	06	13	80.1361	 14.7536	 0.0000	 0.1921
1949	06	14	75.9057	 13.9673	 0.0000	 0.1921
1949	06	15	72.8646	 13.4099	 0.0000	 0.1921
1949	06	16	72.4688	 13.3564	 0.0515	 0.1921
1949	06	17	71.9404	 13.2798	 0.0680	 0.1921
1949	06	18	70.5884	 13.0543	 0.0000	 0.1921
1949	06	19	68.0279	 12.5748	 0.0000	 0.1921
1949	06	20	64.0190	 11.8282	 0.0000	 0.1921
1949	06	21	60.8410	 11.2361	 0.0000	 0.1921
1949	06	22	56.9368	 10.5107	 0.0000	 0.1921
1949	06	23	53.6062	 9.8920	 0.0000	 0.1921
1949	06	24	50.6652	 9.3459	 0.0000	 0.1921
1949	06	25	48.6770	 8.9761	 0.0000	 0.1921
1949	06	26	46.8585	 8.6380	 0.0000	 0.1921
1949	06	27	44.3518	 8.1735	 0.0000	 0.1921
1949	06	28	43.1606	 7.9530	 0.0069	 0.1921
1949	06	29	41.7867	 7.6997	 0.0000	 0.1921
1949	06	30	38.8114	 7.1496	 0.0000	 0.1921
1949	07	01	36.1670	 6.6609	 0.0000	 0.1921
1949	07	02	32.5550	 5.9942	 0.0000	 0.1921
1949	07	03	28.6970	 5.2828	 0.0000	 0.1921
1949	07	04	23.8600	 4.3915	 0.0000	 0.1921
1949	07	05	19.3372	 3.5586	 0.0000	 0.1921
1949	07	06	15.3405	 2.8227	 0.0000	 0.1921
1949	07	07	10.7496	 1.9778	 0.0000	 0.1921
1949	07	08	5.6046	 1.0311	 0.0000	 0.1921
1949	07	09	1.4782	 0.2719	 0.0000	 0.0748
1949	07	10	0.0000	 0.0000	 0.0000	 0.0000
1949	07	11	0.0000	 0.0000	 0.0000	 0.0000
1949	07	12	0.0000	 0.0000	 0.0000	 0.0000
1949	07	13	0.0000	 0.0000	 0.0000	 0.0000
1949	07	14	0.0000	 0.0000	 0.0000	 0.0000
1949	07	15	0.0000	 0.0000	 0.0000	 0.0000
1949	07	16	0.0000	 0.0000	 0.0000	 0.0000
1949	07	17	0.0000	 0.0000	 0.0000	 0.0000
1949	07	18	0.0000	 0.0000	 0.0000	 0.0000
1949	07	19	0.0000	 0.0000	 0.0000	 0.0000
1949	07	20	0.0000	 0.0000	 0.0000	 0.0000
1949	07	21	0.0000	 0.0000	 0.0000	 0.0000
1949	07	22	0.0000	 0.0000	 0.0000	 0.0000
1949	07	23	0.0000	 0.0000	 0.0000	 0.0000
1949	07	24	0.0000	 0.0000	 0.0000	 0.0000
1949	07	25	0.0000	 0.0000	 0.0000	 0.0000
1949	07	26	0.0000	 0.0000	 0.0000	 0.0000
1949	07	27	0.0000	 0.0000	 0.0000	 0.0000
1949	07	28	0.0000	 0.0000	 0.0000	 0.0000
1949	07	29	0.0000	 0.0000	 0.0000	 0.0000
1949	07	30	0.0000	 0.0000	 0.0000	 0.0000
1949	07	31	0.0000	 0.0000	 0.0000	 0.0000
1949	08	01	0.0000	 0.0000	 0.0000	 0.0000
1949	08	02	0.0000	 0.0000	 0.0000	 0.0000
1949	08	03	0.0000	 0.0000	 0.0000	 0.0000
1949	08	04	0.0000	 0.0000	 0.0000	 0.0000
1949	08	05	0.0000	 0.0000	 0.0000	 0.0000
1949	08	06	0.0000	 0.0000	 0.0000	 0.0000
1949	08	07	0.0000	 0.0000	 0.0000	 0.0000
1949	08	08	0.0000	 0.0000	 0.0000	 0.0000
1949	08	09	0.0000	 0.0000	 0.0000	 0.0000
1949	08	10	0.0000	 0.0000	 0.0000	 0.0000
1949	08	11	0.0000	 0.0000	 0.0000	 0.0000
1949	08	12	0.0000	 0.0000	 0.0000	 0.0000
1949	08	13	0.0000	 0.0000	 0.0000	 0.0000
1949	08	14	0.0000	 0.0000	 0.0000	 0.0000
1949	08	15	0.0000	 0.0000	 0.0000	 0.0000
1949	08	16	0.0000	 0.0000	 0.0000	 0.0000
1949	08	17	0.0000	 0.0000	 0.0000	 0.0000
1949	08	18	0.0000	 0.0000	 0.0000	 0.0000
1949	08	19	0.0000	 0.0000	 0.0000	 0.0000
1949	08	20	0.0000	 0.0000	 0.0000	 0.0000
1949	08	21	0.0000	 0.0000	 0.0000	 0.0000
1949	08	22	0.0000	 0.0000	 0.0000	 0.0000
1949	08	23	0.0000	 0.0000	 0.0000	 0.0000
1949	08	24	0.0000	 0.0000	 0.0000	 0.0000
1949	08	25	0.0000	 0.0000	 0.0000	 0.0000
1949	08	26	0.0000	 0.0000	 0.0000	 0.0000
1949	08	27	0.0000	 0.0000	 0.0000	 0.0000
1949	08	28	0.0000	 0.0000	 0.0000	 0.0000
1949	08	29	0.0000	 0.0000	 0.0000	 0.0000
1949	08	30	0.0000	 0.0000	 0.0000	 0.0000
1949	08	31	0.0000	 0.0000	 0.0000	 0.0000
1949	09	01	0.0000	 0.0000	 0.0000	 0.0000
1949	09	02	0.0000	 0.0000	 0.0000	 0.0000
1949	09	03	0.0000	 0.0000	 0.0000	 0.0000
1949	09	04	0.0000	 0.0000	 0.0000	 0.0000
1949	09	05	0.0000	 0.0000	 0.0000	 0.0000
1949	09	06	0.0000	 0.0000	 0.0000	 0.0000
1949	09	07	0.0000	 0.0000	 0.0000	 0.0000
1949	09	08	0.0000	 0.0000	 0.0000	 0.0000
1949	09	09	0.0000	 0.0000	 0.0000	 0.0000
1949	09	10	0.0000	 0.0000	 0.0087	 0.0000
1949	09	11	0.0000	 0.0000	 0.0000	 0.0000
1949	09	12	0.0000	 0.0000	 0.0000	 0.0000
1949	09	13	0.0109	 0.0074	 0.0462	 0.0559
1949	09	14	0.0000	 0.0000	 0.0000	 0.0000
1949	09	15	0.2959	 0.2056	 0.3232	 0.3039
1949	09	16	0.0283	 0.0182	 0.0072	 0.0559
1949	09	17	0.0006	 0.0004	 0.0362	 0.0559
1949	09	18	0.0000	 0.0000	 0.0000	 0.0000
1949	09	19	0.0020	 0.0017	 0.1126	 0.2480
1949	09	20	0.0000	 0.0000	 0.0000	 0.0000
1949	09	21	0.0000	 0.0000	 0.0000	 0.0000
1949	09	22	0.0000	 0.0000	 0.0000	 0.0000
1949	09	23	0.0000	 0.0000	 0.0000	 0.0000
1949	09	24	0.0000	 0.0000	 0.0000	 0.0000
1949	09	25	0.0000	 0.0000	 0.0000	 0.0000
1949	09	26	0.0000	 0.0000	 0.0000	 0.0000
1949	09	27	0.0000	 0.0000	 0.0000	 0.0000
1949	09	28	0.0000	 0.0000	 0.0000	 0.0000
1949	09	29	0.0000	 0.0000	 0.0000	 0.0000
1949	09	30	0.0000	 0.0000	 0.0000	 0.0000
1949	10	01	0.0000	 0.0000	 0.0000	 0.0000
1949	10	02	0.0000	 0.0000	 0.0000	 0.0000
1949	10	03	0.0162	 0.0105	 0.0092	 0.0559
1949	10	04	0.1132	 0.0920	 0.1292	 0.3039
1949	10	05	0.0466	 0.0437	 0.1917	 0.2480
1949	10	06	0.0007	 0.0008	 0.0931	 0.0559
1949	10	07	0.0000	 0.0000	 0.0191	 0.0000
1949	10	08	0.8908	 0.7328	 0.3539	 0.3039
1949	10	09	1.6466	 1.0033	 0.2012	 0.2480
1949	10	10	1.8827	 1.0511	 0.1345	 0.2480
1949	10	11	1.2688	 0.6685	 0.0772	 0.2480
1949	10	12	0.8464	 0.4415	 0.0038	 0.2480
1949	10	13	0.0000	 0.0000	 0.0000	 0.0000
1949	10	14	0.0003	 0.0003	 0.0606	 0.0559
1949	10	15	0.0000	 0.0000	 0.0000	 0.0000
1949	10	16	0.0000	 0.0000	 0.0000	 0.0000
1949	10	17	0.0000	 0.0000	 0.0000	 0.0000
1949	10	18	0.0000	 0.0000	 0.0000	 0.0000
1949	10	19	0.0000	 0.0000	 0.0000	 0.0000
1949	10	20	0.0000	 0.0000	 0.0000	 0.0000
1949	10	21	0.0000	 0.0000	 0.0000	 0.0000
1949	10	22	0.0000	 0.0000	 0.0000	 0.0000
1949	10	23	0.0000	 0.0000	 0.0000	 0.0000
1949	10	24	0.0000	 0.0000	 0.0000	 0.0000
1949	10	25	0.0000	 0.0000	 0.0000	 0.0000
1949	10	26	0.0110	 0.0074	 0.0402	 0.0559
1949	10	27	4.6149	 2.3458	 0.7801	 0.4960
1949	10	28	10.1404	 4.7144	 1.5270	 0.5519
1949	10	29	10.4096	 4.7690	 1.3805	 0.4960
1949	10	30	10.3754	 4.6538	 1.3333	 0.4960
1949	10	31	10.1229	 4.4432	 1.3086	 0.4748
1949	11	01	9.7496	 4.1978	 1.2706	 0.4401
1949	11	02	9.4891	 4.0036	 1.2576	 0.4401
1949	11	03	9.2532	 3.8257	 1.2328	 0.3653
1949	11	04	9.1155	 3.7001	 1.2022	 0.3653
1949	11	05	8.9064	 3.5494	 1.1458	 0.3653
1949	11	06	8.8698	 3.4850	 1.0173	 0.3653
1949	11	07	8.8878	 3.4518	 1.0329	 0.2480
1949	11	08	11.9735	 5.0541	 1.3736	 0.4960
1949	11	09	14.4466	 6.2457	 1.6105	 0.7440
1949	11	10	30.9970	 13.8387	 2.8235	 1.0000
1949	11	11	65.2812	 26.6082	 3.1881	 0.8017
1949	11	12	81.4323	 31.2992	 3.4253	 0.8017
1949	11	13	90.7257	 33.0314	 2.9264	 0.8017
1949	11	14	96.6728	 33.9656	 2.8432	 0.8017
1949	11	15	96.4637	 33.0082	 2.8849	 0.8017
1949	11	16	96.1513	 32.1117	 2.9156	 0.7797
1949	11	17	96.1356	 31.4977	 2.9298	 0.7797
1949	11	18	96.2973	 31.0145	 3.0028	 0.7440
1949	11	19	96.3009	 30.4898	 3.0053	 0.7440
1949	11	20	96.3069	 30.1460	 3.0316	 0.7440
1949	11	21	100.8787	 32.8686	 3.5609	 1.0000
1949	11	22	113.1864	 38.6950	 3.9324	 1.0000
1949	11	23	138.3500	 48.5532	 4.2784	 1.0000
1949	11	24	160.9352	 55.1803	 4.2024	 1.0000
1949	11	25	184.2581	 61.6330	 3.8779	 1.0000
1949	11	26	222.1694	 72.8678	 2.2323	 1.0000
1949	11	27	256.4028	 81.6081	 3.7944	 1.0000
1949	11	28	271.8460	 84.4605	 4.3651	 1.0000
1949	11	29	280.1428	 85.1280	 4.4405	 1.0000
1949	11	30	287.1699	 85.5948	 4.4427	 1.0000
1949	12	01	312.2714	 93.3120	 4.3095	 1.0000
1949	12	02	326.8905	 97.5595	 4.2973	 1.0000
1949	12	03	335.2465	 100.5080	 4.3589	 1.0000
1949	12	04	340.9520	 101.3404	 4.3330	 1.0000
1949	12	05	342.4759	 100.2771	 4.2600	 1.0000
1949	12	06	342.5241	 98.7957	 4.2867	 1.0000
1949	12	07	342.5658	 97.4533	 4.2844	 1.0000
1949	12	08	343.0649	 96.8075	 4.2867	 1.0000
1949	12	09	343.1273	 95.8064	 4.2001	 1.0000
1949	12	10	343.1436	 94.9822	 4.2131	 1.0000
1949	12	11	343.1902	 94.3952	 4.2320	 1.0000
1949	12	12	343.2345	 93.7405	 4.2328	 1.0000
1949	12	13	343.3229	 93.0345	 4.2462	 1.0000
1949	12	14	347.9127	 95.2037	 4.1978	 1.0000
1949	12	15	352.1652	 96.8887	 4.1249	 1.0000
1949	12	16	358.7976	 100.6464	 4.1129	 1.0000
1949	12	17	366.7214	 104.9560	 3.9673	 1.0000
1949	12	18	369.5186	 106.1065	 3.8821	 1.0000
1949	12	19	370.2477	 106.2030	 3.8765	 1.0000
1949	12	20	371.3070	 106.7036	 3.8582	 1.0000
1949	12	21	374.7020	 108.6939	 3.8699	 1.0000
1949	12	22	386.8976	 113.7635	 4.3895	 1.0000
1949	12	23	399.1661	 117.1963	 4.3510	 1.0000
1949	12	24	407.4964	 121.3150	 4.2004	 1.0000
1949	12	25	417.5083	 126.7271	 4.1503	 1.0000
1949	12	26	427.2262	 128.2056	 4.2595	 1.0000
1949	12	27	458.3852	 137.5856	 4.2176	 1.0000
1949	12	28	468.2200	 136.7248	 4.2615	 1.0000
1949	12	29	471.9394	 135.1859	 4.1875	 1.0000
1949	12	30	481.2608	 139.5343	 4.1641	 1.0000
1949	12	31	486.5246	 142.5542	 4.0170	 1.0000
1950	01	01	488.1279	 142.7667	 3.8814	 1.0000
1950	01	02	488.1175	 141.4036	 3.8883	 1.0000
1950	01	03	488.1057	 140.5457	 3.8805	 1.0000
1950	01	04	492.5943	 146.0523	 3.8849	 1.0000
1950	01	05	506.8911	 162.6007	 3.8730	 1.0000
1950	01	06	519.2581	 172.1159	 3.8111	 1.0000
1950	01	07	520.4407	 167.7277	 3.7266	 1.0000
1950	01	08	522.6572	 165.1497	 3.7127	 1.0000
1950	01	09	541.1276	 176.2140	 3.6738	 1.0000
1950	01	10	554.4550	 178.9508	 3.4567	 1.0000
1950	01	11	557.1719	 176.1045	 3.3766	 1.0000
1950	01	12	560.3455	 175.9778	 3.2406	 1.0000
1950	01	13	563.8194	 177.9350	 3.1943	 1.0000
1950	01	14	566.4720	 179.5318	 3.1837	 1.0000
1950	01	15	572.1076	 184.6543	 3.1627	 1.0000
1950	01	16	572.2136	 181.7387	 3.1622	 1.0000
1950	01	17	572.2231	 178.8896	 3.1583	 1.0000
1950	01	18	593.7364	 203.3703	 3.1343	 1.0000
1950	01	19	635.6384	 240.8922	 3.1168	 1.0000
1950	01	20	664.1880	 242.9154	 3.0734	 1.0000
1950	01	21	691.2809	 232.8390	 3.1698	 1.0000
1950	01	22	705.3921	 220.9923	 3.4629	 1.0000
1950	01	23	708.0956	 214.3163	 3.2862	 1.0000
1950	01	24	708.2659	 211.1030	 3.1478	 1.0000
1950	01	25	715.0533	 218.3714	 3.1494	 1.0000
1950	01	26	720.6250	 222.4254	 3.1034	 1.0000
1950	01	27	721.2729	 220.2233	 3.1043	 1.0000
1950	01	28	721.2684	 217.3383	 3.1049	 1.0000
1950	01	29	721.2670	 215.1821	 3.1055	 1.0000
1950	01	30	721.2379	 213.1883	 3.0920	 1.0000
1950	01	31	721.2363	 211.3445	 3.0933	 1.0000
1950	02	01	721.2701	 209.5798	 3.0737	 1.0000
1950	02	02	721.3796	 207.5330	 3.0546	 1.0000
1950	02	03	735.4927	 222.6252	 3.0245	 1.0000
1950	02	04	745.9101	 228.9704	 2.9319	 1.0000
1950	02	05	761.1576	 236.6521	 2.9147	 1.0000
1950	02	06	772.0718	 233.1762	 3.1603	 1.0000
1950	02	07	790.9929	 229.6216	 3.2113	 1.0000
1950	02	08	800.3062	 225.0472	 3.1558	 1.0000
1950	02	09	803.0104	 220.6431	 3.0764	 1.0000
1950	02	10	804.1733	 217.3917	 3.0519	 1.0000
1950	02	11	807.1767	 214.5630	 3.1805	 1.0000
1950	02	12	828.6742	 219.3534	 3.2364	 1.0000
1950	02	13	838.4073	 218.6418	 3.2615	 1.0000
1950	02	14	844.7007	 216.7250	 3.2603	 1.0000
1950	02	15	851.2348	 215.4371	 3.2507	 1.0000
1950	02	16	853.5865	 213.0309	 3.2553	 1.0000
1950	02	17	853.6791	 210.4420	 3.2156	 1.0000
1950	02	18	854.0296	 207.9358	 3.2128	 1.0000
1950	02	19	854.4508	 205.7913	 3.2303	 1.0000
1950	02	20	854.7237	 204.1337	 3.2599	 1.0000
1950	02	21	856.1629	 202.9444	 3.3019	 1.0000
1950	02	22	872.3006	 207.2552	 3.5167	 1.0000
1950	02	23	914.7210	 221.8037	 3.8467	 1.0000
1950	02	24	951.0658	 233.1592	 3.7969	 1.0000
1950	02	25	971.4113	 237.7782	 3.6857	 1.0000
1950	02	26	976.5326	 236.0663	 3.8411	 1.0000
1950	02	27	976.6950	 233.4901	 3.7240	 1.0000
1950	02	28	976.6414	 231.4676	 3.7158	 1.0000
1950	03	01	976.6549	 229.7487	 3.6070	 1.0000
1950	03	02	979.8984	 229.2357	 4.0075	 1.0000
1950	03	03	1000.0798	 233.3116	 3.9552	 1.0000
1950	03	04	1030.3800	 239.8018	 3.9071	 1.0000
1950	03	05	1040.7825	 240.2201	 3.7367	 1.0000
1950	03	06	1040.5607	 237.4082	 2.8258	 1.0000
1950	03	07	1044.1332	 236.9723	 3.1656	 1.0000
1950	03	08	1046.8855	 236.5189	 3.4301	 1.0000
1950	03	09	1049.1609	 235.8562	 3.5980	 1.0000
1950	03	10	1049.5496	 234.3161	 3.6310	 1.0000
1950	03	11	1049.2444	 232.8566	 3.5303	 1.0000
1950	03	12	1049.5965	 232.1387	 3.5379	 1.0000
1950	03	13	1049.6787	 231.0257	 3.5465	 1.0000
1950	03	14	1050.0227	 229.8616	 3.6547	 1.0000
1950	03	15	1063.2227	 233.1377	 3.5436	 1.0000
1950	03	16	1085.3901	 239.3551	 3.9674	 1.0000
1950	03	17	1099.1335	 242.5086	 4.0939	 1.0000
1950	03	18	1127.0619	 252.2213	 4.1969	 1.0000
1950	03	19	1141.1527	 257.4549	 4.1054	 1.0000
1950	03	20	1144.9522	 257.6337	 4.2291	 1.0000
1950	03	21	1147.8007	 256.6021	 4.2965	 1.0000
1950	03	22	1158.1683	 258.4527	 4.2122	 1.0000
1950	03	23	1168.4471	 261.3442	 4.2366	 1.0000
1950	03	24	1170.3260	 260.0070	 4.2746	 1.0000
1950	03	25	1170.3663	 258.0770	 4.1394	 1.0000
1950	03	26	1176.7513	 258.9989	 4.2949	 1.0000
1950	03	27	1181.4717	 259.0484	 4.2040	 1.0000
1950	03	28	1181.4110	 257.4669	 4.0202	 1.0000
1950	03	29	1186.2320	 258.2902	 4.1950	 1.0000
1950	03	30	1188.4048	 257.3571	 4.1069	 1.0000
1950	03	31	1197.7595	 259.3036	 3.6577	 1.0000
1950	04	01	1203.5917	 259.6198	 4.1237	 1.0000
1950	04	02	1204.4930	 258.2997	 4.1792	 1.0000
1950	04	03	1204.2523	 256.7230	 3.8262	 1.0000
1950	04	04	1204.2900	 255.4024	 3.2675	 1.0000
1950	04	05	1204.4376	 254.0874	 2.5323	 1.0000
1950	04	06	1204.8488	 253.0377	 2.6497	 1.0000
1950	04	07	1207.2653	 253.0804	 2.8446	 1.0000
1950	04	08	1209.8438	 252.8178	 2.7462	 1.0000
1950	04	09	1208.7762	 251.3258	 2.5619	 1.0000
1950	04	10	1206.4186	 249.5401	 1.6018	 1.0000
1950	04	11	1207.4255	 248.7813	 1.0556	 1.0000
1950	04	12	1206.0239	 247.3678	 0.7592	 1.0000
1950	04	13	1203.3838	 245.7891	 0.4947	 1.0000
1950	04	14	1211.3344	 247.6143	 1.0784	 1.0000
1950	04	15	1218.6950	 249.1627	 1.6708	 1.0000
1950	04	16	1221.8659	 249.3471	 1.7023	 1.0000
1950	04	17	1219.1892	 247.7519	 1.3230	 1.0000
1950	04	18	1216.4730	 246.1961	 0.7032	 1.0000
1950	04	19	1211.3921	 244.1026	 0.0000	 1.0000
1950	04	20	1203.3741	 241.4454	 0.0000	 1.0000
1950	04	21	1205.0297	 241.2835	 0.5607	 1.0000
1950	04	22	1206.6916	 241.2700	 1.1270	 1.0000
1950	04	23	1206.2417	 240.5788	 0.8694	 1.0000
1950	04	24	1203.3272	 239.2175	 0.2257	 1.0000
1950	04	25	1198.8836	 237.4886	 0.0000	 1.0000
1950	04	26	1197.2815	 236.4804	 0.0787	 1.0000
1950	04	27	1194.1583	 235.1291	 0.0697	 1.0000
1950	04	28	1189.2152	 233.4205	 0.0807	 1.0000
1950	04	29	1183.4507	 231.5615	 0.0945	 1.0000
1950	04	30	1185.1878	 232.1920	 0.4405	 1.0000
1950	05	01	1179.6776	 230.5090	 0.2563	 1.0000
1950	05	02	1174.4492	 228.8030	 0.1781	 1.0000
1950	05	03	1172.1422	 227.9086	 0.4025	 1.0000
1950	05	04	1167.1415	 226.3408	 0.2010	 1.0000
1950	05	05	1159.8055	 224.3193	 0.0000	 1.0000
1950	05	06	1149.8221	 221.7494	 0.0000	 1.0000
1950	05	07	1139.0680	 219.0808	 0.0000	 1.0000
1950	05	08	1123.6956	 215.5109	 0.0000	 1.0000
1950	05	09	1103.4829	 211.0277	 0.0000	 1.0000
1950	05	10	1078.2251	 205.6340	 0.0000	 1.0000
1950	05	11	1053.1130	 200.3153	 0.0000	 0.9781
1950	05	12	1024.3300	 194.3500	 0.0000	 0.9781
1950	05	13	998.8960	 189.0542	 0.0000	 0.9781
1950	05	14	972.5618	 183.6241	 0.0000	 0.9423
1950	05	15	948.5215	 178.6771	 0.0000	 0.9423
1950	05	16	922.5108	 173.4005	 0.0000	 0.9423
1950	05	17	899.7947	 168.7644	 0.0000	 0.9423
1950	05	18	885.1762	 165.6869	 0.0000	 0.9423
1950	05	19	865.3740	 161.6536	 0.0000	 0.9423
1950	05	20	840.3683	 156.6593	 0.0000	 0.9423
1950	05	21	812.9360	 151.2340	 0.0000	 0.9423
1950	05	22	788.8730	 146.4586	 0.0000	 0.9423
1950	05	23	769.4726	 142.5910	 0.0000	 0.9423
1950	05	24	746.6704	 138.1012	 0.0000	 0.9211
1950	05	25	718.8700	 132.6919	 0.0000	 0.8000
1950	05	26	690.5176	 127.2273	 0.0000	 0.7228
1950	05	27	666.9148	 122.6708	 0.0000	 0.6881
1950	05	28	652.6853	 119.8686	 0.0000	 0.6881
1950	05	29	639.9555	 117.3515	 0.0000	 0.6881
1950	05	30	624.3252	 114.3168	 0.0000	 0.6669
1950	05	31	605.0480	 110.6245	 0.0000	 0.6669
1950	06	01	582.8724	 106.4084	 0.0000	 0.6323
1950	06	02	567.1013	 103.3878	 0.0000	 0.6323
1950	06	03	546.3173	 99.4622	 0.0000	 0.6323
1950	06	04	525.8683	 95.6100	 0.0000	 0.6323
1950	06	05	513.2305	 93.2056	 0.0786	 0.6323
1950	06	06	506.5233	 91.9707	 0.1012	 0.6323
1950	06	07	500.2770	 90.8415	 0.1290	 0.6323
1950	06	08	491.9377	 89.2566	 0.1060	 0.6323
1950	06	09	481.0345	 87.1797	 0.0485	 0.6323
1950	06	10	470.7109	 85.2031	 0.0000	 0.6323
1950	06	11	453.3325	 81.9363	 0.0000	 0.6323
1950	06	12	434.2856	 78.3413	 0.0000	 0.6111
1950	06	13	417.5912	 75.2106	 0.0000	 0.6111
1950	06	14	401.7452	 72.2538	 0.0000	 0.5764
1950	06	15	385.9747	 69.3429	 0.0000	 0.5764
1950	06	16	370.0376	 66.4093	 0.0000	 0.5764
1950	06	17	353.1109	 63.2966	 0.0000	 0.5764
1950	06	18	336.9272	 60.3234	 0.0000	 0.5764
1950	06	19	316.6495	 56.6178	 0.0000	 0.5764
1950	06	20	298.5098	 53.3143	 0.0000	 0.4591
1950	06	21	286.8820	 51.1886	 0.0000	 0.3843
1950	06	22	280.7160	 50.0481	 0.0174	 0.3843
1950	06	23	274.7776	 48.9528	 0.0000	 0.3843
1950	06	24	268.2669	 47.7552	 0.0000	 0.3843
1950	06	25	260.6464	 46.3617	 0.0000	 0.3843
1950	06	26	250.6565	 44.5489	 0.0000	 0.3843
1950	06	27	239.4161	 42.5168	 0.0000	 0.3843
1950	06	28	225.8181	 40.0689	 0.0000	 0.3843
1950	06	29	212.8097	 37.7294	 0.0000	 0.3843
1950	06	30	200.1160	 35.4492	 0.0000	 0.3843
1950	07	01	187.9708	 33.2694	 0.0000	 0.3843
1950	07	02	175.8081	 31.0892	 0.0000	 0.3843
1950	07	03	162.4371	 28.6970	 0.0000	 0.3843
1950	07	04	148.3725	 26.1841	 0.0000	 0.3843
1950	07	05	135.1815	 23.8284	 0.0000	 0.3843
1950	07	06	126.1377	 22.2163	 0.0000	 0.2670
1950	07	07	119.7039	 21.0687	 0.0000	 0.2670
1950	07	08	113.8296	 20.0277	 0.0000	 0.2670
1950	07	09	109.3696	 19.2326	 0.0000	 0.1921
1950	07	10	105.9816	 18.6287	 0.0000	 0.1921
1950	07	11	101.8363	 17.8926	 0.0000	 0.1921
1950	07	12	97.7012	 17.1591	 0.0000	 0.1921
1950	07	13	89.9861	 15.7981	 0.0000	 0.1921
1950	07	14	85.0844	 14.9323	 0.0000	 0.1921
1950	07	15	81.1052	 14.2291	 0.0000	 0.1921
1950	07	16	76.5294	 13.4221	 0.0000	 0.1921
1950	07	17	71.7447	 12.5791	 0.0000	 0.1921
1950	07	18	66.6051	 11.6796	 0.0000	 0.1921
1950	07	19	62.7308	 10.9973	 0.0000	 0.1921
1950	07	20	56.5369	 9.9089	 0.0000	 0.1921
1950	07	21	51.4216	 9.0102	 0.0000	 0.1921
1950	07	22	45.5782	 7.9845	 0.0000	 0.1921
1950	07	23	40.5936	 7.1097	 0.0000	 0.1921
1950	07	24	34.3006	 6.0062	 0.0000	 0.1921
1950	07	25	28.4470	 4.9801	 0.0000	 0.1921
1950	07	26	22.8754	 4.0037	 0.0000	 0.1921
1950	07	27	17.9970	 3.1489	 0.0000	 0.1921
1950	07	28	13.9823	 2.4456	 0.0000	 0.1921
1950	07	29	10.6539	 1.8626	 0.0000	 0.1921
1950	07	30	6.9658	 1.2167	 0.0000	 0.0748
1950	07	31	5.1924	 0.9069	 0.0000	 0.0748
1950	08	01	2.6649	 0.4654	 0.0000	 0.0748
1950	08	02	0.7351	 0.1284	 0.0000	 0.0748
1950	08	03	0.0000	 0.0000	 0.0000	 0.0000
1950	08	04	0.0000	 0.0000	 0.0000	 0.0000
1950	08	05	0.0000	 0.0000	 0.0000	 0.0000
1950	08	06	0.0000	 0.0000	 0.0000	 0.0000
1950	08	07	0.0000	 0.0000	 0.0000	 0.0000
1950	08	08	0.0000	 0.0000	 0.0000	 0.0000
1950	08	09	0.0000	 0.0000	 0.0000	 0.0000
1950	08	10	0.0000	 0.0000	 0.0000	 0.0000
1950	08	11	0.0000	 0.0000	 0.0000	 0.0000
1950	08	12	0.0000	 0.0000	 0.0000	 0.0000
1950	08	13	0.0000	 0.0000	 0.0000	 0.0000
1950	08	14	0.0000	 0.0000	 0.0000	 0.0000
1950	08	15	0.0000	 0.0000	 0.0000	 0.0000
1950	08	16	0.0000	 0.0000	 0.0000	 0.0000
1950	08	17	0.0000	 0.0000	 0.0000	 0.0000
1950	08	18	0.0000	 0.0000	 0.0000	 0.0000
1950	08	19	0.0000	 0.0000	 0.0000	 0.0000
1950	08	20	0.0000	 0.0000	 0.0000	 0.0000
1950	08	21	0.0000	 0.0000	 0.0000	 0.0000
1950	08	22	0.0000	 0.0000	 0.0000	 0.0000
1950	08	23	0.0000	 0.0000	 0.0000	 0.0000
1950	08	24	0.0000	 0.0000	 0.0000	 0.0000
1950	08	25	0.0000	 0.0000	 0.0000	 0.0000
1950	08	26	0.0000	 0.0000	 0.0000	 0.0000
1950	08	27	0.0000	 0.0000	 0.0000	 0.0000
1950	08	28	0.0000	 0.0000	 0.0000	 0.0000
1950	08	29	0.0000	 0.0000	 0.0000	 0.0000
1950	08	30	0.0000	 0.0000	 0.0000	 0.0000
1950	08	31	0.0000	 0.0000	 0.0000	 0.0000
1950	09	01	0.0000	 0.0000	 0.0000	 0.0000
1950	09	02	0.0000	 0.0000	 0.0000	 0.0000
1950	09	03	0.0000	 0.0000	 0.0000	 0.0000
1950	09	04	0.0000	 0.0000	 0.0000	 0.0000
1950	09	05	0.0000	 0.0000	 0.0000	 0.0000
1950	09	06	0.0000	 0.0000	 0.0000	 0.0000
1950	09	07	0.0000	 0.0000	 0.0000	 0.0000
1950	09	08	0.0000	 0.0000	 0.0000	 0.0000
1950	09	09	0.0000	 0.0000	 0.0000	 0.0000
1950	09	10	0.0000	 0.0000	 0.0000	 0.0000
1950	09	11	0.0000	 0.0000	 0.0000	 0.0000
1950	09	12	0.0000	 0.0000	 0.0000	 0.0000
1950	09	13	0.0000	 0.0000	 0.0000	 0.0000
1950	09	14	0.0000	 0.0000	 0.0000	 0.0000
1950	09	15	0.0000	 0.0000	 0.0000	 0.0000
1950	09	16	0.0000	 0.0000	 0.0000	 0.0000
1950	09	17	0.0000	 0.0000	 0.0000	 0.0000
1950	09	18	0.0000	 0.0000	 0.0000	 0.0000
1950	09	19	0.0000	 0.0000	 0.0000	 0.0000
1950	09	20	0.0000	 0.0000	 0.0000	 0.0000
1950	09	21	0.0000	 0.0000	 0.0000	 0.0000
1950	09	22	0.0000	 0.0000	 0.0000	 0.0000
1950	09	23	0.0000	 0.0000	 0.0000	 0.0000
1950	09	24	0.0000	 0.0000	 0.0000	 0.0000
1950	09	25	0.0242	 0.0154	 0.0035	 0.0559
1950	09	26	0.0000	 0.0000	 0.0474	 0.0000
1950	09	27	0.0000	 0.0000	 0.0000	 0.0000
1950	09	28	0.0000	 0.0000	 0.0000	 0.0000
1950	09	29	0.0000	 0.0000	 0.0000	 0.0000
1950	09	30	0.0000	 0.0000	 0.0645	 0.0000
1950	10	01	0.0005	 0.0005	 0.0924	 0.0559
1950	10	02	0.0000	 0.0000	 0.0670	 0.0000
1950	10	03	0.9798	 0.7032	 0.9295	 0.4960
1950	10	04	3.3472	 2.1025	 0.4485	 0.4960
1950	10	05	3.9914	 2.1811	 0.5294	 0.4960
1950	10	06	3.9907	 2.0760	 0.0579	 0.2480
1950	10	07	4.6941	 2.2672	 0.2467	 0.2480
1950	10	08	4.5717	 2.1190	 0.1421	 0.3039
1950	10	09	18.5439	 8.8358	 1.7867	 0.7440
1950	10	10	20.0720	 8.9631	 0.7653	 0.6881
1950	10	11	19.9939	 8.5502	 0.3113	 0.4960
1950	10	12	17.9031	 7.2616	 0.0237	 0.4960
1950	10	13	15.3103	 5.9177	 0.0050	 0.3575
1950	10	14	14.4142	 5.3926	 0.0912	 0.3039
1950	10	15	14.4145	 5.3093	 0.0000	 0.2480
1950	10	16	14.5858	 5.3006	 0.1091	 0.2480
1950	10	17	16.5906	 6.2216	 0.7143	 0.4960
1950	10	18	19.1916	 7.1558	 0.7616	 0.4960
1950	10	19	19.7585	 7.2557	 0.7749	 0.5306
1950	10	20	19.9503	 7.1560	 0.7583	 0.5306
1950	10	21	19.9531	 7.0435	 0.6715	 0.2480
1950	10	22	19.9612	 6.9546	 0.6811	 0.2480
1950	10	23	20.3837	 7.1050	 1.0039	 0.4960
1950	10	24	31.1172	 13.0744	 2.0339	 1.0000
1950	10	25	35.3504	 14.2313	 2.4481	 0.7440
1950	10	26	51.6540	 21.4931	 2.9109	 1.0000
1950	10	27	72.7384	 27.8623	 3.2779	 0.8213
1950	10	28	82.9108	 30.7096	 3.4046	 0.7440
1950	10	29	84.7863	 30.4310	 3.6188	 0.7440
1950	10	30	85.2197	 29.7878	 3.6783	 0.7440
1950	10	31	105.4098	 38.8103	 4.0563	 1.0000
1950	11	01	122.8691	 45.3095	 4.1645	 1.0000
1950	11	02	123.9780	 44.0607	 4.2659	 1.0000
1950	11	03	125.3657	 42.9369	 4.0285	 1.0000
1950	11	04	129.1964	 42.9766	 3.8533	 1.0000
1950	11	05	130.4635	 42.4483	 4.0217	 1.0000
1950	11	06	130.5485	 41.6389	 4.1440	 1.0000
1950	11	07	130.4080	 40.8705	 4.1175	 1.0000
1950	11	08	130.3431	 40.3694	 4.0755	 1.0000
1950	11	09	130.2227	 39.9580	 4.0297	 1.0000
1950	11	10	130.2405	 39.6138	 3.9880	 1.0000
1950	11	11	131.1215	 39.7986	 4.0031	 1.0000
1950	11	12	131.0385	 39.4475	 3.9000	 1.0000
1950	11	13	133.5104	 41.2648	 3.9469	 1.0000
1950	11	14	143.0641	 47.7859	 3.9821	 1.0000
1950	11	15	157.5822	 56.1260	 3.9968	 1.0000
1950	11	16	166.2555	 58.0731	 4.4325	 1.0000
1950	11	17	175.4145	 61.3505	 4.3511	 1.0000
1950	11	18	178.2702	 62.0620	 4.3270	 1.0000
1950	11	19	210.9272	 84.9804	 4.3117	 1.0000
1950	11	20	254.6273	 102.1318	 4.3472	 1.0000
1950	11	21	282.4466	 104.4710	 4.5645	 1.0000
1950	11	22	300.8013	 102.1844	 4.1904	 1.0000
1950	11	23	316.4860	 102.3138	 4.1107	 1.0000
1950	11	24	342.8838	 107.0760	 4.2771	 1.0000
1950	11	25	361.5801	 109.8666	 4.3086	 1.0000
1950	11	26	371.8234	 110.3610	 4.3775	 1.0000
1950	11	27	386.7176	 112.8974	 4.3885	 1.0000
1950	11	28	386.6873	 111.0049	 4.4214	 1.0000
1950	11	29	395.7506	 114.7127	 4.4511	 1.0000
1950	11	30	403.9556	 117.9742	 4.3906	 1.0000
1950	12	01	405.4096	 117.2417	 4.1751	 1.0000
1950	12	02	407.2346	 116.7464	 4.1416	 1.0000
1950	12	03	408.4026	 115.7077	 4.1124	 1.0000
1950	12	04	408.5195	 114.0606	 4.1126	 1.0000
1950	12	05	424.9553	 123.2061	 4.0281	 1.0000
1950	12	06	437.6506	 130.8036	 3.9929	 1.0000
1950	12	07	441.8341	 130.2459	 4.0098	 1.0000
1950	12	08	449.1795	 130.7416	 4.1833	 1.0000
1950	12	09	459.6739	 132.5350	 4.2068	 1.0000
1950	12	10	464.1881	 131.1068	 4.1885	 1.0000
1950	12	11	464.6093	 128.4657	 4.2230	 1.0000
1950	12	12	464.6677	 126.3441	 4.2321	 1.0000
1950	12	13	467.1963	 126.5513	 4.2401	 1.0000
1950	12	14	478.1795	 132.3528	 4.2041	 1.0000
1950	12	15	488.2861	 135.3805	 4.2151	 1.0000
1950	12	16	499.7614	 139.0384	 4.2204	 1.0000
1950	12	17	502.3916	 137.5782	 4.2187	 1.0000
1950	12	18	512.0144	 139.3960	 4.1850	 1.0000
1950	12	19	523.1552	 141.8920	 4.1841	 1.0000
1950	12	20	526.9610	 140.9377	 4.2866	 1.0000
1950	12	21	538.5050	 142.8241	 4.2555	 1.0000
1950	12	22	551.0254	 145.3411	 4.3678	 1.0000
1950	12	23	558.1455	 146.0145	 4.4043	 1.0000
1950	12	24	563.8301	 145.9039	 4.3737	 1.0000
1950	12	25	571.8903	 147.5416	 4.3874	 1.0000
1950	12	26	578.2014	 148.5856	 4.4186	 1.0000
1950	12	27	584.8968	 150.0955	 4.4019	 1.0000
1950	12	28	587.9899	 149.7606	 4.4071	 1.0000
1950	12	29	590.2198	 148.9845	 4.3983	 1.0000
1950	12	30	590.8481	 147.6473	 4.3811	 1.0000
1950	12	31	602.9644	 151.1560	 4.3573	 1.0000
1951	01	01	625.2390	 158.0037	 4.1386	 1.0000
1951	01	02	655.9520	 169.0046	 4.1678	 1.0000
1951	01	03	664.8831	 170.7172	 4.0888	 1.0000
1951	01	04	667.1273	 169.6680	 4.1070	 1.0000
1951	01	05	667.7487	 168.4616	 4.1121	 1.0000
1951	01	06	667.8053	 167.1543	 4.1024	 1.0000
1951	01	07	669.0034	 166.9131	 4.0514	 1.0000
1951	01	08	669.6323	 166.4135	 4.0476	 1.0000
1951	01	09	674.0225	 169.2073	 4.0511	 1.0000
1951	01	10	677.7108	 170.0580	 4.0266	 1.0000
1951	01	11	677.7787	 168.3870	 4.0026	 1.0000
1951	01	12	705.3668	 182.3960	 4.1106	 1.0000
1951	01	13	734.3006	 193.8334	 4.0455	 1.0000
1951	01	14	777.3494	 208.5265	 4.0859	 1.0000
1951	01	15	821.3062	 222.8052	 3.9468	 1.0000
1951	01	16	857.3314	 235.9061	 3.8781	 1.0000
1951	01	17	871.8947	 237.6004	 3.8521	 1.0000
1951	01	18	877.4843	 236.7729	 3.8404	 1.0000
1951	01	19	906.9427	 250.6189	 3.8136	 1.0000
1951	01	20	944.9384	 265.5022	 3.7733	 1.0000
1951	01	21	960.5213	 264.6401	 3.6271	 1.0000
1951	01	22	962.3662	 257.9891	 3.6026	 1.0000
1951	01	23	974.9078	 257.9201	 3.5715	 1.0000
1951	01	24	987.8462	 257.0916	 3.8815	 1.0000
1951	01	25	1000.0185	 255.2745	 3.9021	 1.0000
1951	01	26	1002.9881	 252.5490	 3.7866	 1.0000
1951	01	27	1002.8837	 250.4779	 3.7367	 1.0000
1951	01	28	1002.5461	 249.2118	 3.6301	 1.0000
1951	01	29	1002.5269	 248.2130	 3.6352	 1.0000
1951	01	30	1002.5386	 247.2500	 3.6487	 1.0000
1951	01	31	1006.1064	 250.8089	 3.6370	 1.0000
1951	02	01	1041.3492	 290.6447	 3.5854	 1.0000
1951	02	02	1073.1658	 310.8782	 3.4808	 1.0000
1951	02	03	1083.3753	 306.3169	 3.3934	 1.0000
1951	02	04	1084.1900	 297.7414	 3.3941	 1.0000
1951	02	05	1085.0122	 290.7559	 3.3730	 1.0000
1951	02	06	1100.0504	 295.4079	 3.3739	 1.0000
1951	02	07	1139.1478	 305.5060	 3.3690	 1.0000
1951	02	08	1224.6806	 325.7981	 3.6289	 1.0000
1951	02	09	1305.3511	 336.7587	 3.4805	 1.0000
1951	02	10	1330.6557	 331.7671	 3.8741	 1.0000
1951	02	11	1331.8572	 325.1244	 3.8107	 1.0000
1951	02	12	1332.6113	 321.4705	 3.8335	 1.0000
1951	02	13	1332.4555	 318.2984	 3.7883	 1.0000
1951	02	14	1333.1664	 315.8279	 3.7190	 1.0000
1951	02	15	1333.6628	 312.9033	 3.7262	 1.0000
1951	02	16	1333.6849	 310.1785	 3.7453	 1.0000
1951	02	17	1333.9801	 307.3657	 3.7318	 1.0000
1951	02	18	1338.0350	 306.3231	 3.8389	 1.0000
1951	02	19	1352.1847	 309.9797	 3.8276	 1.0000
1951	02	20	1361.0815	 311.0921	 3.8094	 1.0000
1951	02	21	1361.0387	 308.4417	 3.7876	 1.0000
1951	02	22	1360.6472	 306.0552	 3.6285	 1.0000
1951	02	23	1360.5609	 304.2316	 3.6082	 1.0000
1951	02	24	1360.7933	 302.6762	 3.5413	 1.0000
1951	02	25	1360.6661	 300.9852	 3.4869	 1.0000
1951	02	26	1360.6033	 299.5612	 3.4588	 1.0000
1951	02	27	1360.5319	 298.3056	 3.4246	 1.0000
1951	02	28	1360.5140	 297.1186	 3.4222	 1.0000
1951	03	01	1360.4924	 295.9305	 3.4192	 1.0000
1951	03	02	1360.2906	 294.6987	 3.3525	 1.0000
1951	03	03	1394.9542	 318.4908	 3.4072	 1.0000
1951	03	04	1415.3781	 328.4042	 3.1825	 1.0000
1951	03	05	1422.2397	 330.9969	 2.9640	 1.0000
1951	03	06	1426.9101	 332.4533	 2.8946	 1.0000
1951	03	07	1436.5999	 338.8794	 2.8893	 1.0000
1951	03	08	1448.3771	 343.9212	 2.8464	 1.0000
1951	03	09	1451.3827	 342.6853	 2.7214	 1.0000
1951	03	10	1454.7531	 342.8692	 2.6710	 1.0000
1951	03	11	1476.0365	 358.8070	 2.6549	 1.0000
1951	03	12	1490.0755	 361.6310	 2.5965	 1.0000
1951	03	13	1493.2461	 357.9620	 2.6239	 1.0000
1951	03	14	1528.1648	 361.3294	 3.1277	 1.0000
1951	03	15	1556.5764	 364.6033	 3.6600	 1.0000
1951	03	16	1572.2315	 367.2417	 3.6022	 1.0000
1951	03	17	1572.3163	 362.9629	 3.5740	 1.0000
1951	03	18	1572.3284	 359.2449	 3.5062	 1.0000
1951	03	19	1572.1060	 355.4490	 3.4983	 1.0000
1951	03	20	1571.4961	 351.1628	 3.4600	 1.0000
1951	03	21	1573.4236	 347.9510	 3.6203	 1.0000
1951	03	22	1574.0692	 344.7800	 3.7096	 1.0000
1951	03	23	1573.7061	 341.5979	 3.6138	 1.0000
1951	03	24	1573.0256	 338.5571	 3.5212	 1.0000
1951	03	25	1572.5582	 335.8136	 3.3951	 1.0000
1951	03	26	1571.8602	 332.9980	 2.8331	 1.0000
1951	03	27	1570.7693	 330.3903	 2.5790	 1.0000
1951	03	28	1575.7241	 330.2945	 2.7957	 1.0000
1951	03	29	1578.7929	 329.6074	 2.9278	 1.0000
1951	03	30	1578.2975	 327.8228	 2.6873	 1.0000
1951	03	31	1577.4268	 325.8514	 2.5173	 1.0000
1951	04	01	1576.3454	 323.8154	 1.8929	 1.0000
1951	04	02	1574.0459	 321.5385	 1.1495	 1.0000
1951	04	03	1570.2973	 318.9972	 0.5821	 1.0000
1951	04	04	1565.9990	 316.4003	 0.1359	 1.0000
1951	04	05	1561.0306	 313.7160	 0.0000	 1.0000
1951	04	06	1555.2494	 311.0336	 0.0000	 1.0000
1951	04	07	1548.6149	 308.2701	 0.0000	 1.0000
1951	04	08	1539.9270	 305.1354	 0.0000	 1.0000
1951	04	09	1529.7988	 301.8389	 0.0000	 1.0000
1951	04	10	1520.7690	 298.9023	 0.0000	 1.0000
1951	04	11	1508.5121	 295.3463	 0.0000	 1.0000
1951	04	12	1492.5524	 291.0963	 0.0000	 1.0000
1951	04	13	1473.9527	 286.4114	 0.0000	 1.0000
1951	04	14	1457.3354	 282.2310	 0.0000	 1.0000
1951	04	15	1440.0848	 277.9896	 0.0000	 1.0000
1951	04	16	1417.8803	 272.8006	 0.0000	 1.0000
1951	04	17	1393.6394	 267.2684	 0.0000	 1.0000
1951	04	18	1371.9875	 262.3190	 0.0000	 1.0000
1951	04	19	1363.4052	 260.0857	 0.0000	 1.0000
1951	04	20	1353.9624	 257.7200	 0.0000	 1.0000
1951	04	21	1339.3350	 254.3287	 0.0000	 1.0000
1951	04	22	1320.6811	 250.1476	 0.0000	 1.0000
1951	04	23	1301.1555	 245.8465	 0.0000	 1.0000
1951	04	24	1278.0814	 240.9002	 0.0000	 1.0000
1951	04	25	1247.4091	 234.5214	 0.0000	 1.0000
1951	04	26	1232.5983	 231.1754	 0.0141	 1.0000
1951	04	27	1228.0100	 229.9136	 0.1098	 1.0000
1951	04	28	1222.5025	 228.4322	 0.2163	 1.0000
1951	04	29	1214.0804	 226.3834	 0.0336	 0.9781
1951	04	30	1204.4694	 224.1351	 0.0000	 0.9781
1951	05	01	1191.6459	 221.2683	 0.0000	 0.9781
1951	05	02	1176.2424	 217.9637	 0.0000	 0.9781
1951	05	03	1158.2383	 214.1948	 0.0000	 0.9423
1951	05	04	1140.7760	 210.5965	 0.0486	 0.9423
1951	05	05	1123.2082	 207.0407	 0.0000	 0.9423
1951	05	06	1101.1461	 202.5765	 0.0000	 0.9423
1951	05	07	1079.0515	 198.1588	 0.0000	 0.9423
1951	05	08	1056.4951	 193.6438	 0.0057	 0.9423
1951	05	09	1029.0792	 188.2687	 0.0000	 0.9423
1951	05	10	1000.9666	 182.9390	 0.0000	 0.9423
1951	05	11	977.9784	 178.7608	 0.2517	 0.9423
1951	05	12	966.6595	 176.4943	 0.0946	 0.9423
1951	05	13	946.6340	 172.5298	 0.0000	 0.9211
1951	05	14	921.2190	 167.5760	 0.0000	 0.9211
1951	05	15	892.9824	 162.1505	 0.0000	 0.9211
1951	05	16	864.8109	 156.7491	 0.0000	 0.9211
1951	05	17	837.9250	 151.5978	 0.0000	 0.8865
1951	05	18	818.2697	 147.7903	 0.0000	 0.8865
1951	05	19	795.8719	 143.5025	 0.0000	 0.8865
1951	05	20	771.5185	 138.8643	 0.0000	 0.8865
1951	05	21	744.6308	 133.7917	 0.0000	 0.7880
1951	05	22	718.9418	 128.9687	 0.0000	 0.7880
1951	05	23	695.4118	 124.5475	 0.1156	 0.7880
1951	05	24	690.9235	 123.7042	 0.1825	 0.6881
1951	05	25	684.4394	 122.4327	 0.2069	 0.6881
1951	05	26	671.6832	 120.0712	 0.0000	 0.6323
1951	05	27	660.8520	 117.9921	 0.0000	 0.6323
1951	05	28	655.4553	 116.8966	 0.0000	 0.6323
1951	05	29	648.2097	 115.4799	 0.0000	 0.6323
1951	05	30	640.3959	 113.9645	 0.0000	 0.6323
1951	05	31	630.0153	 111.9922	 0.0000	 0.6323
1951	06	01	616.1023	 109.3894	 0.0000	 0.6323
1951	06	02	594.7431	 105.4707	 0.0000	 0.6323
1951	06	03	579.2598	 102.6324	 0.0000	 0.6323
1951	06	04	567.2620	 100.5039	 0.0000	 0.6323
1951	06	05	557.0102	 98.6299	 0.0396	 0.6323
1951	06	06	546.9805	 96.8185	 0.0000	 0.6323
1951	06	07	536.1809	 94.8025	 0.0499	 0.6323
1951	06	08	524.4606	 92.6402	 0.0021	 0.6323
1951	06	09	503.6481	 88.8637	 0.0000	 0.6323
1951	06	10	484.8906	 85.4470	 0.0000	 0.6323
1951	06	11	466.1224	 82.0246	 0.0000	 0.6323
1951	06	12	447.3879	 78.6086	 0.0000	 0.6323
1951	06	13	428.6681	 75.1986	 0.0000	 0.6323
1951	06	14	408.0613	 71.4617	 0.0000	 0.6323
1951	06	15	390.4370	 68.2738	 0.0000	 0.6111
1951	06	16	373.3751	 65.1900	 0.0000	 0.6111
1951	06	17	356.1246	 62.0834	 0.0000	 0.5764
1951	06	18	341.0035	 59.3754	 0.0000	 0.5764
1951	06	19	329.7375	 57.3575	 0.0000	 0.3843
1951	06	20	321.5982	 55.8996	 0.0000	 0.3843
1951	06	21	309.7949	 53.8060	 0.0000	 0.3843
1951	06	22	299.7492	 52.0217	 0.0000	 0.3843
1951	06	23	290.1555	 50.3185	 0.0000	 0.3843
1951	06	24	281.7492	 48.8235	 0.0000	 0.3843
1951	06	25	266.9168	 46.2147	 0.0000	 0.3843
1951	06	26	256.3904	 44.3576	 0.0000	 0.3843
1951	06	27	245.7505	 42.4829	 0.0000	 0.3843
1951	06	28	234.9178	 40.5767	 0.0000	 0.3843
1951	06	29	224.2681	 38.7046	 0.0000	 0.3843
1951	06	30	210.2983	 36.2590	 0.0000	 0.3843
1951	07	01	198.5711	 34.2046	 0.0000	 0.3843
1951	07	02	187.1995	 32.2139	 0.0000	 0.3843
1951	07	03	174.7213	 30.0330	 0.0000	 0.3843
1951	07	04	167.1400	 28.7155	 0.0445	 0.4401
1951	07	05	162.7452	 28.0413	 0.0229	 0.4401
1951	07	06	155.3595	 26.7178	 0.0244	 0.4401
1951	07	07	151.0381	 25.9533	 0.0000	 0.1921
1951	07	08	147.6282	 25.3573	 0.0000	 0.1921
1951	07	09	143.8400	 24.6977	 0.0000	 0.1921
1951	07	10	140.7059	 24.1522	 0.0000	 0.1921
1951	07	11	136.8879	 23.4871	 0.0000	 0.1921
1951	07	12	131.7853	 22.6026	 0.0000	 0.1921
1951	07	13	125.2340	 21.4708	 0.0000	 0.1921
1951	07	14	119.1429	 20.4192	 0.0000	 0.1921
1951	07	15	113.4885	 19.4435	 0.0000	 0.1921
1951	07	16	107.7249	 18.4501	 0.0000	 0.1921
1951	07	17	101.2345	 17.3332	 0.0000	 0.1921
1951	07	18	95.2216	 16.2991	 0.0000	 0.1921
1951	07	19	90.7357	 15.5271	 0.0000	 0.1921
1951	07	20	86.5881	 14.8135	 0.0000	 0.1921
1951	07	21	81.4092	 13.9242	 0.0000	 0.1921
1951	07	22	74.8582	 12.8008	 0.0000	 0.1921
1951	07	23	68.0604	 11.6360	 0.0000	 0.1921
1951	07	24	62.0437	 10.6054	 0.0000	 0.1921
1951	07	25	56.5825	 9.6703	 0.0000	 0.1921
1951	07	26	50.5480	 8.6376	 0.0000	 0.1921
1951	07	27	44.8448	 7.6620	 0.0000	 0.1921
1951	07	28	38.9016	 6.6458	 0.0000	 0.1921
1951	07	29	33.0083	 5.6385	 0.0000	 0.1921
1951	07	30	27.1505	 4.6375	 0.0000	 0.1921
1951	07	31	21.3416	 3.6450	 0.0000	 0.1921
1951	08	01	15.3053	 2.6139	 0.0000	 0.1921
1951	08	02	9.0863	 1.5518	 0.0000	 0.1921
1951	08	03	2.9258	 0.4997	 0.0000	 0.1921
1951	08	04	0.0000	 0.0000	 0.0000	 0.0000
1951	08	05	0.0000	 0.0000	 0.0000	 0.0000
1951	08	06	0.0000	 0.0000	 0.0000	 0.0000
1951	08	07	0.0000	 0.0000	 0.0000	 0.0000
1951	08	08	0.0000	 0.0000	 0.0000	 0.0000
1951	08	09	0.0000	 0.0000	 0.0000	 0.0000
1951	08	10	0.0000	 0.0000	 0.0000	 0.0000
1951	08	11	0.0000	 0.0000	 0.0000	 0.0000
1951	08	12	0.0000	 0.0000	 0.0000	 0.0000
1951	08	13	0.0000	 0.0000	 0.0000	 0.0000
1951	08	14	0.0000	 0.0000	 0.0000	 0.0000
1951	08	15	0.0000	 0.0000	 0.0000	 0.0000
1951	08	16	0.0000	 0.0000	 0.0000	 0.0000
1951	08	17	0.0000	 0.0000	 0.0000	 0.0000
1951	08	18	0.0000	 0.0000	 0.0000	 0.0000
1951	08	19	0.0000	 0.0000	 0.0000	 0.0000
1951	08	20	0.0000	 0.0000	 0.0000	 0.0000
1951	08	21	0.0000	 0.0000	 0.0000	 0.0000
1951	08	22	0.0000	 0.0000	 0.0000	 0.0000
1951	08	23	0.0000	 0.0000	 0.0000	 0.0000
1951	08	24	0.0000	 0.0000	 0.0000	 0.0000
1951	08	25	0.0000	 0.0000	 0.0000	 0.0000
1951	08	26	0.0000	 0.0000	 0.0000	 0.0000
1951	08	27	0.0000	 0.0000	 0.0000	 0.0000
1951	08	28	0.0000	 0.0000	 0.0000	 0.0000
1951	08	29	0.0000	 0.0000	 0.0000	 0.0000
1951	08	30	0.0000	 0.0000	 0.0000	 0.0000
1951	08	31	0.0000	 0.0000	 0.0000	 0.0000
1951	09	01	0.0000	 0.0000	 0.0000	 0.0000
1951	09	02	0.0000	 0.0000	 0.0000	 0.0000
1951	09	03	0.0000	 0.0000	 0.0000	 0.0000
1951	09	04	0.0000	 0.0000	 0.0000	 0.0000
1951	09	05	0.0000	 0.0000	 0.0000	 0.0000
1951	09	06	0.0000	 0.0000	 0.0000	 0.0000
1951	09	07	0.0000	 0.0000	 0.0000	 0.0000
1951	09	08	0.0000	 0.0000	 0.0000	 0.0000
1951	09	09	0.0000	 0.0000	 0.0000	 0.0000
1951	09	10	0.0000	 0.0000	 0.0000	 0.0000
1951	09	11	0.0000	 0.0000	 0.0000	 0.0000
1951	09	12	0.0000	 0.0000	 0.0000	 0.0000
1951	09	13	0.0000	 0.0000	 0.0000	 0.0000
1951	09	14	0.0000	 0.0000	 0.0000	 0.0000
1951	09	15	0.0000	 0.0000	 0.0000	 0.0000
1951	09	16	0.0000	 0.0000	 0.0000	 0.0000
1951	09	17	0.0000	 0.0000	 0.0000	 0.0000
1951	09	18	0.0000	 0.0000	 0.0000	 0.0000
1951	09	19	0.0000	 0.0000	 0.0000	 0.0000
1951	09	20	0.0000	 0.0000	 0.0000	 0.0000
1951	09	21	0.0000	 0.0000	 0.0000	 0.0000
1951	09	22	0.0000	 0.0000	 0.0000	 0.0000
1951	09	23	0.0000	 0.0000	 0.0000	 0.0000
1951	09	24	0.0000	 0.0000	 0.0000	 0.0000
1951	09	25	0.0000	 0.0000	 0.0398	 0.0000
1951	09	26	0.0000	 0.0000	 0.0128	 0.0000
1951	09	27	0.1402	 0.0981	 0.0753	 0.2480
1951	09	28	0.0000	 0.0000	 0.0000	 0.0000
1951	09	29	0.0000	 0.0000	 0.0000	 0.0000
1951	09	30	0.0000	 0.0000	 0.0000	 0.0000
1951	10	01	0.0000	 0.0000	 0.0000	 0.0000
1951	10	02	0.0000	 0.0000	 0.0000	 0.0000
1951	10	03	0.0000	 0.0000	 0.0000	 0.0000
1951	10	04	0.0000	 0.0000	 0.0015	 0.0000
1951	10	05	0.0000	 0.0000	 0.0000	 0.0000
1951	10	06	0.0000	 0.0000	 0.0000	 0.0000
1951	10	07	0.0000	 0.0000	 0.0027	 0.0000
1951	10	08	0.0000	 0.0000	 0.0000	 0.0000
1951	10	09	0.0000	 0.0000	 0.0000	 0.0000
1951	10	10	0.0000	 0.0000	 0.0000	 0.0000
1951	10	11	0.0000	 0.0000	 0.0000	 0.0000
1951	10	12	0.0000	 0.0000	 0.0401	 0.0000
1951	10	13	0.1418	 0.0990	 0.1459	 0.2480
1951	10	14	0.7547	 0.4784	 0.2177	 0.4960
1951	10	15	1.9724	 1.2452	 0.6875	 0.5519
1951	10	16	2.3586	 1.4701	 0.9593	 0.7440
1951	10	17	8.6960	 5.4174	 1.9568	 1.0000
1951	10	18	23.0268	 11.2401	 2.7032	 0.8017
1951	10	19	35.7066	 15.9469	 2.9345	 0.8017
1951	10	20	37.4247	 15.7664	 2.0858	 0.7440
1951	10	21	36.4784	 14.7554	 1.5472	 0.7440
1951	10	22	48.5605	 19.7259	 2.7237	 0.8789
1951	10	23	55.8794	 22.4912	 3.5539	 1.0000
1951	10	24	56.0013	 21.7282	 3.4443	 0.9227
1951	10	25	55.8894	 21.1526	 3.4051	 0.7797
1951	10	26	55.8232	 20.7356	 3.3227	 0.7797
1951	10	27	55.7896	 20.3484	 3.1848	 0.7440
1951	10	28	58.3255	 20.9244	 3.0346	 0.7440
1951	10	29	59.0134	 20.8827	 3.2356	 0.7440
1951	10	30	59.0070	 20.6301	 3.1763	 0.7440
1951	10	31	58.9937	 20.4224	 3.1751	 0.7440
1951	11	01	59.2027	 20.5409	 2.9302	 0.7440
1951	11	02	67.9867	 26.8831	 3.7610	 1.0000
1951	11	03	75.0691	 30.2009	 4.0919	 1.0000
1951	11	04	74.4081	 28.7274	 3.7003	 1.0000
1951	11	05	74.1385	 27.8254	 3.7004	 1.0000
1951	11	06	73.6415	 26.8851	 3.6692	 0.9781
1951	11	07	73.2815	 26.1493	 3.6853	 0.9423
1951	11	08	73.1843	 25.6147	 3.6076	 0.8651
1951	11	09	80.5219	 28.4245	 3.7375	 0.9781
1951	11	10	96.5707	 34.1860	 3.8463	 0.9781
1951	11	11	113.4255	 40.2019	 4.4054	 1.0000
1951	11	12	123.1455	 43.2883	 4.5618	 1.0000
1951	11	13	127.0630	 43.6172	 4.5494	 1.0000
1951	11	14	126.9583	 42.5432	 4.4995	 1.0000
1951	11	15	126.9701	 41.8659	 4.5124	 1.0000
1951	11	16	126.8529	 41.2714	 4.4754	 1.0000
1951	11	17	126.6292	 40.6578	 4.3895	 1.0000
1951	11	18	126.4750	 40.1312	 4.3421	 1.0000
1951	11	19	126.3257	 39.5955	 4.2682	 0.9781
1951	11	20	126.5049	 39.2828	 4.2714	 0.9781
1951	11	21	126.6058	 38.9607	 4.2820	 0.9781
1951	11	22	126.6490	 38.6877	 4.2957	 0.9781
1951	11	23	126.7045	 38.4560	 4.3099	 0.9781
1951	11	24	131.0050	 41.3643	 4.4208	 1.0000
1951	11	25	154.2694	 54.7072	 4.3070	 1.0000
1951	11	26	174.4095	 62.8180	 4.3935	 1.0000
1951	11	27	190.3202	 68.8148	 4.4121	 1.0000
1951	11	28	217.3067	 77.1879	 4.4429	 1.0000
1951	11	29	244.9870	 84.6328	 4.3695	 1.0000
1951	11	30	263.3260	 88.7936	 4.3462	 1.0000
1951	12	01	269.4713	 87.9712	 4.2538	 1.0000
1951	12	02	276.8745	 89.3252	 4.2780	 1.0000
1951	12	03	291.4257	 94.0880	 4.2153	 1.0000
1951	12	04	298.8739	 95.3020	 4.1931	 1.0000
1951	12	05	299.9128	 93.2191	 4.0393	 1.0000
1951	12	06	299.7199	 91.2802	 3.9863	 1.0000
1951	12	07	299.7330	 90.1389	 4.0068	 1.0000
1951	12	08	299.7680	 89.0337	 4.0131	 1.0000
1951	12	09	299.8544	 88.0737	 4.0318	 1.0000
1951	12	10	299.9423	 87.0876	 4.0511	 1.0000
1951	12	11	299.9994	 86.0320	 4.0517	 1.0000
1951	12	12	300.0191	 84.9865	 4.0392	 1.0000
1951	12	13	300.0549	 84.1901	 4.0445	 1.0000
1951	12	14	301.8642	 85.1980	 4.0437	 1.0000
1951	12	15	307.3894	 88.9198	 3.9949	 1.0000
1951	12	16	310.1229	 90.0166	 3.9390	 1.0000
1951	12	17	326.6597	 99.9486	 3.9056	 1.0000
1951	12	18	339.1601	 107.1899	 3.7089	 1.0000
1951	12	19	339.9152	 105.5252	 3.6652	 1.0000
1951	12	20	353.3366	 118.4370	 3.6376	 1.0000
1951	12	21	372.0476	 134.9493	 3.6070	 1.0000
1951	12	22	376.3777	 132.9011	 3.4384	 1.0000
1951	12	23	376.3351	 129.4483	 3.4451	 1.0000
1951	12	24	376.3517	 127.0437	 3.4640	 1.0000
1951	12	25	378.9558	 127.2592	 3.4516	 1.0000
1951	12	26	384.0866	 130.4458	 3.4032	 1.0000
1951	12	27	385.9054	 129.2147	 3.4069	 1.0000
1951	12	28	390.1117	 129.5907	 3.4212	 1.0000
1951	12	29	401.3711	 133.8282	 3.2217	 1.0000
1951	12	30	402.0804	 131.4276	 3.2121	 1.0000
1951	12	31	402.1376	 129.5532	 3.1424	 1.0000
