1949	01	01	571.2557	 176.3748	 3.4713	 1.0000
1949	01	02	572.2371	 174.4723	 3.4362	 1.0000
1949	01	03	572.2828	 172.4344	 3.3893	 1.0000
1949	01	04	575.5087	 174.6647	 3.4565	 1.0000
1949	01	05	587.6463	 185.9780	 3.4725	 1.0000
1949	01	06	603.4862	 193.8154	 3.4545	 1.0000
1949	01	07	608.8557	 191.4944	 3.2010	 1.0000
1949	01	08	609.8747	 188.7713	 3.1785	 1.0000
1949	01	09	609.9240	 186.3297	 3.1246	 1.0000
1949	01	10	609.9258	 184.4193	 3.1342	 1.0000
1949	01	11	609.9321	 182.5599	 3.1576	 1.0000
1949	01	12	609.9409	 180.4382	 3.1968	 1.0000
1949	01	13	610.3787	 178.5113	 3.2431	 1.0000
1949	01	14	611.8218	 177.1737	 3.2855	 1.0000
1949	01	15	612.4292	 174.7825	 3.2637	 1.0000
1949	01	16	613.3709	 173.5355	 3.2775	 1.0000
1949	01	17	614.8817	 172.7982	 3.2517	 1.0000
1949	01	18	615.6529	 171.8716	 3.2444	 1.0000
1949	01	19	615.9130	 170.7300	 3.2479	 1.0000
1949	01	20	616.7712	 170.5581	 3.2494	 1.0000
1949	01	21	617.5779	 170.3803	 3.2289	 1.0000
1949	01	22	617.5875	 169.1617	 3.1613	 1.0000
1949	01	23	617.5019	 168.1048	 3.1326	 1.0000
1949	01	24	617.5853	 167.2177	 3.1228	 1.0000
1949	01	25	618.9048	 168.1112	 3.2046	 1.0000
1949	01	26	620.9098	 169.6187	 3.2442	 1.0000
1949	01	27	621.2213	 168.6335	 3.2501	 1.0000
1949	01	28	621.3131	 167.3633	 3.2019	 1.0000
1949	01	29	621.2790	 165.8716	 3.1941	 1.0000
1949	01	30	621.2700	 164.5314	 3.1944	 1.0000
1949	01	31	621.2567	 163.4589	 3.2004	 1.0000
1949	02	01	621.2882	 162.4363	 3.1659	 1.0000
1949	02	02	622.0619	 162.2606	 3.1701	 1.0000
1949	02	03	624.0771	 163.4464	 3.1894	 1.0000
1949	02	04	625.3179	 163.7208	 3.1411	 1.0000
1949	02	05	637.5762	 177.0961	 3.1799	 1.0000
1949	02	06	657.4883	 197.2845	 3.1475	 1.0000
1949	02	07	674.0925	 207.2208	 3.1149	 1.0000
1949	02	08	684.4909	 208.3466	 3.0837	 1.0000
1949	02	09	722.1038	 224.3700	 3.0783	 1.0000
1949	02	10	760.0663	 241.5177	 2.9444	 1.0000
1949	02	11	769.0387	 242.2082	 2.9302	 1.0000
1949	02	12	769.0310	 236.1205	 2.8552	 1.0000
1949	02	13	783.1047	 247.1644	 2.9190	 1.0000
1949	02	14	802.4022	 257.3657	 2.8877	 1.0000
1949	02	15	914.9896	 302.4334	 2.8848	 1.0000
1949	02	16	1045.8653	 324.5328	 2.8341	 1.0000
1949	02	17	1091.5828	 322.3910	 2.7371	 1.0000
1949	02	18	1100.2629	 315.1917	 2.6977	 1.0000
1949	02	19	1110.5984	 315.6225	 2.7087	 1.0000
1949	02	20	1129.5762	 323.2287	 2.7024	 1.0000
1949	02	21	1175.7187	 346.7869	 2.7173	 1.0000
1949	02	22	1209.0717	 346.7381	 2.6933	 1.0000
1949	02	23	1215.5698	 334.8850	 2.6849	 1.0000
1949	02	24	1215.5639	 323.9314	 2.6070	 1.0000
1949	02	25	1215.5058	 315.7525	 2.5929	 1.0000
1949	02	26	1215.3270	 309.2357	 2.5050	 1.0000
1949	02	27	1215.1386	 303.8747	 2.4540	 1.0000
1949	02	28	1215.1432	 299.3544	 2.1788	 1.0000
1949	03	01	1214.9432	 295.1463	 2.1634	 1.0000
1949	03	02	1214.6698	 291.0879	 2.1619	 1.0000
1949	03	03	1214.4278	 287.2049	 2.1584	 1.0000
1949	03	04	1214.3710	 283.7502	 2.1625	 1.0000
1949	03	05	1214.2418	 280.3767	 2.1666	 1.0000
1949	03	06	1214.5498	 277.9322	 2.2451	 1.0000
1949	03	07	1219.1520	 277.4370	 3.2757	 1.0000
1949	03	08	1221.9706	 276.6688	 3.4245	 1.0000
1949	03	09	1221.7860	 274.8223	 3.3057	 1.0000
1949	03	10	1221.4582	 273.1592	 3.1665	 1.0000
1949	03	11	1225.4405	 273.7422	 3.5079	 1.0000
1949	03	12	1240.8907	 278.8120	 3.9809	 1.0000
1949	03	13	1247.7853	 280.6647	 3.9616	 1.0000
1949	03	14	1253.9041	 282.2131	 3.8636	 1.0000
1949	03	15	1261.4961	 284.5381	 3.8236	 1.0000
1949	03	16	1269.7575	 285.9141	 4.0902	 1.0000
1949	03	17	1274.0140	 285.4791	 4.3317	 1.0000
1949	03	18	1285.7705	 288.1637	 4.5084	 1.0000
1949	03	19	1301.2322	 291.6769	 4.8820	 1.0000
1949	03	20	1316.5181	 295.7820	 4.8429	 1.0000
1949	03	21	1321.8353	 295.9670	 4.8452	 1.0000
1949	03	22	1321.6957	 293.7781	 4.7290	 1.0000
1949	03	23	1321.5281	 291.7243	 4.6115	 1.0000
1949	03	24	1324.5397	 291.2892	 4.8130	 1.0000
1949	03	25	1329.3788	 291.2611	 4.7800	 1.0000
1949	03	26	1342.3112	 296.3966	 4.7047	 1.0000
1949	03	27	1348.0378	 298.4406	 4.4750	 1.0000
1949	03	28	1348.3820	 296.8587	 4.3877	 1.0000
1949	03	29	1349.3253	 295.4245	 4.4440	 1.0000
1949	03	30	1349.5675	 293.6346	 4.3427	 1.0000
1949	03	31	1349.4906	 291.8941	 4.2836	 1.0000
1949	04	01	1349.8702	 290.4490	 4.3687	 1.0000
1949	04	02	1349.7696	 288.7639	 4.1750	 1.0000
1949	04	03	1349.8708	 287.2558	 3.9984	 1.0000
1949	04	04	1353.0553	 286.5221	 2.7808	 1.0000
1949	04	05	1354.5887	 285.0626	 1.1533	 1.0000
1949	04	06	1354.4467	 283.4616	 0.9387	 1.0000
1949	04	07	1354.6947	 281.9024	 0.4776	 1.0000
1949	04	08	1354.0203	 280.2358	 0.4051	 1.0000
1949	04	09	1353.9302	 278.7983	 0.2138	 1.0000
1949	04	10	1357.4553	 278.4340	 0.2886	 1.0000
1949	04	11	1358.7413	 277.2888	 0.4816	 1.0000
1949	04	12	1358.7846	 276.0087	 0.0053	 1.0000
1949	04	13	1358.2166	 274.6142	 0.0000	 1.0000
1949	04	14	1357.6670	 273.3772	 0.0000	 1.0000
1949	04	15	1356.5578	 272.0059	 0.0000	 1.0000
1949	04	16	1353.5217	 270.2430	 0.0000	 1.0000
1949	04	17	1351.1961	 268.6680	 0.0022	 1.0000
1949	04	18	1346.3700	 266.6404	 0.0118	 1.0000
1949	04	19	1350.1654	 266.7142	 0.9059	 1.0000
1949	04	20	1360.1155	 269.6301	 1.6358	 1.0000
1949	04	21	1364.2130	 270.5012	 1.7830	 1.0000
1949	04	22	1370.4822	 272.3423	 1.9636	 1.0000
1949	04	23	1383.4482	 276.4243	 1.6727	 1.0000
1949	04	24	1388.9629	 277.2989	 1.1728	 1.0000
1949	04	25	1387.7629	 275.9776	 0.5626	 1.0000
1949	04	26	1384.4347	 274.2501	 0.0000	 1.0000
1949	04	27	1378.5863	 272.0168	 0.0427	 1.0000
1949	04	28	1376.6474	 270.6412	 0.3537	 1.0000
1949	04	29	1377.3424	 270.0014	 0.7943	 1.0000
1949	04	30	1382.4992	 271.0463	 1.6986	 1.0000
1949	05	01	1392.8467	 274.0583	 2.6438	 1.0000
1949	05	02	1402.4273	 276.7717	 3.0888	 1.0000
1949	05	03	1405.1577	 277.1764	 2.9611	 1.0000
1949	05	04	1405.3699	 276.4840	 2.2764	 1.0000
1949	05	05	1401.9049	 274.8862	 0.4102	 1.0000
1949	05	06	1391.8049	 271.9473	 0.0000	 1.0000
1949	05	07	1373.1206	 267.3597	 0.0000	 1.0000
1949	05	08	1351.5683	 262.2810	 0.0000	 1.0000
1949	05	09	1328.8937	 257.0603	 0.0000	 1.0000
1949	05	10	1305.5497	 251.7788	 0.0000	 1.0000
1949	05	11	1277.0358	 245.5607	 0.0000	 1.0000
1949	05	12	1243.2058	 238.3832	 0.0000	 1.0000
1949	05	13	1210.6333	 231.5198	 0.0000	 1.0000
1949	05	14	1176.2884	 224.3841	 0.0000	 1.0000
1949	05	15	1141.5278	 217.2261	 0.0000	 1.0000
1949	05	16	1118.8311	 212.4155	 0.0762	 1.0000
1949	05	17	1108.3500	 209.9753	 0.1179	 1.0000
1949	05	18	1098.4570	 207.6823	 0.0044	 1.0000
1949	05	19	1082.4839	 204.2532	 0.0563	 1.0000
1949	05	20	1074.2639	 202.3213	 0.0000	 1.0000
1949	05	21	1055.4650	 198.3906	 0.0000	 1.0000
1949	05	22	1036.1466	 194.3864	 0.0000	 1.0000
1949	05	23	1015.3493	 190.1343	 0.0000	 1.0000
1949	05	24	994.5903	 185.9172	 0.0000	 1.0000
1949	05	25	965.8747	 180.2417	 0.0000	 1.0000
1949	05	26	949.6015	 176.9242	 0.0000	 1.0000
1949	05	27	926.1239	 172.2762	 0.0000	 1.0000
1949	05	28	912.6598	 169.5289	 0.2028	 1.0000
1949	05	29	902.8639	 167.5416	 0.0000	 0.9955
1949	05	30	886.9056	 164.3398	 0.0000	 0.9955
1949	05	31	873.7342	 161.6807	 0.1086	 0.9955
1949	06	01	861.4791	 159.1897	 0.0155	 0.9864
1949	06	02	848.3729	 156.5457	 0.0000	 0.9864
1949	06	03	832.7537	 153.4599	 0.0000	 0.9443
1949	06	04	807.7719	 148.6571	 0.0000	 0.9443
1949	06	05	780.5374	 143.4548	 0.0000	 0.9443
1949	06	06	744.7377	 136.7012	 0.0000	 0.9443
1949	06	07	717.3584	 131.5044	 0.0000	 0.9443
1949	06	08	702.1364	 128.6496	 0.0000	 0.9443
1949	06	09	676.4763	 123.7993	 0.0000	 0.9443
1949	06	10	655.8949	 119.8909	 0.0000	 0.9443
1949	06	11	636.8026	 116.2595	 0.0000	 0.9398
1949	06	12	618.7485	 112.8317	 0.0000	 0.9398
1949	06	13	598.2241	 108.9571	 0.0000	 0.9309
1949	06	14	576.0157	 104.7844	 0.0000	 0.9309
1949	06	15	557.5607	 101.3723	 0.1946	 0.8895
1949	06	16	552.2588	 100.4945	 0.2214	 0.9443
1949	06	17	547.7063	 99.6623	 0.2035	 0.8895
1949	06	18	536.0342	 97.4925	 0.0000	 0.8895
1949	06	19	519.0426	 94.2941	 0.0000	 0.8895
1949	06	20	497.5233	 90.2758	 0.0000	 0.8895
1949	06	21	481.4700	 87.2774	 0.0000	 0.8895
1949	06	22	466.1567	 84.4075	 0.0000	 0.8895
1949	06	23	451.1928	 81.6122	 0.0000	 0.8895
1949	06	24	436.3895	 78.8262	 0.0305	 0.6801
1949	06	25	432.4163	 78.1014	 0.1098	 0.6801
1949	06	26	428.0430	 77.2786	 0.0819	 0.6062
1949	06	27	424.4197	 76.7234	 0.1355	 0.6062
1949	06	28	420.4061	 76.0121	 0.0680	 0.6062
1949	06	29	417.4036	 75.4101	 0.0261	 0.6019
1949	06	30	413.3003	 74.6115	 0.0045	 0.6019
1949	07	01	404.8671	 73.0137	 0.0000	 0.6019
1949	07	02	395.4099	 71.2197	 0.0000	 0.6019
1949	07	03	383.2839	 68.9447	 0.0000	 0.5931
1949	07	04	369.8249	 66.4323	 0.0000	 0.5931
1949	07	05	357.0839	 64.0670	 0.0000	 0.5523
1949	07	06	346.7086	 62.1578	 0.0000	 0.5523
1949	07	07	335.7005	 60.1386	 0.0000	 0.5523
1949	07	08	321.3221	 57.5180	 0.0000	 0.5523
1949	07	09	304.0934	 54.3912	 0.0000	 0.5523
1949	07	10	287.3146	 51.3498	 0.0000	 0.5523
1949	07	11	271.0522	 48.4056	 0.0000	 0.5523
1949	07	12	255.3305	 45.5622	 0.0000	 0.5523
1949	07	13	237.6964	 42.3804	 0.0000	 0.5523
1949	07	14	219.2797	 39.0624	 0.0000	 0.5523
1949	07	15	200.5690	 35.6958	 0.0000	 0.5523
1949	07	16	190.8813	 33.9678	 0.0023	 0.5523
1949	07	17	181.9694	 32.3864	 0.0000	 0.5523
1949	07	18	169.1686	 30.1561	 0.0000	 0.5523
1949	07	19	160.5799	 28.5980	 0.0000	 0.5523
1949	07	20	155.7812	 27.7254	 0.0007	 0.3466
1949	07	21	147.0764	 26.1582	 0.0000	 0.3466
1949	07	22	140.9649	 25.0564	 0.0000	 0.2741
1949	07	23	136.7338	 24.3054	 0.0000	 0.2741
1949	07	24	133.2008	 23.7103	 0.0000	 0.2741
1949	07	25	129.7506	 23.0920	 0.0000	 0.2741
1949	07	26	126.5569	 22.5160	 0.0000	 0.2741
1949	07	27	123.5138	 21.9800	 0.0041	 0.2741
1949	07	28	119.3866	 21.2383	 0.0000	 0.2741
1949	07	29	113.8069	 20.2380	 0.0000	 0.2741
1949	07	30	106.3604	 18.9070	 0.0000	 0.2741
1949	07	31	98.5717	 17.5166	 0.0000	 0.2741
1949	08	01	90.8519	 16.1397	 0.0000	 0.2741
1949	08	02	84.2864	 14.9691	 0.0000	 0.2741
1949	08	03	77.0950	 13.6882	 0.0000	 0.2741
1949	08	04	71.2946	 12.6552	 0.0000	 0.2741
1949	08	05	66.8997	 11.8791	 0.0000	 0.2741
1949	08	06	61.1238	 10.8511	 0.0000	 0.2741
1949	08	07	57.4455	 10.2168	 0.0000	 0.2741
1949	08	08	53.7141	 9.5592	 0.0721	 0.2741
1949	08	09	49.5398	 8.8348	 0.0000	 0.2741
1949	08	10	44.4264	 7.9213	 0.0000	 0.2741
1949	08	11	38.9864	 6.9499	 0.0000	 0.2741
1949	08	12	34.7918	 6.2169	 0.0014	 0.3280
1949	08	13	32.3743	 5.7878	 0.0696	 0.2741
1949	08	14	30.3241	 5.4267	 0.0012	 0.2741
1949	08	15	25.7114	 4.6004	 0.0000	 0.2741
1949	08	16	20.6407	 3.6918	 0.0000	 0.2741
1949	08	17	16.7956	 3.0028	 0.0000	 0.2741
1949	08	18	11.6523	 2.0815	 0.0000	 0.2741
1949	08	19	6.3293	 1.1280	 0.0000	 0.2741
1949	08	20	3.3201	 0.5901	 0.0000	 0.0714
1949	08	21	2.1286	 0.3783	 0.0000	 0.0714
1949	08	22	1.1096	 0.1972	 0.0000	 0.0714
1949	08	23	0.3615	 0.0645	 0.0000	 0.0714
1949	08	24	0.0000	 0.0000	 0.0000	 0.0000
1949	08	25	0.0000	 0.0000	 0.0076	 0.0000
1949	08	26	0.0000	 0.0000	 0.0000	 0.0000
1949	08	27	0.0000	 0.0000	 0.0000	 0.0000
1949	08	28	0.0000	 0.0000	 0.0000	 0.0000
1949	08	29	0.0000	 0.0000	 0.0000	 0.0000
1949	08	30	0.0000	 0.0000	 0.0000	 0.0000
1949	08	31	0.0000	 0.0000	 0.0000	 0.0000
1949	09	01	0.0000	 0.0000	 0.0000	 0.0000
1949	09	02	0.0000	 0.0000	 0.0000	 0.0000
1949	09	03	0.0000	 0.0000	 0.0000	 0.0000
1949	09	04	0.0000	 0.0000	 0.0000	 0.0000
1949	09	05	0.0000	 0.0000	 0.0000	 0.0000
1949	09	06	0.0000	 0.0000	 0.0000	 0.0000
1949	09	07	0.0000	 0.0000	 0.0000	 0.0000
1949	09	08	0.0000	 0.0000	 0.0000	 0.0000
1949	09	09	0.0000	 0.0000	 0.0000	 0.0000
1949	09	10	0.0000	 0.0000	 0.1054	 0.0000
1949	09	11	0.0000	 0.0000	 0.0734	 0.0000
1949	09	12	0.0000	 0.0000	 0.0000	 0.0000
1949	09	13	0.0013	 0.0009	 0.0188	 0.0539
1949	09	14	0.0000	 0.0000	 0.0000	 0.0000
1949	09	15	3.1602	 1.7182	 1.5518	 0.6610
1949	09	16	6.7848	 3.5697	 0.6928	 0.6062
1949	09	17	6.9317	 3.3705	 0.2995	 0.3783
1949	09	18	8.0924	 3.7237	 0.2607	 0.3280
1949	09	19	8.6519	 3.8686	 0.4591	 0.6610
1949	09	20	7.8604	 3.3410	 0.0010	 0.3280
1949	09	21	5.1191	 2.1444	 0.0000	 0.3280
1949	09	22	1.3213	 0.5475	 0.0000	 0.2741
1949	09	23	0.0000	 0.0000	 0.0000	 0.0000
1949	09	24	0.0000	 0.0000	 0.0000	 0.0000
1949	09	25	0.0000	 0.0000	 0.0000	 0.0000
1949	09	26	0.0000	 0.0000	 0.0000	 0.0000
1949	09	27	0.0000	 0.0000	 0.0000	 0.0000
1949	09	28	0.0000	 0.0000	 0.0000	 0.0000
1949	09	29	0.0000	 0.0000	 0.0000	 0.0000
1949	09	30	0.0000	 0.0000	 0.0267	 0.0000
1949	10	01	0.0000	 0.0000	 0.0088	 0.0000
1949	10	02	0.0000	 0.0000	 0.0000	 0.0000
1949	10	03	0.0832	 0.0542	 0.1639	 0.3280
1949	10	04	1.3221	 0.7810	 0.5007	 0.6610
1949	10	05	4.2106	 2.5105	 1.7490	 0.9126
1949	10	06	5.5963	 3.3041	 2.1171	 0.9443
1949	10	07	5.4734	 3.1620	 1.9415	 0.6610
1949	10	08	12.3146	 7.5862	 2.6775	 1.0000
1949	10	09	21.5024	 11.1527	 3.1996	 1.0000
1949	10	10	28.3779	 13.4907	 3.1075	 1.0000
1949	10	11	32.7680	 14.6954	 3.0255	 1.0000
1949	10	12	33.6250	 14.5739	 3.5053	 1.0000
1949	10	13	32.3410	 13.7068	 3.3876	 0.9955
1949	10	14	36.4555	 15.8318	 3.5624	 0.9955
1949	10	15	38.7586	 16.4442	 4.1065	 0.9955
1949	10	16	38.8622	 16.0782	 4.1056	 0.9955
1949	10	17	38.5238	 15.5814	 4.0608	 0.9864
1949	10	18	38.2605	 15.1688	 3.9308	 0.7770
1949	10	19	38.0975	 14.8744	 3.7909	 0.7770
1949	10	20	37.9416	 14.5872	 3.5687	 0.7348
1949	10	21	37.6831	 14.2563	 3.5125	 0.7348
1949	10	22	37.4038	 13.9346	 3.4976	 0.7348
1949	10	23	37.1619	 13.6320	 3.5022	 0.7348
1949	10	24	36.6202	 13.2158	 3.3924	 0.7348
1949	10	25	36.5680	 13.0235	 3.3925	 0.7348
1949	10	26	39.3571	 14.0494	 2.9261	 0.7348
1949	10	27	58.6232	 21.2836	 3.6325	 0.7906
1949	10	28	71.4624	 25.6259	 3.7018	 1.0000
1949	10	29	71.2985	 24.9978	 3.3283	 0.7906
1949	10	30	71.2006	 24.5260	 3.2582	 0.7906
1949	10	31	70.9827	 24.0385	 3.1689	 0.7167
1949	11	01	70.8876	 23.6548	 2.9828	 0.6610
1949	11	02	70.8660	 23.2858	 2.9778	 0.6610
1949	11	03	70.7938	 22.9279	 2.9645	 0.6610
1949	11	04	70.7413	 22.6097	 2.9623	 0.6610
1949	11	05	70.6409	 22.3075	 2.9319	 0.6610
1949	11	06	70.5356	 22.0334	 2.9138	 0.6610
1949	11	07	70.9203	 22.0315	 3.0597	 0.6610
1949	11	08	76.3161	 24.3491	 3.8107	 0.9864
1949	11	09	80.3270	 26.1917	 4.2317	 1.0000
1949	11	10	99.8468	 35.4391	 4.7487	 1.0000
1949	11	11	156.6159	 58.7241	 4.9471	 1.0000
1949	11	12	195.1393	 72.0005	 5.0734	 1.0000
1949	11	13	220.3982	 77.8805	 5.0053	 1.0000
1949	11	14	230.9984	 78.1066	 5.0618	 1.0000
1949	11	15	231.7394	 75.7534	 5.1668	 1.0000
1949	11	16	232.1148	 73.7286	 5.1539	 1.0000
1949	11	17	233.2161	 72.4046	 5.2513	 1.0000
1949	11	18	235.2766	 71.6797	 5.2656	 1.0000
1949	11	19	236.0660	 70.5918	 5.2432	 1.0000
1949	11	20	236.0880	 69.6028	 5.2244	 1.0000
1949	11	21	239.5631	 70.7188	 5.2494	 1.0000
1949	11	22	263.2293	 81.2059	 5.2420	 1.0000
1949	11	23	299.5347	 93.1941	 5.0552	 1.0000
1949	11	24	331.1557	 100.9587	 5.1745	 1.0000
1949	11	25	378.8225	 114.3360	 5.2160	 1.0000
1949	11	26	442.1201	 131.9053	 4.7955	 1.0000
1949	11	27	491.6488	 144.2419	 4.8457	 1.0000
1949	11	28	509.2433	 146.0782	 5.1425	 1.0000
1949	11	29	524.1507	 148.2254	 5.1143	 1.0000
1949	11	30	548.3181	 154.2904	 5.1955	 1.0000
1949	12	01	581.1691	 164.8882	 4.9473	 1.0000
1949	12	02	597.2888	 169.1310	 4.7920	 1.0000
1949	12	03	604.2016	 170.3870	 4.8141	 1.0000
1949	12	04	609.3014	 169.9745	 4.7639	 1.0000
1949	12	05	611.7095	 168.4364	 4.6807	 1.0000
1949	12	06	612.7421	 166.6784	 4.6888	 1.0000
1949	12	07	613.7995	 165.2662	 4.6707	 1.0000
1949	12	08	615.5957	 164.9481	 4.6775	 1.0000
1949	12	09	616.8956	 164.1405	 4.6096	 1.0000
1949	12	10	617.7511	 163.4505	 4.6124	 1.0000
1949	12	11	618.4130	 162.9373	 4.6207	 1.0000
1949	12	12	618.6114	 161.7775	 4.6199	 1.0000
1949	12	13	621.3191	 162.6078	 4.6242	 1.0000
1949	12	14	630.6330	 167.5869	 4.5970	 1.0000
1949	12	15	635.4263	 168.9114	 4.5557	 1.0000
1949	12	16	639.2609	 169.7666	 4.5437	 1.0000
1949	12	17	645.4045	 172.6721	 4.4117	 1.0000
1949	12	18	647.0614	 172.6456	 4.3531	 1.0000
1949	12	19	647.4070	 171.9368	 4.3528	 1.0000
1949	12	20	650.9158	 175.3457	 4.3457	 1.0000
1949	12	21	659.9914	 182.7363	 4.3657	 1.0000
1949	12	22	676.3019	 189.7715	 4.3317	 1.0000
1949	12	23	693.1850	 195.8090	 4.2239	 1.0000
1949	12	24	707.2008	 203.6055	 4.1127	 1.0000
1949	12	25	727.4659	 215.7189	 4.0899	 1.0000
1949	12	26	772.0216	 232.8558	 3.9969	 1.0000
1949	12	27	823.9324	 247.9444	 3.8445	 1.0000
1949	12	28	847.3992	 247.1421	 3.6952	 1.0000
1949	12	29	855.3134	 242.4332	 3.4968	 1.0000
1949	12	30	864.3810	 243.4365	 3.4556	 1.0000
1949	12	31	868.2421	 242.8160	 3.3928	 1.0000
1950	01	01	869.1383	 240.5675	 3.3167	 1.0000
1950	01	02	869.1818	 238.4167	 3.2591	 1.0000
1950	01	03	870.4832	 238.7526	 3.3267	 1.0000
1950	01	04	873.6614	 241.6245	 3.3687	 1.0000
1950	01	05	890.9000	 261.3233	 3.3837	 1.0000
1950	01	06	904.1980	 270.9620	 3.3819	 1.0000
1950	01	07	907.5223	 266.6344	 3.3437	 1.0000
1950	01	08	911.1527	 263.5081	 3.3656	 1.0000
1950	01	09	924.5172	 270.6374	 3.3713	 1.0000
1950	01	10	933.9405	 271.4710	 3.2895	 1.0000
1950	01	11	936.7099	 267.7239	 3.2691	 1.0000
1950	01	12	938.7706	 266.0347	 3.1942	 1.0000
1950	01	13	940.0518	 265.2916	 3.1962	 1.0000
1950	01	14	941.7309	 265.7046	 3.2183	 1.0000
1950	01	15	942.7619	 265.2108	 3.2239	 1.0000
1950	01	16	943.2107	 263.5333	 3.2320	 1.0000
1950	01	17	943.3009	 261.3325	 3.2269	 1.0000
1950	01	18	956.6036	 276.8387	 3.2471	 1.0000
1950	01	19	998.9680	 323.7607	 3.2635	 1.0000
1950	01	20	1043.7338	 345.0976	 3.2598	 1.0000
1950	01	21	1080.3775	 339.6606	 3.2528	 1.0000
1950	01	22	1099.6649	 326.2324	 3.1771	 1.0000
1950	01	23	1108.0788	 320.5792	 3.1045	 1.0000
1950	01	24	1109.9575	 317.5035	 2.9923	 1.0000
1950	01	25	1113.5079	 319.0927	 3.0392	 1.0000
1950	01	26	1117.3602	 320.4253	 3.0163	 1.0000
1950	01	27	1118.4245	 318.0932	 3.0251	 1.0000
1950	01	28	1118.4800	 314.7837	 2.9673	 1.0000
1950	01	29	1118.4700	 312.0542	 2.9693	 1.0000
1950	01	30	1118.4350	 309.5040	 2.9609	 1.0000
1950	01	31	1118.4279	 307.1264	 2.9636	 1.0000
1950	02	01	1118.4369	 304.8317	 2.9563	 1.0000
1950	02	02	1118.8831	 302.7649	 2.9700	 1.0000
1950	02	03	1125.9044	 308.8162	 3.0225	 1.0000
1950	02	04	1134.1451	 313.5476	 2.9964	 1.0000
1950	02	05	1148.3802	 321.1785	 3.0268	 1.0000
1950	02	06	1161.9255	 321.0945	 3.0303	 1.0000
1950	02	07	1174.8944	 317.7095	 2.9928	 1.0000
1950	02	08	1191.1294	 318.1330	 2.9458	 1.0000
1950	02	09	1200.5936	 317.0375	 2.9360	 1.0000
1950	02	10	1204.8982	 314.3940	 2.9346	 1.0000
1950	02	11	1209.7242	 311.3104	 2.9049	 1.0000
1950	02	12	1231.8958	 317.6091	 2.9213	 1.0000
1950	02	13	1245.4290	 317.8085	 2.8986	 1.0000
1950	02	14	1253.5534	 315.2696	 2.8883	 1.0000
1950	02	15	1268.2282	 316.4117	 2.8564	 1.0000
1950	02	16	1274.5785	 314.2011	 2.8619	 1.0000
1950	02	17	1275.2862	 310.1506	 2.8557	 1.0000
1950	02	18	1278.1322	 307.3284	 2.8160	 1.0000
1950	02	19	1280.2398	 304.7565	 2.8270	 1.0000
1950	02	20	1282.2944	 302.9676	 2.8393	 1.0000
1950	02	21	1292.4798	 305.5505	 2.8442	 1.0000
1950	02	22	1308.2361	 310.3926	 2.8207	 1.0000
1950	02	23	1348.8335	 325.3959	 3.3540	 1.0000
1950	02	24	1386.4898	 340.9079	 3.2289	 1.0000
1950	02	25	1425.9156	 354.6489	 3.1595	 1.0000
1950	02	26	1445.9025	 356.3725	 3.2422	 1.0000
1950	02	27	1448.0343	 351.8174	 3.1540	 1.0000
1950	02	28	1448.0057	 347.5095	 3.1600	 1.0000
1950	03	01	1449.5949	 344.5953	 3.1157	 1.0000
1950	03	02	1459.2950	 345.0029	 4.2974	 1.0000
1950	03	03	1505.1361	 357.5644	 4.1488	 1.0000
1950	03	04	1544.6625	 365.1613	 4.1869	 1.0000
1950	03	05	1558.1585	 364.2864	 4.1420	 1.0000
1950	03	06	1560.5969	 360.0412	 4.1376	 1.0000
1950	03	07	1563.1864	 357.4016	 4.1738	 1.0000
1950	03	08	1569.2300	 356.9823	 4.1650	 1.0000
1950	03	09	1574.0130	 356.3246	 4.0955	 1.0000
1950	03	10	1575.2283	 353.9148	 4.1201	 1.0000
1950	03	11	1575.1357	 351.3509	 4.0277	 1.0000
1950	03	12	1575.6482	 349.7552	 4.0056	 1.0000
1950	03	13	1575.9977	 347.8729	 4.0132	 1.0000
1950	03	14	1580.0071	 347.3038	 4.1073	 1.0000
1950	03	15	1593.2997	 350.1932	 4.0863	 1.0000
1950	03	16	1623.5316	 359.5251	 4.0034	 1.0000
1950	03	17	1645.1740	 365.7499	 3.9352	 1.0000
1950	03	18	1684.3091	 380.8008	 3.8913	 1.0000
1950	03	19	1710.7299	 392.3821	 3.7396	 1.0000
1950	03	20	1722.3196	 395.3213	 3.7082	 1.0000
1950	03	21	1729.4248	 393.6923	 3.7843	 1.0000
1950	03	22	1740.2513	 393.4892	 3.8167	 1.0000
1950	03	23	1748.9593	 394.1152	 3.7277	 1.0000
1950	03	24	1750.5340	 390.8834	 3.7312	 1.0000
1950	03	25	1750.6478	 387.3124	 3.6934	 1.0000
1950	03	26	1759.6375	 387.7780	 3.7647	 1.0000
1950	03	27	1768.5360	 388.5993	 3.6050	 1.0000
1950	03	28	1771.8358	 387.5220	 3.3861	 1.0000
1950	03	29	1781.3390	 390.3858	 3.3968	 1.0000
1950	03	30	1785.4001	 389.1395	 3.6510	 1.0000
1950	03	31	1804.0187	 394.3772	 3.5961	 1.0000
1950	04	01	1823.0489	 398.4507	 3.8809	 1.0000
1950	04	02	1831.1082	 398.3716	 3.8841	 1.0000
1950	04	03	1832.3598	 395.8510	 3.7710	 1.0000
1950	04	04	1832.1973	 392.9916	 3.6516	 1.0000
1950	04	05	1832.6077	 390.0982	 3.5524	 1.0000
1950	04	06	1834.2099	 387.8446	 3.8546	 1.0000
1950	04	07	1835.7057	 386.3287	 3.9138	 1.0000
1950	04	08	1836.3317	 384.1832	 4.0060	 1.0000
1950	04	09	1836.1278	 381.6608	 3.7860	 1.0000
1950	04	10	1836.1094	 379.3914	 3.7278	 1.0000
1950	04	11	1844.2009	 379.6293	 3.5163	 1.0000
1950	04	12	1851.4072	 379.5258	 3.4457	 1.0000
1950	04	13	1852.4882	 378.0741	 3.5908	 1.0000
1950	04	14	1866.1918	 380.7491	 4.0840	 1.0000
1950	04	15	1887.6021	 386.2282	 4.7697	 1.0000
1950	04	16	1904.8507	 391.3731	 4.8993	 1.0000
1950	04	17	1908.3569	 390.8942	 5.0924	 1.0000
1950	04	18	1908.6907	 388.9665	 4.5840	 1.0000
1950	04	19	1911.4570	 387.1089	 1.3577	 1.0000
1950	04	20	1914.2036	 385.4190	 0.3661	 1.0000
1950	04	21	1918.8694	 384.9715	 1.2199	 1.0000
1950	04	22	1927.2004	 386.7832	 2.2349	 1.0000
1950	04	23	1929.9676	 386.7806	 2.1716	 1.0000
1950	04	24	1931.0769	 385.8364	 2.4353	 1.0000
1950	04	25	1931.2793	 384.2470	 2.3402	 1.0000
1950	04	26	1934.0821	 384.1977	 2.7594	 1.0000
1950	04	27	1937.1219	 383.4496	 1.8931	 1.0000
1950	04	28	1937.6328	 381.8471	 1.0497	 1.0000
1950	04	29	1939.1766	 380.5379	 0.3908	 1.0000
1950	04	30	1947.6695	 381.4578	 0.8118	 1.0000
1950	05	01	1955.3627	 381.3664	 0.5441	 1.0000
1950	05	02	1957.8615	 380.3964	 1.0076	 1.0000
1950	05	03	1963.0442	 380.4672	 1.2326	 1.0000
1950	05	04	1967.5476	 380.2155	 1.2639	 1.0000
1950	05	05	1968.0798	 379.2840	 1.5106	 1.0000
1950	05	06	1968.2650	 377.9923	 0.6387	 1.0000
1950	05	07	1968.4677	 376.7197	 0.0000	 1.0000
1950	05	08	1968.0623	 375.2331	 0.0000	 1.0000
1950	05	09	1966.2833	 373.4864	 0.0000	 1.0000
1950	05	10	1964.5045	 371.7757	 0.0000	 1.0000
1950	05	11	1955.1407	 368.7267	 0.0000	 1.0000
1950	05	12	1941.6499	 364.9657	 0.0000	 1.0000
1950	05	13	1930.1567	 361.6518	 0.0000	 1.0000
1950	05	14	1917.3570	 358.1663	 0.0000	 1.0000
1950	05	15	1904.1140	 354.6586	 0.0000	 1.0000
1950	05	16	1899.0600	 352.8664	 0.2030	 1.0000
1950	05	17	1895.7103	 351.3663	 0.4982	 1.0000
1950	05	18	1897.7256	 351.1817	 1.0852	 1.0000
1950	05	19	1897.7553	 350.4017	 0.2220	 1.0000
1950	05	20	1891.0200	 348.2687	 0.1038	 1.0000
1950	05	21	1881.9484	 345.7200	 0.0785	 1.0000
1950	05	22	1874.7161	 343.5722	 0.0113	 1.0000
1950	05	23	1870.0005	 342.0111	 0.0000	 1.0000
1950	05	24	1860.2265	 339.5114	 0.0000	 1.0000
1950	05	25	1845.0484	 336.0144	 0.0000	 1.0000
1950	05	26	1830.9598	 332.7324	 0.0000	 1.0000
1950	05	27	1816.7394	 329.4404	 0.0838	 1.0000
1950	05	28	1815.1677	 328.6077	 0.2449	 1.0000
1950	05	29	1812.6040	 327.5692	 0.4319	 1.0000
1950	05	30	1809.5130	 326.4284	 0.0213	 1.0000
1950	05	31	1798.2138	 323.8108	 0.0000	 1.0000
1950	06	01	1779.1754	 319.7762	 0.0000	 1.0000
1950	06	02	1760.4234	 315.8334	 0.0000	 1.0000
1950	06	03	1733.6482	 310.4761	 0.0000	 1.0000
1950	06	04	1712.6134	 306.1791	 0.0358	 1.0000
1950	06	05	1699.2331	 303.2803	 0.1397	 1.0000
1950	06	06	1696.5266	 302.4225	 0.2672	 1.0000
1950	06	07	1692.2342	 301.3228	 0.3723	 1.0000
1950	06	08	1684.3368	 299.4898	 0.1716	 1.0000
1950	06	09	1667.9523	 296.1505	 0.0000	 1.0000
1950	06	10	1653.7412	 293.1891	 0.0063	 1.0000
1950	06	11	1630.0851	 288.5677	 0.0000	 1.0000
1950	06	12	1600.8615	 282.9723	 0.0000	 1.0000
1950	06	13	1576.5853	 278.2843	 0.0000	 1.0000
1950	06	14	1555.6799	 274.2117	 0.0000	 1.0000
1950	06	15	1532.2266	 269.7214	 0.0000	 1.0000
1950	06	16	1503.2729	 264.2657	 0.0000	 1.0000
1950	06	17	1471.8591	 258.4092	 0.0000	 1.0000
1950	06	18	1444.9892	 253.3739	 0.0000	 1.0000
1950	06	19	1417.6863	 248.2858	 0.0000	 1.0000
1950	06	20	1381.2131	 241.6041	 0.0000	 1.0000
1950	06	21	1351.3286	 236.0851	 0.0000	 1.0000
1950	06	22	1333.7235	 232.7606	 0.2708	 1.0000
1950	06	23	1323.6256	 230.8610	 0.0529	 0.9955
1950	06	24	1307.5489	 227.8019	 0.0743	 0.9955
1950	06	25	1293.4035	 225.1091	 0.0671	 0.9864
1950	06	26	1272.1598	 221.1723	 0.0000	 0.9864
1950	06	27	1242.3835	 215.7584	 0.0000	 0.9443
1950	06	28	1209.8568	 209.8950	 0.0000	 0.9443
1950	06	29	1177.9479	 204.1513	 0.0000	 0.9443
1950	06	30	1146.5904	 198.5163	 0.0000	 0.9443
1950	07	01	1115.8376	 192.9977	 0.0000	 0.9443
1950	07	02	1085.5414	 187.5723	 0.0000	 0.9443
1950	07	03	1052.2937	 181.6505	 0.0000	 0.9443
1950	07	04	1017.1703	 175.4174	 0.0000	 0.9443
1950	07	05	983.8735	 169.5091	 0.0000	 0.9443
1950	07	06	950.9990	 163.6847	 0.0000	 0.9443
1950	07	07	926.3723	 159.3012	 0.0000	 0.9443
1950	07	08	901.8064	 154.9534	 0.0000	 0.9443
1950	07	09	879.1579	 150.9280	 0.0000	 0.9398
1950	07	10	860.2741	 147.5615	 0.0000	 0.9398
1950	07	11	839.9960	 143.9576	 0.0000	 0.9309
1950	07	12	813.4980	 139.2873	 0.0000	 0.9309
1950	07	13	775.7745	 132.7038	 0.0000	 0.8895
1950	07	14	747.3212	 127.7190	 0.0000	 0.8895
1950	07	15	723.3328	 123.5086	 0.0000	 0.8895
1950	07	16	698.7364	 119.2019	 0.0000	 0.8895
1950	07	17	672.4954	 114.6193	 0.0000	 0.8895
1950	07	18	641.8815	 109.2970	 0.0000	 0.8895
1950	07	19	618.0330	 105.1364	 0.0000	 0.6801
1950	07	20	600.5286	 102.0980	 0.0000	 0.6801
1950	07	21	580.1249	 98.5572	 0.0000	 0.6801
1950	07	22	558.4717	 94.8124	 0.0000	 0.6062
1950	07	23	539.1909	 91.4793	 0.0000	 0.6062
1950	07	24	517.9189	 87.8126	 0.0000	 0.6062
1950	07	25	497.9633	 84.3731	 0.0000	 0.6019
1950	07	26	480.2419	 81.3171	 0.0000	 0.6019
1950	07	27	464.0941	 78.5339	 0.0000	 0.6019
1950	07	28	452.8024	 76.5866	 0.0000	 0.5931
1950	07	29	443.6270	 74.9917	 0.0000	 0.5931
1950	07	30	432.9568	 73.1467	 0.0000	 0.5931
1950	07	31	417.9675	 70.5752	 0.0000	 0.5523
1950	08	01	399.4736	 67.4182	 0.0000	 0.5523
1950	08	02	384.2734	 64.8209	 0.0000	 0.5523
1950	08	03	371.9420	 62.7110	 0.0000	 0.5523
1950	08	04	364.6518	 61.5008	 0.0000	 0.5523
1950	08	05	357.8442	 60.3862	 0.0000	 0.5523
1950	08	06	348.4752	 58.7763	 0.0000	 0.5523
1950	08	07	338.0081	 56.9853	 0.0040	 0.5523
1950	08	08	328.6558	 55.3809	 0.0000	 0.5523
1950	08	09	317.2611	 53.4315	 0.0000	 0.5523
1950	08	10	304.0091	 51.1698	 0.0000	 0.5523
1950	08	11	290.6635	 48.8940	 0.0000	 0.5523
1950	08	12	276.8247	 46.5367	 0.0000	 0.5523
1950	08	13	265.1909	 44.5576	 0.0000	 0.5523
1950	08	14	250.4625	 42.0523	 0.0000	 0.5523
1950	08	15	238.4962	 40.0153	 0.0000	 0.5523
1950	08	16	227.8418	 38.2117	 0.0000	 0.5523
1950	08	17	216.4173	 36.2690	 0.0000	 0.3466
1950	08	18	207.6588	 34.7860	 0.0000	 0.3466
1950	08	19	198.9461	 33.3118	 0.0000	 0.3466
1950	08	20	188.6826	 31.5786	 0.0000	 0.2741
1950	08	21	181.6951	 30.4005	 0.0000	 0.2741
1950	08	22	174.7271	 29.2287	 0.0000	 0.2741
1950	08	23	169.1310	 28.2852	 0.0000	 0.2741
1950	08	24	164.7395	 27.5445	 0.0000	 0.2741
1950	08	25	160.1337	 26.7679	 0.0000	 0.2741
1950	08	26	154.2131	 25.7720	 0.0000	 0.2741
1950	08	27	148.0739	 24.7404	 0.0000	 0.2741
1950	08	28	141.3593	 23.6133	 0.0000	 0.2741
1950	08	29	135.4656	 22.6241	 0.0000	 0.2741
1950	08	30	130.9442	 21.8646	 0.0000	 0.2741
1950	08	31	125.6598	 20.9781	 0.0000	 0.2741
1950	09	01	118.4085	 19.7639	 0.0000	 0.2741
1950	09	02	111.4345	 18.5967	 0.0000	 0.2741
1950	09	03	104.5235	 17.4405	 0.0000	 0.2741
1950	09	04	98.5856	 16.4472	 0.0000	 0.2741
1950	09	05	93.6059	 15.6142	 0.0000	 0.2741
1950	09	06	89.2414	 14.8842	 0.0000	 0.2741
1950	09	07	86.0878	 14.3564	 0.0000	 0.2741
1950	09	08	82.0794	 13.6863	 0.0000	 0.2741
1950	09	09	77.7742	 12.9669	 0.0000	 0.2741
1950	09	10	73.6622	 12.2799	 0.0000	 0.2741
1950	09	11	70.0500	 11.6765	 0.0000	 0.2741
1950	09	12	64.8987	 10.8168	 0.0000	 0.2741
1950	09	13	60.8855	 10.1470	 0.0000	 0.2741
1950	09	14	58.1061	 9.6829	 0.0000	 0.2741
1950	09	15	53.1473	 8.8558	 0.0000	 0.2741
1950	09	16	50.5424	 8.4211	 0.0000	 0.2741
1950	09	17	47.5168	 7.9165	 0.0000	 0.2741
1950	09	18	43.2112	 7.1987	 0.0000	 0.2741
1950	09	19	39.7023	 6.6137	 0.0000	 0.2741
1950	09	20	36.5333	 6.0854	 0.0000	 0.2741
1950	09	21	32.7750	 5.4591	 0.0000	 0.2741
1950	09	22	26.9342	 4.4860	 0.0000	 0.2741
1950	09	23	24.2061	 4.1042	 0.0000	 0.2741
1950	09	24	20.8113	 3.5873	 0.0000	 0.2741
1950	09	25	20.7811	 3.8027	 0.4279	 0.3280
1950	09	26	22.7331	 4.7198	 0.6260	 0.3694
1950	09	27	25.2039	 6.0002	 0.8592	 0.6610
1950	09	28	26.4199	 6.7755	 0.9282	 1.0000
1950	09	29	25.9391	 6.4320	 0.7059	 0.3280
1950	09	30	25.5416	 6.1985	 0.6003	 0.3280
1950	10	01	25.5571	 6.2423	 0.6491	 0.3280
1950	10	02	25.7531	 6.4150	 0.6750	 0.3280
1950	10	03	27.9200	 8.0048	 1.6262	 0.6610
1950	10	04	35.0166	 11.7165	 1.8841	 1.0000
1950	10	05	41.6715	 14.3889	 2.2517	 1.0000
1950	10	06	46.8348	 16.3758	 2.1244	 0.7032
1950	10	07	51.3818	 17.7171	 2.2055	 0.6610
1950	10	08	55.0238	 18.6035	 1.3894	 0.6610
1950	10	09	77.1135	 27.6660	 3.5163	 1.0000
1950	10	10	92.4656	 32.9415	 3.7852	 1.0000
1950	10	11	95.9718	 33.2426	 3.2869	 1.0000
1950	10	12	95.6295	 31.8079	 1.8797	 1.0000
1950	10	13	95.3187	 30.5562	 0.9244	 0.7167
1950	10	14	94.8258	 29.6074	 0.9393	 0.7122
1950	10	15	94.5740	 29.0829	 0.6495	 0.6610
1950	10	16	94.7113	 28.8030	 0.7120	 0.6610
1950	10	17	100.2388	 30.9160	 1.7258	 1.0000
1950	10	18	108.6245	 33.6370	 2.4892	 1.0000
1950	10	19	116.2169	 36.1716	 3.3666	 1.0000
1950	10	20	118.4035	 36.6512	 3.6422	 1.0000
1950	10	21	118.2293	 36.0831	 3.6342	 1.0000
1950	10	22	118.6658	 35.9483	 3.8208	 1.0000
1950	10	23	119.3938	 35.9572	 4.2001	 1.0000
1950	10	24	132.0844	 42.6138	 5.0532	 1.0000
1950	10	25	146.9471	 48.5961	 5.3146	 1.0000
1950	10	26	164.0704	 55.3244	 5.4424	 1.0000
1950	10	27	187.8237	 63.0108	 5.4878	 1.0000
1950	10	28	202.1654	 66.6406	 5.5176	 1.0000
1950	10	29	205.9412	 66.4475	 5.5207	 1.0000
1950	10	30	209.0203	 66.3053	 5.5091	 1.0000
1950	10	31	222.4369	 71.1500	 5.4763	 1.0000
1950	11	01	234.3464	 75.1206	 5.1092	 1.0000
1950	11	02	239.4225	 75.4728	 5.1337	 1.0000
1950	11	03	244.5297	 75.5522	 5.1436	 1.0000
1950	11	04	255.8325	 77.7734	 4.8084	 1.0000
1950	11	05	260.1851	 77.8232	 5.1878	 1.0000
1950	11	06	262.1133	 77.2704	 5.2049	 1.0000
1950	11	07	262.9950	 76.5094	 5.2023	 1.0000
1950	11	08	262.9622	 75.6089	 5.1816	 1.0000
1950	11	09	262.9090	 74.8839	 5.1544	 1.0000
1950	11	10	263.0496	 74.3128	 5.1219	 1.0000
1950	11	11	264.3590	 74.4820	 5.1069	 1.0000
1950	11	12	264.9560	 74.3844	 5.0175	 1.0000
1950	11	13	267.7701	 76.2328	 5.0254	 1.0000
1950	11	14	274.1335	 81.1142	 5.0046	 1.0000
1950	11	15	285.7419	 89.5124	 4.8938	 1.0000
1950	11	16	296.8943	 94.0999	 4.7137	 1.0000
1950	11	17	305.4863	 97.5542	 4.6438	 1.0000
1950	11	18	308.5559	 98.0973	 4.6268	 1.0000
1950	11	19	330.8962	 115.0434	 4.6134	 1.0000
1950	11	20	363.5941	 131.1271	 4.5825	 1.0000
1950	11	21	389.0439	 134.0094	 4.8915	 1.0000
1950	11	22	401.9882	 130.7943	 5.1757	 1.0000
1950	11	23	433.7719	 137.4421	 5.1508	 1.0000
1950	11	24	468.4849	 145.4408	 5.1810	 1.0000
1950	11	25	499.1311	 151.1439	 5.1770	 1.0000
1950	11	26	533.0060	 157.4820	 4.9779	 1.0000
1950	11	27	575.8222	 167.3170	 4.9546	 1.0000
1950	11	28	578.7025	 164.8858	 5.1170	 1.0000
1950	11	29	584.7914	 165.7711	 5.1267	 1.0000
1950	11	30	591.5249	 167.4080	 5.0899	 1.0000
1950	12	01	592.8032	 165.6259	 4.8895	 1.0000
1950	12	02	594.5397	 164.5954	 4.8732	 1.0000
1950	12	03	595.4918	 162.9011	 4.8516	 1.0000
1950	12	04	595.5288	 160.7555	 4.8714	 1.0000
1950	12	05	608.9717	 169.5290	 4.8146	 1.0000
1950	12	06	627.2288	 181.3074	 4.7924	 1.0000
1950	12	07	632.8342	 180.7729	 4.7799	 1.0000
1950	12	08	636.6674	 178.9304	 4.7635	 1.0000
1950	12	09	657.6122	 185.9277	 4.7306	 1.0000
1950	12	10	670.3619	 186.7507	 4.6874	 1.0000
1950	12	11	672.3361	 183.0948	 4.7380	 1.0000
1950	12	12	673.7116	 180.2696	 4.8177	 1.0000
1950	12	13	675.4680	 179.0252	 4.8226	 1.0000
1950	12	14	683.1947	 182.4099	 4.8001	 1.0000
1950	12	15	692.1515	 184.9714	 4.7806	 1.0000
1950	12	16	705.6001	 189.3801	 4.7700	 1.0000
1950	12	17	711.8635	 189.1328	 4.7658	 1.0000
1950	12	18	718.5809	 189.1570	 4.7525	 1.0000
1950	12	19	732.9350	 192.6697	 4.7238	 1.0000
1950	12	20	747.9030	 195.1739	 5.0225	 1.0000
1950	12	21	760.1760	 196.5950	 5.0165	 1.0000
1950	12	22	772.7707	 197.8901	 5.0192	 1.0000
1950	12	23	790.2304	 201.0554	 4.9633	 1.0000
1950	12	24	813.0355	 206.1142	 4.9627	 1.0000
1950	12	25	823.6509	 207.6096	 5.0254	 1.0000
1950	12	26	829.7346	 207.6972	 5.0279	 1.0000
1950	12	27	838.5615	 209.9585	 4.9908	 1.0000
1950	12	28	842.5683	 209.7739	 4.9820	 1.0000
1950	12	29	848.1435	 210.3259	 4.9618	 1.0000
1950	12	30	850.9653	 209.2696	 4.8985	 1.0000
1950	12	31	861.2081	 212.0543	 4.8664	 1.0000
1951	01	01	880.5734	 219.2978	 4.7210	 1.0000
1951	01	02	915.4110	 235.6965	 4.6512	 1.0000
1951	01	03	930.8399	 240.6329	 4.4714	 1.0000
1951	01	04	934.3478	 238.9535	 4.4557	 1.0000
1951	01	05	934.8813	 236.3373	 4.4551	 1.0000
1951	01	06	935.0201	 234.0150	 4.4496	 1.0000
1951	01	07	937.5105	 234.0375	 4.4167	 1.0000
1951	01	08	938.6664	 233.0381	 4.4227	 1.0000
1951	01	09	941.3452	 233.3451	 4.4356	 1.0000
1951	01	10	943.6252	 232.7583	 4.4242	 1.0000
1951	01	11	943.9489	 230.6771	 4.4183	 1.0000
1951	01	12	966.5489	 242.8316	 4.4267	 1.0000
1951	01	13	995.1581	 256.6991	 4.3523	 1.0000
1951	01	14	1033.1705	 272.8250	 4.3328	 1.0000
1951	01	15	1068.4857	 286.4401	 4.1977	 1.0000
1951	01	16	1102.3575	 299.1353	 4.0601	 1.0000
1951	01	17	1116.6807	 301.5053	 3.9481	 1.0000
1951	01	18	1119.6743	 297.7383	 3.9485	 1.0000
1951	01	19	1136.0867	 305.0595	 3.9268	 1.0000
1951	01	20	1163.3678	 317.4465	 3.8996	 1.0000
1951	01	21	1183.3120	 320.6773	 3.7937	 1.0000
1951	01	22	1188.8156	 315.3050	 3.7599	 1.0000
1951	01	23	1203.1031	 316.0553	 3.7290	 1.0000
1951	01	24	1233.3133	 324.1411	 3.7210	 1.0000
1951	01	25	1261.3335	 328.8962	 3.6697	 1.0000
1951	01	26	1269.1679	 327.3498	 3.5136	 1.0000
1951	01	27	1269.1443	 324.0244	 3.4029	 1.0000
1951	01	28	1268.9277	 321.8537	 3.3546	 1.0000
1951	01	29	1268.9138	 320.0096	 3.3651	 1.0000
1951	01	30	1268.9110	 318.2071	 3.3832	 1.0000
1951	01	31	1270.0910	 317.6672	 3.4218	 1.0000
1951	02	01	1311.1305	 364.4112	 3.4083	 1.0000
1951	02	02	1357.3874	 396.2035	 3.3889	 1.0000
1951	02	03	1371.2588	 388.3633	 3.3615	 1.0000
1951	02	04	1377.0600	 377.5053	 3.3649	 1.0000
1951	02	05	1380.6882	 368.5511	 3.3594	 1.0000
1951	02	06	1398.8783	 371.3814	 3.3771	 1.0000
1951	02	07	1442.0988	 384.1582	 3.3795	 1.0000
1951	02	08	1539.7729	 410.1853	 3.3730	 1.0000
1951	02	09	1666.8209	 440.3748	 3.3483	 1.0000
1951	02	10	1739.2784	 440.9309	 3.7918	 1.0000
1951	02	11	1756.1895	 436.2647	 3.6621	 1.0000
1951	02	12	1756.2181	 429.0226	 3.6191	 1.0000
1951	02	13	1756.1030	 423.3438	 3.6169	 1.0000
1951	02	14	1760.4415	 420.8673	 3.5982	 1.0000
1951	02	15	1762.7666	 416.8262	 3.5989	 1.0000
1951	02	16	1762.8482	 412.1150	 3.6096	 1.0000
1951	02	17	1764.7805	 408.4297	 3.5704	 1.0000
1951	02	18	1768.1706	 405.6104	 3.4946	 1.0000
1951	02	19	1789.2312	 412.1201	 3.4534	 1.0000
1951	02	20	1799.3710	 413.7799	 3.4253	 1.0000
1951	02	21	1799.4015	 409.5283	 3.3586	 1.0000
1951	02	22	1799.1128	 405.5248	 3.2325	 1.0000
1951	02	23	1798.9992	 402.2653	 3.2195	 1.0000
1951	02	24	1801.1154	 400.7677	 3.2053	 1.0000
1951	02	25	1802.2414	 398.9555	 3.1443	 1.0000
1951	02	26	1802.2169	 396.7074	 3.1099	 1.0000
1951	02	27	1802.2078	 394.7085	 3.0461	 1.0000
1951	02	28	1802.1793	 392.7960	 3.0470	 1.0000
1951	03	01	1802.1436	 390.9437	 3.0500	 1.0000
1951	03	02	1803.5894	 390.3814	 3.0230	 1.0000
1951	03	03	1824.3771	 404.9176	 3.0190	 1.0000
1951	03	04	1841.2004	 416.2853	 2.9323	 1.0000
1951	03	05	1846.5929	 418.9285	 2.8025	 1.0000
1951	03	06	1851.0536	 421.4038	 2.8070	 1.0000
1951	03	07	1858.4353	 427.2410	 2.8202	 1.0000
1951	03	08	1868.2869	 433.7750	 2.8081	 1.0000
1951	03	09	1875.8439	 437.6734	 2.7548	 1.0000
1951	03	10	1880.0300	 438.7243	 2.7350	 1.0000
1951	03	11	1894.8111	 449.6539	 2.7378	 1.0000
1951	03	12	1913.3274	 457.9331	 2.7330	 1.0000
1951	03	13	1919.1356	 454.8560	 2.7400	 1.0000
1951	03	14	1941.9614	 455.3250	 3.6896	 1.0000
1951	03	15	1971.7867	 459.4313	 3.9963	 1.0000
1951	03	16	1977.7120	 456.8631	 3.7542	 1.0000
1951	03	17	1977.6907	 451.8471	 3.6888	 1.0000
1951	03	18	1977.6369	 447.1950	 3.6787	 1.0000
1951	03	19	1977.5706	 442.2293	 3.6638	 1.0000
1951	03	20	1977.7241	 437.2489	 3.6618	 1.0000
1951	03	21	1981.5704	 433.8053	 4.4285	 1.0000
1951	03	22	1983.5692	 430.5861	 4.2958	 1.0000
1951	03	23	1983.6075	 426.9372	 4.2095	 1.0000
1951	03	24	1983.6468	 423.5700	 4.1952	 1.0000
1951	03	25	1984.0760	 420.4665	 4.3285	 1.0000
1951	03	26	1985.8845	 417.9481	 4.3459	 1.0000
1951	03	27	1986.9696	 415.6923	 4.2344	 1.0000
1951	03	28	1991.1040	 415.0503	 4.4047	 1.0000
1951	03	29	1994.8675	 414.2419	 4.3542	 1.0000
1951	03	30	1995.0145	 412.2753	 4.1595	 1.0000
1951	03	31	1994.8763	 410.0669	 4.0609	 1.0000
1951	04	01	1995.1541	 407.8178	 3.6524	 1.0000
1951	04	02	1996.0395	 405.5964	 2.6078	 1.0000
1951	04	03	1997.3489	 403.3190	 0.9276	 1.0000
1951	04	04	1997.6130	 400.9656	 0.3868	 1.0000
1951	04	05	1997.3524	 398.5729	 0.0000	 1.0000
1951	04	06	1996.9641	 396.3277	 0.0000	 1.0000
1951	04	07	1996.5972	 394.2094	 0.0000	 1.0000
1951	04	08	1995.5449	 392.0497	 0.0000	 1.0000
1951	04	09	1993.3160	 389.8492	 0.0000	 1.0000
1951	04	10	1991.4114	 387.8334	 0.0000	 1.0000
1951	04	11	1987.7544	 385.4563	 0.0000	 1.0000
1951	04	12	1982.3476	 382.7188	 0.0000	 1.0000
1951	04	13	1974.9141	 379.7295	 0.0000	 1.0000
1951	04	14	1967.1572	 376.7999	 0.0000	 1.0000
1951	04	15	1957.2839	 373.5335	 0.0000	 1.0000
1951	04	16	1943.9762	 369.6167	 0.0000	 1.0000
1951	04	17	1930.8159	 365.8075	 0.0000	 1.0000
1951	04	18	1918.7594	 362.3298	 0.0000	 1.0000
1951	04	19	1915.3088	 360.8010	 0.0000	 1.0000
1951	04	20	1910.9869	 359.1487	 0.0000	 1.0000
1951	04	21	1902.3862	 356.6204	 0.0000	 1.0000
1951	04	22	1891.2819	 353.5633	 0.0000	 1.0000
1951	04	23	1880.8091	 350.7005	 0.0000	 1.0000
1951	04	24	1868.1701	 347.4489	 0.0000	 1.0000
1951	04	25	1846.4092	 342.4602	 0.0000	 1.0000
1951	04	26	1841.1839	 340.6202	 0.0081	 1.0000
1951	04	27	1842.0830	 340.3146	 0.7438	 1.0000
1951	04	28	1846.8478	 341.0540	 1.2925	 1.0000
1951	04	29	1846.5349	 340.3378	 0.8416	 1.0000
1951	04	30	1846.1735	 339.6107	 0.6123	 1.0000
1951	05	01	1844.9311	 338.6869	 0.5291	 1.0000
1951	05	02	1840.8008	 337.2177	 0.0000	 1.0000
1951	05	03	1829.7503	 334.4718	 0.0000	 1.0000
1951	05	04	1818.2734	 331.6297	 0.0485	 1.0000
1951	05	05	1808.1210	 329.0689	 0.0240	 1.0000
1951	05	06	1796.8081	 326.3807	 0.1217	 1.0000
1951	05	07	1790.1596	 324.6654	 0.3485	 1.0000
1951	05	08	1781.1486	 322.3520	 0.0459	 1.0000
1951	05	09	1764.0401	 318.6296	 0.0000	 1.0000
1951	05	10	1745.8630	 315.1177	 0.0692	 1.0000
1951	05	11	1730.0158	 312.1592	 0.5082	 1.0000
1951	05	12	1730.3645	 311.8619	 0.3238	 1.0000
1951	05	13	1720.1155	 309.5154	 0.0000	 1.0000
1951	05	14	1708.4942	 306.8465	 0.0039	 1.0000
1951	05	15	1686.3846	 302.3361	 0.0000	 1.0000
1951	05	16	1667.1759	 298.3662	 0.0000	 1.0000
1951	05	17	1647.7637	 294.3722	 0.0114	 1.0000
1951	05	18	1637.4350	 292.0420	 0.0013	 1.0000
1951	05	19	1623.6469	 289.1422	 0.0000	 1.0000
1951	05	20	1606.5981	 285.6587	 0.0000	 1.0000
1951	05	21	1581.9454	 280.8351	 0.0000	 1.0000
1951	05	22	1554.5305	 275.5337	 0.0000	 1.0000
1951	05	23	1526.6541	 270.1748	 0.1195	 1.0000
1951	05	24	1526.7275	 270.2258	 0.6714	 1.0000
1951	05	25	1524.1245	 269.5402	 0.5345	 1.0000
1951	05	26	1509.5845	 266.8078	 0.0000	 1.0000
1951	05	27	1499.6861	 264.7620	 0.2796	 1.0000
1951	05	28	1499.0231	 264.4907	 0.6319	 1.0000
1951	05	29	1498.6251	 264.2637	 0.3754	 1.0000
1951	05	30	1495.9690	 263.5220	 0.0491	 1.0000
1951	05	31	1486.0182	 261.4612	 0.0000	 1.0000
1951	06	01	1468.4041	 258.0150	 0.0000	 0.9955
1951	06	02	1436.9835	 252.1539	 0.0000	 0.9955
1951	06	03	1417.3541	 248.3905	 0.0183	 0.9955
1951	06	04	1398.1803	 244.7446	 0.0515	 0.9955
1951	06	05	1386.7899	 242.4923	 0.1165	 0.9864
1951	06	06	1374.6345	 240.1974	 0.1931	 0.9864
1951	06	07	1363.9595	 238.0481	 0.2107	 0.9864
1951	06	08	1351.6740	 235.6303	 0.0042	 0.9443
1951	06	09	1324.5646	 230.6473	 0.0000	 0.9443
1951	06	10	1299.4024	 226.0072	 0.0000	 0.9443
1951	06	11	1275.3160	 221.5629	 0.0000	 0.9443
1951	06	12	1253.6443	 217.5502	 0.0000	 0.9443
1951	06	13	1231.9837	 213.5496	 0.0000	 0.9443
1951	06	14	1205.7073	 208.7582	 0.0000	 0.9443
1951	06	15	1178.2358	 203.7644	 0.0000	 0.9443
1951	06	16	1154.1946	 199.3820	 0.0000	 0.9443
1951	06	17	1129.5106	 194.8966	 0.0000	 0.9443
1951	06	18	1104.3468	 190.3370	 0.0000	 0.9443
1951	06	19	1081.1623	 186.1326	 0.0000	 0.9443
1951	06	20	1056.8579	 181.7435	 0.0000	 0.9443
1951	06	21	1023.7815	 175.8541	 0.0000	 0.9443
1951	06	22	999.9006	 171.5894	 0.0000	 0.9443
1951	06	23	971.9400	 166.5966	 0.0000	 0.9398
1951	06	24	955.0656	 163.5526	 0.0000	 0.9398
1951	06	25	920.6583	 157.4933	 0.0000	 0.9398
1951	06	26	895.3119	 152.9941	 0.0000	 0.9309
1951	06	27	869.6159	 148.4408	 0.0000	 0.9309
1951	06	28	841.7892	 143.5361	 0.0000	 0.8895
1951	06	29	813.7398	 138.6058	 0.0000	 0.8895
1951	06	30	780.0737	 132.7222	 0.0000	 0.8895
1951	07	01	755.8119	 128.4662	 0.0000	 0.8895
1951	07	02	733.6849	 124.5812	 0.0000	 0.8895
1951	07	03	709.0532	 120.2720	 0.0000	 0.8895
1951	07	04	691.9134	 117.2596	 0.2152	 0.8895
1951	07	05	685.9054	 116.5581	 0.2040	 0.8895
1951	07	06	673.5559	 114.3948	 0.0408	 0.8157
1951	07	07	663.5714	 112.6015	 0.0000	 0.6062
1951	07	08	654.0797	 110.9104	 0.0000	 0.6062
1951	07	09	644.1263	 109.1551	 0.0000	 0.6062
1951	07	10	631.7130	 106.9473	 0.0000	 0.6062
1951	07	11	615.8911	 104.1710	 0.0000	 0.6062
1951	07	12	596.8974	 100.8525	 0.0000	 0.6019
1951	07	13	574.6137	 96.9899	 0.0000	 0.6019
1951	07	14	554.6351	 93.5230	 0.0000	 0.5931
1951	07	15	536.8070	 90.4349	 0.0000	 0.5523
1951	07	16	520.5609	 87.6468	 0.0000	 0.5523
1951	07	17	502.6299	 84.5782	 0.0000	 0.5523
1951	07	18	486.5842	 81.8313	 0.0000	 0.5523
1951	07	19	473.7098	 79.6225	 0.0000	 0.5523
1951	07	20	462.5945	 77.7118	 0.0000	 0.5523
1951	07	21	448.9486	 75.3775	 0.0000	 0.5523
1951	07	22	430.8458	 72.2959	 0.0000	 0.5523
1951	07	23	411.9128	 69.0778	 0.0000	 0.5523
1951	07	24	395.2549	 66.2454	 0.0000	 0.5523
1951	07	25	380.3757	 63.7150	 0.0000	 0.5523
1951	07	26	364.4809	 61.0163	 0.0000	 0.5523
1951	07	27	349.3768	 58.4523	 0.0000	 0.5523
1951	07	28	333.4386	 55.7503	 0.0000	 0.5523
1951	07	29	317.9306	 53.1226	 0.0000	 0.5523
1951	07	30	302.2287	 50.4643	 0.0000	 0.5523
1951	07	31	286.2432	 47.7600	 0.0000	 0.5523
1951	08	01	269.7938	 44.9796	 0.0000	 0.5523
1951	08	02	253.0314	 42.1483	 0.0000	 0.5523
1951	08	03	236.5558	 39.3665	 0.0000	 0.5523
1951	08	04	226.1402	 37.6112	 0.0000	 0.2741
1951	08	05	218.7329	 36.3678	 0.0000	 0.2741
1951	08	06	212.4161	 35.3068	 0.0000	 0.2741
1951	08	07	205.9221	 34.2173	 0.0000	 0.2741
1951	08	08	198.8655	 33.0354	 0.0000	 0.2741
1951	08	09	191.8780	 31.8659	 0.0000	 0.2741
1951	08	10	184.7827	 30.6795	 0.0000	 0.2741
1951	08	11	178.5288	 29.6337	 0.0000	 0.2741
1951	08	12	173.3823	 28.7724	 0.0000	 0.2741
1951	08	13	167.7303	 27.8279	 0.0000	 0.2741
1951	08	14	159.0033	 26.3741	 0.0000	 0.2741
1951	08	15	151.1853	 25.0719	 0.0000	 0.2741
1951	08	16	143.7798	 23.8390	 0.0000	 0.2741
1951	08	17	136.6342	 22.6498	 0.0000	 0.2741
1951	08	18	129.6491	 21.4879	 0.0000	 0.2741
1951	08	19	122.8033	 20.3498	 0.0000	 0.2741
1951	08	20	115.2356	 19.0926	 0.0000	 0.2741
1951	08	21	105.9594	 17.5529	 0.0000	 0.2741
1951	08	22	98.8973	 16.3807	 0.0000	 0.2741
1951	08	23	95.3632	 15.8431	 0.1910	 0.2741
1951	08	24	93.7060	 15.5977	 0.0000	 0.2741
1951	08	25	89.5584	 14.9053	 0.0000	 0.2741
1951	08	26	85.5379	 14.2387	 0.0000	 0.2741
1951	08	27	83.7779	 14.1424	 0.0000	 0.2741
1951	08	28	82.3974	 14.0982	 0.0778	 0.3280
1951	08	29	81.6277	 14.0335	 0.0000	 0.2741
1951	08	30	79.6202	 13.7258	 0.0000	 0.2741
1951	08	31	77.1028	 13.2911	 0.0056	 0.2741
1951	09	01	73.9769	 12.7539	 0.0000	 0.2741
1951	09	02	69.9836	 12.0632	 0.0000	 0.2741
1951	09	03	66.4924	 11.4596	 0.0000	 0.2741
1951	09	04	62.7056	 10.8052	 0.0000	 0.2741
1951	09	05	58.5029	 10.0794	 0.0000	 0.2741
1951	09	06	54.3021	 9.4135	 0.0000	 0.2741
1951	09	07	48.6182	 8.4266	 0.0000	 0.2741
1951	09	08	45.1073	 7.8413	 0.0000	 0.2741
1951	09	09	41.3192	 7.1828	 0.0000	 0.2741
1951	09	10	39.3735	 6.8756	 0.0000	 0.2741
1951	09	11	38.8280	 6.8092	 0.0272	 0.2741
1951	09	12	36.5302	 6.4172	 0.0000	 0.2741
1951	09	13	34.0096	 5.9734	 0.0000	 0.2741
1951	09	14	30.1155	 5.2883	 0.0000	 0.2741
1951	09	15	26.3718	 4.6297	 0.0000	 0.2741
1951	09	16	21.7731	 3.8210	 0.0000	 0.2741
1951	09	17	16.2973	 2.8582	 0.0000	 0.2741
1951	09	18	11.2309	 1.9674	 0.0000	 0.2741
1951	09	19	7.4152	 1.2964	 0.0000	 0.2741
1951	09	20	3.8066	 0.6619	 0.0000	 0.2741
1951	09	21	1.8508	 0.3205	 0.0000	 0.0714
1951	09	22	0.5289	 0.0916	 0.0000	 0.0714
1951	09	23	0.0000	 0.0000	 0.0000	 0.0000
1951	09	24	0.0000	 0.0000	 0.0000	 0.0000
1951	09	25	0.0154	 0.0123	 0.4345	 0.0539
1951	09	26	0.0000	 0.0000	 0.0000	 0.0000
1951	09	27	0.1388	 0.1019	 0.1392	 0.3280
1951	09	28	1.0115	 0.5578	 0.0981	 0.3280
1951	09	29	1.6325	 0.7761	 0.0000	 0.3280
1951	09	30	0.3976	 0.1806	 0.0000	 0.2741
1951	10	01	0.0000	 0.0000	 0.0000	 0.0000
1951	10	02	0.0000	 0.0000	 0.0000	 0.0000
1951	10	03	0.1112	 0.0769	 0.0878	 0.3280
1951	10	04	0.0000	 0.0000	 0.0815	 0.0000
1951	10	05	0.0354	 0.0240	 0.0808	 0.3280
1951	10	06	0.0161	 0.0104	 0.0155	 0.0539
1951	10	07	0.0011	 0.0008	 0.0605	 0.0539
1951	10	08	0.0000	 0.0000	 0.0000	 0.0000
1951	10	09	0.0000	 0.0000	 0.0000	 0.0000
1951	10	10	0.0000	 0.0000	 0.0000	 0.0000
1951	10	11	0.0000	 0.0000	 0.0000	 0.0000
1951	10	12	0.2029	 0.1366	 0.2280	 0.3280
1951	10	13	2.7582	 1.5372	 0.8145	 0.5885
1951	10	14	9.0984	 4.8937	 2.3010	 1.0000
1951	10	15	12.2001	 6.4990	 2.5096	 1.0000
1951	10	16	12.5164	 6.5177	 2.5561	 0.9443
1951	10	17	18.3834	 9.7742	 2.9847	 1.0000
1951	10	18	43.4113	 20.5142	 3.5158	 1.0000
1951	10	19	67.8484	 29.2787	 3.7843	 1.0000
1951	10	20	74.5251	 30.2514	 4.1273	 1.0000
1951	10	21	75.7209	 29.6011	 4.2487	 1.0000
1951	10	22	94.4375	 37.0775	 4.2480	 1.0000
1951	10	23	106.4626	 41.8481	 4.4141	 1.0000
1951	10	24	107.5661	 40.9237	 4.4389	 1.0000
1951	10	25	107.6536	 39.8500	 4.4405	 1.0000
1951	10	26	107.6574	 39.0124	 4.4601	 1.0000
1951	10	27	107.6883	 38.2888	 4.5028	 1.0000
1951	10	28	110.2702	 38.5412	 4.7875	 1.0000
1951	10	29	113.0799	 39.0423	 5.1122	 1.0000
1951	10	30	114.2081	 39.2448	 5.1155	 1.0000
1951	10	31	114.1826	 38.7408	 5.1061	 1.0000
1951	11	01	114.4691	 38.6019	 4.7837	 1.0000
1951	11	02	124.8866	 45.5432	 4.7580	 1.0000
1951	11	03	140.4395	 53.0580	 4.8221	 1.0000
1951	11	04	145.5472	 52.8733	 4.9851	 1.0000
1951	11	05	145.6092	 51.3677	 4.9638	 1.0000
1951	11	06	145.6162	 50.0760	 4.9781	 1.0000
1951	11	07	147.2050	 49.7247	 5.0271	 1.0000
1951	11	08	148.1618	 49.1619	 5.0416	 1.0000
1951	11	09	157.4430	 52.0855	 5.0317	 1.0000
1951	11	10	180.4181	 59.9625	 5.0443	 1.0000
1951	11	11	211.8038	 71.1744	 4.9508	 1.0000
1951	11	12	238.0403	 80.7385	 4.9224	 1.0000
1951	11	13	249.8190	 83.8059	 4.8282	 1.0000
1951	11	14	251.9899	 82.4493	 4.7735	 1.0000
1951	11	15	252.3684	 80.9023	 4.7729	 1.0000
1951	11	16	252.2925	 79.4714	 4.7738	 1.0000
1951	11	17	252.1462	 78.1248	 4.7385	 1.0000
1951	11	18	252.0432	 76.9340	 4.7463	 1.0000
1951	11	19	251.9693	 75.7452	 4.6752	 1.0000
1951	11	20	251.9997	 74.7752	 4.6878	 1.0000
1951	11	21	252.0020	 73.9765	 4.6942	 1.0000
1951	11	22	252.0201	 73.3549	 4.7278	 1.0000
1951	11	23	252.0388	 72.7991	 4.7634	 1.0000
1951	11	24	255.1186	 74.8403	 4.7810	 1.0000
1951	11	25	276.5943	 89.5795	 4.7274	 1.0000
1951	11	26	298.6792	 99.5188	 4.6052	 1.0000
1951	11	27	319.4385	 107.0027	 4.5499	 1.0000
1951	11	28	343.2565	 112.9452	 4.9018	 1.0000
1951	11	29	363.8646	 118.4504	 4.8073	 1.0000
1951	11	30	391.2818	 127.6213	 4.7219	 1.0000
1951	12	01	403.6164	 128.3167	 4.5711	 1.0000
1951	12	02	412.9185	 129.0527	 4.6216	 1.0000
1951	12	03	427.6844	 133.6200	 4.5258	 1.0000
1951	12	04	435.9638	 134.4387	 4.4510	 1.0000
1951	12	05	437.7265	 131.6847	 4.2452	 1.0000
1951	12	06	438.1896	 129.3722	 4.1838	 1.0000
1951	12	07	438.2008	 127.5197	 4.1978	 1.0000
1951	12	08	438.3576	 125.9730	 4.1845	 1.0000
1951	12	09	439.5100	 125.5312	 4.1832	 1.0000
1951	12	10	440.1558	 124.4642	 4.1996	 1.0000
1951	12	11	440.8888	 123.2224	 4.2038	 1.0000
1951	12	12	441.3346	 121.7695	 4.1867	 1.0000
1951	12	13	441.3658	 120.4580	 4.1875	 1.0000
1951	12	14	443.2341	 121.1722	 4.1909	 1.0000
1951	12	15	453.0854	 128.7387	 4.1649	 1.0000
1951	12	16	458.3560	 131.2272	 4.1220	 1.0000
1951	12	17	477.7846	 142.8153	 4.0962	 1.0000
1951	12	18	490.7554	 149.7861	 3.9002	 1.0000
1951	12	19	492.0760	 148.1194	 3.8797	 1.0000
1951	12	20	503.7332	 160.3236	 3.8625	 1.0000
1951	12	21	526.8373	 181.8859	 3.8539	 1.0000
1951	12	22	534.7644	 180.8078	 3.7390	 1.0000
1951	12	23	539.8529	 180.3765	 3.7357	 1.0000
1951	12	24	542.7930	 179.2653	 3.7452	 1.0000
1951	12	25	544.4371	 176.4867	 3.7383	 1.0000
1951	12	26	547.2160	 175.6910	 3.7091	 1.0000
1951	12	27	548.4181	 172.8455	 3.7126	 1.0000
1951	12	28	554.6775	 175.1523	 3.7288	 1.0000
1951	12	29	563.8878	 178.3145	 3.5706	 1.0000
1951	12	30	564.7268	 175.6598	 3.5617	 1.0000
1951	12	31	564.7760	 173.4349	 3.4967	 1.0000
