1949	01	01	676.1301	 209.2561	 2.4769	 1.0000
1949	01	02	676.2149	 205.4670	 2.3016	 1.0000
1949	01	03	676.1845	 202.4061	 2.3084	 1.0000
1949	01	04	676.1731	 199.6399	 2.3233	 1.0000
1949	01	05	676.9962	 197.8354	 2.4590	 1.0000
1949	01	06	684.8604	 199.5076	 2.6052	 1.0000
1949	01	07	694.7476	 203.3251	 2.5774	 1.0000
1949	01	08	694.6209	 200.7683	 2.5654	 1.0000
1949	01	09	694.6171	 199.1532	 2.5683	 1.0000
1949	01	10	694.6196	 197.8456	 2.5745	 1.0000
1949	01	11	694.6266	 196.5089	 2.5903	 1.0000
1949	01	12	694.6352	 194.9748	 2.6109	 1.0000
1949	01	13	694.6796	 193.3028	 2.6315	 1.0000
1949	01	14	695.5084	 192.0114	 2.6304	 1.0000
1949	01	15	696.9040	 190.9809	 2.6192	 1.0000
1949	01	16	697.8652	 189.8475	 2.6165	 1.0000
1949	01	17	697.8302	 187.8486	 2.5767	 1.0000
1949	01	18	697.7798	 186.3766	 2.5803	 1.0000
1949	01	19	697.7773	 185.2513	 2.5866	 1.0000
1949	01	20	699.0032	 185.9618	 2.5829	 1.0000
1949	01	21	702.9987	 190.5890	 2.5581	 1.0000
1949	01	22	702.9688	 189.3954	 2.5573	 1.0000
1949	01	23	702.8971	 188.2864	 2.5440	 1.0000
1949	01	24	702.9077	 187.2943	 2.5374	 1.0000
1949	01	25	703.5418	 187.1671	 2.5288	 1.0000
1949	01	26	703.9690	 186.6579	 2.5259	 1.0000
1949	01	27	704.1034	 185.6830	 2.5294	 1.0000
1949	01	28	704.1243	 184.5592	 2.5429	 1.0000
1949	01	29	704.0980	 183.2679	 2.5394	 1.0000
1949	01	30	704.1032	 182.0487	 2.5400	 1.0000
1949	01	31	704.0970	 180.9735	 2.5466	 1.0000
1949	02	01	704.1671	 180.0147	 2.4744	 1.0000
1949	02	02	705.0287	 180.2343	 2.4352	 1.0000
1949	02	03	711.0109	 186.8576	 2.4180	 1.0000
1949	02	04	711.0837	 185.5494	 2.3521	 1.0000
1949	02	05	725.2858	 201.6327	 2.3382	 1.0000
1949	02	06	744.4157	 219.2777	 2.2984	 1.0000
1949	02	07	753.6215	 222.1854	 2.2599	 1.0000
1949	02	08	777.9216	 234.5502	 2.2422	 1.0000
1949	02	09	815.0491	 251.0356	 2.2208	 1.0000
1949	02	10	850.2336	 270.1119	 2.0758	 1.0000
1949	02	11	850.1923	 261.6274	 2.0473	 1.0000
1949	02	12	850.2573	 256.1772	 1.9326	 1.0000
1949	02	13	866.6547	 266.6747	 2.0828	 1.0000
1949	02	14	891.0223	 274.7972	 2.0764	 1.0000
1949	02	15	953.4201	 293.2237	 2.0950	 1.0000
1949	02	16	1071.2750	 309.2078	 2.1625	 1.0000
1949	02	17	1099.5420	 312.7653	 2.0196	 1.0000
1949	02	18	1107.2282	 311.2112	 1.9785	 1.0000
1949	02	19	1132.9904	 329.7658	 1.9809	 1.0000
1949	02	20	1150.7877	 333.7765	 1.9711	 1.0000
1949	02	21	1201.4664	 356.5229	 1.9938	 1.0000
1949	02	22	1230.0667	 347.6064	 1.9620	 1.0000
1949	02	23	1232.4505	 333.9786	 1.9761	 1.0000
1949	02	24	1232.4128	 322.9979	 1.8833	 1.0000
1949	02	25	1232.2818	 314.7067	 1.8735	 1.0000
1949	02	26	1232.0143	 308.3626	 1.8228	 1.0000
1949	02	27	1231.7265	 302.8378	 1.7981	 1.0000
1949	02	28	1231.4355	 298.1691	 1.7700	 1.0000
1949	03	01	1231.2590	 294.0322	 1.7658	 1.0000
1949	03	02	1230.9472	 289.9208	 1.7664	 1.0000
1949	03	03	1230.7312	 286.1448	 1.7637	 1.0000
1949	03	04	1230.6538	 282.6269	 1.7691	 1.0000
1949	03	05	1230.5717	 279.2523	 1.7644	 1.0000
1949	03	06	1230.4107	 276.1656	 1.7502	 1.0000
1949	03	07	1231.1902	 274.2455	 1.8588	 1.0000
1949	03	08	1246.6728	 282.0112	 2.0684	 1.0000
1949	03	09	1246.5655	 280.3148	 1.8859	 1.0000
1949	03	10	1246.1500	 278.5709	 1.8107	 1.0000
1949	03	11	1247.9933	 277.9658	 1.9463	 1.0000
1949	03	12	1266.6041	 285.0566	 1.9866	 1.0000
1949	03	13	1273.1871	 286.7603	 1.9722	 1.0000
1949	03	14	1277.5055	 287.6123	 1.9281	 1.0000
1949	03	15	1289.0296	 292.6494	 1.9205	 1.0000
1949	03	16	1301.1036	 295.6596	 1.9220	 1.0000
1949	03	17	1309.2168	 296.0239	 2.1994	 1.0000
1949	03	18	1335.6708	 302.2515	 2.6616	 1.0000
1949	03	19	1355.0813	 306.7602	 2.6773	 1.0000
1949	03	20	1361.0600	 307.4229	 2.6503	 1.0000
1949	03	21	1365.2112	 306.7256	 2.7380	 1.0000
1949	03	22	1365.1053	 304.0246	 2.5429	 1.0000
1949	03	23	1365.0806	 301.6674	 2.4942	 1.0000
1949	03	24	1364.9810	 299.3153	 2.4171	 1.0000
1949	03	25	1367.8651	 298.7563	 2.4599	 1.0000
1949	03	26	1383.5664	 306.4399	 2.3707	 1.0000
1949	03	27	1389.3684	 309.7501	 2.2348	 1.0000
1949	03	28	1389.3480	 307.8501	 2.0758	 1.0000
1949	03	29	1390.6334	 306.2274	 2.3430	 1.0000
1949	03	30	1390.4078	 303.8672	 2.1347	 1.0000
1949	03	31	1390.2867	 301.4913	 2.0282	 1.0000
1949	04	01	1390.0869	 299.1986	 1.9324	 1.0000
1949	04	02	1389.5542	 297.0009	 1.7537	 1.0000
1949	04	03	1390.7207	 294.9592	 0.2914	 1.0000
1949	04	04	1390.7094	 292.6912	 0.0000	 1.0000
1949	04	05	1390.6889	 290.7712	 0.2336	 1.0000
1949	04	06	1390.6609	 288.9594	 0.0000	 1.0000
1949	04	07	1390.3838	 287.1292	 0.0000	 1.0000
1949	04	08	1389.3423	 285.3236	 0.0000	 1.0000
1949	04	09	1386.7498	 283.2785	 0.0000	 1.0000
1949	04	10	1380.8053	 280.5801	 0.0000	 1.0000
1949	04	11	1375.9827	 278.2562	 0.0000	 1.0000
1949	04	12	1371.9969	 276.2138	 0.0000	 1.0000
1949	04	13	1366.3607	 273.9217	 0.0000	 1.0000
1949	04	14	1358.3890	 271.2164	 0.0000	 1.0000
1949	04	15	1346.4268	 267.7235	 0.0000	 1.0000
1949	04	16	1329.1351	 263.2384	 0.0000	 1.0000
1949	04	17	1320.0166	 260.4689	 0.0092	 1.0000
1949	04	18	1307.4457	 257.0630	 0.0000	 1.0000
1949	04	19	1306.3710	 256.0597	 0.4762	 1.0000
1949	04	20	1311.9305	 257.3077	 1.2057	 1.0000
1949	04	21	1318.5072	 259.2671	 1.7752	 1.0000
1949	04	22	1322.4117	 259.8870	 1.1301	 1.0000
1949	04	23	1331.2045	 262.7210	 1.5366	 1.0000
1949	04	24	1333.6216	 262.8031	 0.7888	 1.0000
1949	04	25	1326.7489	 260.5490	 0.0000	 1.0000
1949	04	26	1312.8496	 256.9372	 0.0000	 1.0000
1949	04	27	1303.1494	 254.2191	 0.0952	 1.0000
1949	04	28	1298.6737	 252.6229	 0.5851	 1.0000
1949	04	29	1298.2410	 251.8965	 0.2778	 1.0000
1949	04	30	1303.7315	 253.2544	 1.6211	 1.0000
1949	05	01	1330.3241	 263.1191	 5.4237	 1.0000
1949	05	02	1335.8088	 264.2032	 4.4441	 1.0000
1949	05	03	1337.1192	 264.3365	 4.5839	 1.0000
1949	05	04	1338.4463	 263.9193	 3.1134	 1.0000
1949	05	05	1333.0658	 261.8876	 0.0000	 1.0000
1949	05	06	1312.1007	 256.8381	 0.0000	 1.0000
1949	05	07	1284.8623	 250.6337	 0.0000	 1.0000
1949	05	08	1254.4958	 243.9042	 0.0000	 1.0000
1949	05	09	1222.6724	 236.9750	 0.0000	 1.0000
1949	05	10	1190.1163	 229.9841	 0.0000	 1.0000
1949	05	11	1158.5962	 223.2747	 0.0000	 1.0000
1949	05	12	1122.5757	 215.7608	 0.0000	 1.0000
1949	05	13	1086.4503	 208.2928	 0.0000	 1.0000
1949	05	14	1048.4027	 200.5222	 0.0000	 1.0000
1949	05	15	1014.1674	 193.5261	 0.0000	 1.0000
1949	05	16	997.0520	 189.8649	 0.0164	 1.0000
1949	05	17	983.1266	 186.8461	 0.0000	 1.0000
1949	05	18	958.7324	 181.8514	 0.0000	 1.0000
1949	05	19	945.6503	 179.0433	 0.0018	 1.0000
1949	05	20	928.0471	 175.3933	 0.0000	 1.0000
1949	05	21	912.8831	 172.2163	 0.0000	 1.0000
1949	05	22	893.3548	 168.2332	 0.0000	 1.0000
1949	05	23	869.1198	 163.3861	 0.0000	 1.0000
1949	05	24	846.2062	 158.8115	 0.0000	 1.0000
1949	05	25	813.4628	 152.4196	 0.0000	 1.0000
1949	05	26	785.2891	 146.9008	 0.0000	 1.0000
1949	05	27	754.6988	 140.9444	 0.0000	 1.0000
1949	05	28	735.1308	 137.0746	 0.0000	 0.9635
1949	05	29	714.2142	 132.9710	 0.0000	 0.9635
1949	05	30	689.5574	 128.1836	 0.0000	 0.9255
1949	05	31	672.0961	 124.7551	 0.0000	 0.9255
1949	06	01	657.3658	 121.8389	 0.0000	 0.8897
1949	06	02	641.6251	 118.7550	 0.0000	 0.8897
1949	06	03	625.2114	 115.5683	 0.0000	 0.8523
1949	06	04	598.5643	 110.4970	 0.0000	 0.8523
1949	06	05	568.2449	 104.7577	 0.0000	 0.8523
1949	06	06	534.5101	 98.4265	 0.0000	 0.7803
1949	06	07	515.2645	 94.7990	 0.0000	 0.7803
1949	06	08	497.1392	 91.3869	 0.0000	 0.7803
1949	06	09	476.5886	 87.5384	 0.0000	 0.7803
1949	06	10	458.2459	 84.1039	 0.0000	 0.7803
1949	06	11	443.3648	 81.3122	 0.0000	 0.7803
1949	06	12	427.8584	 78.4120	 0.0000	 0.7803
1949	06	13	410.1700	 75.1187	 0.0000	 0.7803
1949	06	14	390.1897	 71.4132	 0.0000	 0.7803
1949	06	15	383.5740	 70.2481	 0.4065	 0.8523
1949	06	16	380.0665	 69.6393	 0.3443	 0.8523
1949	06	17	374.9777	 68.9415	 0.1076	 0.8523
1949	06	18	361.8807	 66.5002	 0.0000	 0.7803
1949	06	19	347.5730	 63.8238	 0.0000	 0.7803
1949	06	20	328.3536	 60.2505	 0.0000	 0.7803
1949	06	21	312.1545	 57.2369	 0.0000	 0.7803
1949	06	22	295.5661	 54.1563	 0.0000	 0.7803
1949	06	23	280.7870	 51.4116	 0.0000	 0.7803
1949	06	24	272.1993	 49.8192	 0.0373	 0.7803
1949	06	25	262.8773	 48.0890	 0.0000	 0.7803
1949	06	26	253.6321	 46.3658	 0.0000	 0.5158
1949	06	27	248.5440	 45.4063	 0.0015	 0.5158
1949	06	28	244.2658	 44.6811	 0.2909	 0.5878
1949	06	29	240.4961	 44.0582	 0.0000	 0.5158
1949	06	30	230.0704	 42.1178	 0.0000	 0.5158
1949	07	01	221.5668	 40.5333	 0.0000	 0.5158
1949	07	02	210.2623	 38.4373	 0.0000	 0.5158
1949	07	03	197.8738	 36.1460	 0.0000	 0.5158
1949	07	04	186.0303	 33.9576	 0.0000	 0.5158
1949	07	05	176.7070	 32.2333	 0.0000	 0.5158
1949	07	06	165.8044	 30.2226	 0.0000	 0.5158
1949	07	07	153.1981	 27.9028	 0.0000	 0.5158
1949	07	08	136.7845	 24.8897	 0.0000	 0.5158
1949	07	09	119.1602	 21.6581	 0.0000	 0.5158
1949	07	10	104.3768	 18.9497	 0.0000	 0.4277
1949	07	11	93.9105	 17.0352	 0.0000	 0.2559
1949	07	12	86.0874	 15.6098	 0.0000	 0.2559
1949	07	13	77.6464	 14.0741	 0.0000	 0.2559
1949	07	14	69.1995	 12.5389	 0.0000	 0.2559
1949	07	15	61.8296	 11.2192	 0.0000	 0.2559
1949	07	16	60.7090	 11.0229	 0.0323	 0.2559
1949	07	17	56.9272	 10.3779	 0.0000	 0.2559
1949	07	18	52.1488	 9.5305	 0.0000	 0.2559
1949	07	19	49.1847	 8.9862	 0.0000	 0.2559
1949	07	20	45.6291	 8.3342	 0.0000	 0.2559
1949	07	21	38.7239	 7.0704	 0.0000	 0.2559
1949	07	22	34.1868	 6.2400	 0.0000	 0.2559
1949	07	23	29.1738	 5.3621	 0.0000	 0.2559
1949	07	24	25.6161	 4.7104	 0.0000	 0.2559
1949	07	25	22.1468	 4.0704	 0.0000	 0.2559
1949	07	26	18.8324	 3.4591	 0.0000	 0.2559
1949	07	27	14.7672	 2.7096	 0.0000	 0.2559
1949	07	28	10.1366	 1.8569	 0.0000	 0.1691
1949	07	29	5.9838	 1.0961	 0.0000	 0.1691
1949	07	30	1.2514	 0.2292	 0.0000	 0.1691
1949	07	31	0.0000	 0.0000	 0.0000	 0.0000
1949	08	01	0.0000	 0.0000	 0.0000	 0.0000
1949	08	02	0.0000	 0.0000	 0.0000	 0.0000
1949	08	03	0.0000	 0.0000	 0.0000	 0.0000
1949	08	04	0.0000	 0.0000	 0.0000	 0.0000
1949	08	05	0.0000	 0.0000	 0.0000	 0.0000
1949	08	06	0.0000	 0.0000	 0.0000	 0.0000
1949	08	07	0.0000	 0.0000	 0.0000	 0.0000
1949	08	08	0.0000	 0.0000	 0.0000	 0.0000
1949	08	09	0.0000	 0.0000	 0.0000	 0.0000
1949	08	10	0.0000	 0.0000	 0.0000	 0.0000
1949	08	11	0.0000	 0.0000	 0.0000	 0.0000
1949	08	12	0.0000	 0.0000	 0.0005	 0.0000
1949	08	13	0.0000	 0.0000	 0.0000	 0.0000
1949	08	14	0.0000	 0.0000	 0.0000	 0.0000
1949	08	15	0.0000	 0.0000	 0.0000	 0.0000
1949	08	16	0.0000	 0.0000	 0.0000	 0.0000
1949	08	17	0.0000	 0.0000	 0.0000	 0.0000
1949	08	18	0.0000	 0.0000	 0.0000	 0.0000
1949	08	19	0.0000	 0.0000	 0.0000	 0.0000
1949	08	20	0.0000	 0.0000	 0.0000	 0.0000
1949	08	21	0.0000	 0.0000	 0.0000	 0.0000
1949	08	22	0.0000	 0.0000	 0.0000	 0.0000
1949	08	23	0.0000	 0.0000	 0.0000	 0.0000
1949	08	24	0.0000	 0.0000	 0.0000	 0.0000
1949	08	25	0.0000	 0.0000	 0.0000	 0.0000
1949	08	26	0.0000	 0.0000	 0.0000	 0.0000
1949	08	27	0.0000	 0.0000	 0.0000	 0.0000
1949	08	28	0.0000	 0.0000	 0.0000	 0.0000
1949	08	29	0.0000	 0.0000	 0.0000	 0.0000
1949	08	30	0.0000	 0.0000	 0.0000	 0.0000
1949	08	31	0.0000	 0.0000	 0.0000	 0.0000
1949	09	01	0.0000	 0.0000	 0.0000	 0.0000
1949	09	02	0.0000	 0.0000	 0.0000	 0.0000
1949	09	03	0.0000	 0.0000	 0.0000	 0.0000
1949	09	04	0.0000	 0.0000	 0.0000	 0.0000
1949	09	05	0.0000	 0.0000	 0.0000	 0.0000
1949	09	06	0.0000	 0.0000	 0.0000	 0.0000
1949	09	07	0.0000	 0.0000	 0.0000	 0.0000
1949	09	08	0.0000	 0.0000	 0.0000	 0.0000
1949	09	09	0.0000	 0.0000	 0.0000	 0.0000
1949	09	10	0.0000	 0.0000	 0.1185	 0.0000
1949	09	11	0.0030	 0.0021	 0.1596	 0.0721
1949	09	12	0.0000	 0.0000	 0.0000	 0.0000
1949	09	13	0.0021	 0.0014	 0.0951	 0.0721
1949	09	14	0.2878	 0.1601	 0.3207	 0.3280
1949	09	15	3.3413	 1.8113	 1.4250	 0.7355
1949	09	16	9.2230	 5.0503	 0.5436	 0.9255
1949	09	17	7.7507	 3.7863	 0.2097	 0.6610
1949	09	18	7.4278	 3.4148	 0.4340	 0.4012
1949	09	19	7.3029	 3.2872	 0.1633	 0.4012
1949	09	20	6.6030	 2.9250	 0.0371	 0.3280
1949	09	21	2.6728	 1.1657	 0.0000	 0.3280
1949	09	22	0.0000	 0.0000	 0.0000	 0.0000
1949	09	23	0.0000	 0.0000	 0.0000	 0.0000
1949	09	24	0.0000	 0.0000	 0.0000	 0.0000
1949	09	25	0.0000	 0.0000	 0.0000	 0.0000
1949	09	26	0.0000	 0.0000	 0.0000	 0.0000
1949	09	27	0.0000	 0.0000	 0.0000	 0.0000
1949	09	28	0.0000	 0.0000	 0.0000	 0.0000
1949	09	29	0.0000	 0.0000	 0.0000	 0.0000
1949	09	30	0.0000	 0.0000	 0.0000	 0.0000
1949	10	01	0.0000	 0.0000	 0.0000	 0.0000
1949	10	02	0.0000	 0.0000	 0.0000	 0.0000
1949	10	03	0.0126	 0.0095	 0.2608	 0.4012
1949	10	04	6.8802	 3.6991	 1.5270	 0.9103
1949	10	05	10.3940	 5.5407	 2.3432	 1.0000
1949	10	06	9.6147	 5.0248	 1.4272	 0.6990
1949	10	07	12.2247	 6.5710	 2.1817	 1.0000
1949	10	08	13.5611	 7.2042	 2.2958	 0.7887
1949	10	09	21.9421	 10.5734	 3.1090	 1.0000
1949	10	10	32.2284	 14.4939	 3.2757	 1.0000
1949	10	11	39.7293	 16.9932	 3.4596	 1.0000
1949	10	12	39.7811	 16.5576	 3.4820	 1.0000
1949	10	13	40.6812	 16.7263	 3.6358	 1.0000
1949	10	14	42.4517	 17.3279	 3.5349	 1.0000
1949	10	15	44.3791	 18.0370	 4.0860	 1.0000
1949	10	16	44.2620	 17.6301	 4.0606	 1.0000
1949	10	17	44.1933	 17.3154	 4.0317	 1.0000
1949	10	18	44.0471	 17.0117	 3.9750	 1.0000
1949	10	19	43.7746	 16.6655	 3.9069	 1.0000
1949	10	20	42.8672	 16.0128	 3.8256	 0.9635
1949	10	21	41.6516	 15.2409	 3.4700	 0.9255
1949	10	22	40.1680	 14.3467	 2.7924	 0.9255
1949	10	23	38.6543	 13.5625	 2.7982	 0.7507
1949	10	24	37.5689	 12.9837	 2.5256	 0.6610
1949	10	25	36.8744	 12.6043	 2.5416	 0.6610
1949	10	26	38.5287	 13.1135	 2.3818	 0.6610
1949	10	27	50.4220	 17.6689	 2.5584	 0.6610
1949	10	28	99.0668	 37.6486	 4.6807	 1.0000
1949	10	29	103.4840	 38.2830	 4.8017	 1.0000
1949	10	30	103.4580	 37.2273	 4.7916	 1.0000
1949	10	31	103.4432	 36.2724	 4.3139	 1.0000
1949	11	01	103.8294	 35.4877	 3.7340	 1.0000
1949	11	02	103.3511	 34.5317	 3.6560	 1.0000
1949	11	03	102.5101	 33.5409	 3.5315	 1.0000
1949	11	04	101.4964	 32.5773	 3.3908	 1.0000
1949	11	05	100.4197	 31.6813	 3.2892	 1.0000
1949	11	06	99.4046	 30.8887	 3.2453	 1.0000
1949	11	07	98.7203	 30.2642	 3.2623	 0.9635
1949	11	08	109.4225	 34.8764	 3.6479	 1.0000
1949	11	09	117.8883	 38.6864	 3.7844	 1.0000
1949	11	10	140.2264	 47.9998	 3.8871	 1.0000
1949	11	11	225.8570	 79.7992	 3.7869	 1.0000
1949	11	12	251.3115	 84.1225	 3.8607	 1.0000
1949	11	13	260.5963	 83.6368	 3.8469	 1.0000
1949	11	14	281.8809	 87.7548	 3.8876	 1.0000
1949	11	15	281.7683	 85.4570	 3.8920	 1.0000
1949	11	16	282.2095	 83.8384	 3.9250	 1.0000
1949	11	17	282.6193	 82.4842	 3.9626	 1.0000
1949	11	18	284.7268	 82.1082	 4.0127	 1.0000
1949	11	19	284.7364	 81.0036	 4.0191	 1.0000
1949	11	20	284.7378	 80.1293	 4.0215	 1.0000
1949	11	21	286.2324	 80.3724	 4.0130	 1.0000
1949	11	22	318.1137	 97.1015	 4.0080	 1.0000
1949	11	23	350.7130	 106.9010	 3.9530	 1.0000
1949	11	24	396.5224	 118.6084	 3.8551	 1.0000
1949	11	25	426.8963	 126.5475	 3.9644	 1.0000
1949	11	26	501.8224	 146.1924	 3.9025	 1.0000
1949	11	27	554.5556	 158.9975	 3.8508	 1.0000
1949	11	28	619.4427	 179.4642	 3.9638	 1.0000
1949	11	29	643.2437	 183.4255	 3.9547	 1.0000
1949	11	30	653.1418	 182.5477	 3.9401	 1.0000
1949	12	01	682.5790	 190.2386	 3.7257	 1.0000
1949	12	02	700.6784	 197.3825	 3.6316	 1.0000
1949	12	03	708.9697	 199.4689	 3.6537	 1.0000
1949	12	04	715.0731	 199.2837	 3.6282	 1.0000
1949	12	05	725.3652	 202.1526	 3.5536	 1.0000
1949	12	06	725.8285	 199.1786	 3.5550	 1.0000
1949	12	07	726.1473	 196.6744	 3.5543	 1.0000
1949	12	08	727.7694	 195.8755	 3.5610	 1.0000
1949	12	09	728.3193	 194.3157	 3.5043	 1.0000
1949	12	10	731.3201	 196.0398	 3.5123	 1.0000
1949	12	11	731.3439	 194.4212	 3.5306	 1.0000
1949	12	12	731.4684	 192.8429	 3.5285	 1.0000
1949	12	13	731.5107	 191.1434	 3.5551	 1.0000
1949	12	14	733.0685	 190.4825	 3.5558	 1.0000
1949	12	15	743.4847	 195.5713	 3.5376	 1.0000
1949	12	16	749.1987	 197.6094	 3.5302	 1.0000
1949	12	17	763.8676	 207.8067	 3.4105	 1.0000
1949	12	18	767.5946	 209.7587	 3.3524	 1.0000
1949	12	19	767.7642	 208.2685	 3.3624	 1.0000
1949	12	20	769.5943	 208.3074	 3.3795	 1.0000
1949	12	21	772.3473	 207.4844	 3.3911	 1.0000
1949	12	22	779.3212	 207.2349	 3.6922	 1.0000
1949	12	23	800.7904	 217.3177	 3.5929	 1.0000
1949	12	24	806.6120	 219.7720	 3.5175	 1.0000
1949	12	25	819.8389	 227.4489	 3.5076	 1.0000
1949	12	26	837.1314	 231.0260	 3.4660	 1.0000
1949	12	27	897.7940	 243.0473	 3.6576	 1.0000
1949	12	28	913.2499	 241.1729	 3.5853	 1.0000
1949	12	29	926.0325	 245.4089	 3.4115	 1.0000
1949	12	30	941.2213	 255.9393	 3.3782	 1.0000
1949	12	31	953.7374	 264.8301	 3.2940	 1.0000
1950	01	01	960.0100	 268.9552	 3.1522	 1.0000
1950	01	02	960.0069	 266.2737	 3.1508	 1.0000
1950	01	03	960.9439	 265.5465	 3.1469	 1.0000
1950	01	04	963.5994	 267.1844	 3.1559	 1.0000
1950	01	05	980.1753	 285.5447	 3.1637	 1.0000
1950	01	06	1011.7471	 314.2161	 3.1434	 1.0000
1950	01	07	1013.6886	 304.7441	 3.0841	 1.0000
1950	01	08	1014.9547	 297.2340	 3.0855	 1.0000
1950	01	09	1033.4543	 307.2657	 3.0592	 1.0000
1950	01	10	1064.3848	 322.3191	 2.8992	 1.0000
1950	01	11	1065.9455	 313.6865	 2.8557	 1.0000
1950	01	12	1075.5647	 318.6565	 2.7738	 1.0000
1950	01	13	1090.5222	 332.4417	 2.7429	 1.0000
1950	01	14	1092.9515	 331.1074	 2.7417	 1.0000
1950	01	15	1097.6337	 332.1818	 2.7430	 1.0000
1950	01	16	1098.3797	 327.6389	 2.7437	 1.0000
1950	01	17	1098.3996	 322.8028	 2.7421	 1.0000
1950	01	18	1126.7229	 352.3866	 2.7399	 1.0000
1950	01	19	1196.8231	 413.5960	 2.7524	 1.0000
1950	01	20	1250.4423	 408.3998	 2.7225	 1.0000
1950	01	21	1297.1803	 386.9846	 2.6791	 1.0000
1950	01	22	1325.7768	 377.4585	 2.5064	 1.0000
1950	01	23	1335.7191	 377.7541	 2.3703	 1.0000
1950	01	24	1335.8429	 373.4769	 2.2867	 1.0000
1950	01	25	1343.9252	 380.4642	 2.2928	 1.0000
1950	01	26	1361.2962	 396.2648	 2.2773	 1.0000
1950	01	27	1361.6654	 390.0066	 2.2760	 1.0000
1950	01	28	1361.7918	 385.1328	 2.1272	 1.0000
1950	01	29	1361.7770	 381.0716	 2.1291	 1.0000
1950	01	30	1361.7357	 377.6135	 2.1270	 1.0000
1950	01	31	1361.7233	 374.3981	 2.1278	 1.0000
1950	02	01	1361.7310	 371.2237	 2.1027	 1.0000
1950	02	02	1362.4509	 368.8521	 2.1825	 1.0000
1950	02	03	1373.6633	 378.8433	 2.2285	 1.0000
1950	02	04	1399.1127	 401.0083	 2.2095	 1.0000
1950	02	05	1418.2244	 410.7456	 2.2133	 1.0000
1950	02	06	1428.1669	 402.5630	 2.2153	 1.0000
1950	02	07	1459.5696	 400.3817	 2.1643	 1.0000
1950	02	08	1475.6739	 397.5880	 2.0919	 1.0000
1950	02	09	1480.9649	 391.4522	 2.0694	 1.0000
1950	02	10	1482.5059	 384.6887	 2.0895	 1.0000
1950	02	11	1485.5419	 377.3943	 2.0709	 1.0000
1950	02	12	1504.7663	 380.0619	 2.0863	 1.0000
1950	02	13	1519.3392	 378.9238	 2.0743	 1.0000
1950	02	14	1525.0117	 373.7245	 2.0750	 1.0000
1950	02	15	1532.6771	 369.5495	 2.0349	 1.0000
1950	02	16	1534.4799	 364.6862	 2.0430	 1.0000
1950	02	17	1534.5996	 359.9360	 1.9297	 1.0000
1950	02	18	1534.4022	 355.2001	 1.9113	 1.0000
1950	02	19	1534.3832	 351.6675	 1.9117	 1.0000
1950	02	20	1534.4515	 348.7166	 1.9314	 1.0000
1950	02	21	1535.0724	 345.9703	 2.0087	 1.0000
1950	02	22	1539.6063	 344.6166	 2.1295	 1.0000
1950	02	23	1607.4053	 371.2376	 2.1413	 1.0000
1950	02	24	1649.5986	 381.4460	 2.0776	 1.0000
1950	02	25	1672.2500	 385.1482	 2.0322	 1.0000
1950	02	26	1676.4514	 382.6221	 2.0564	 1.0000
1950	02	27	1677.0473	 379.7537	 1.9858	 1.0000
1950	02	28	1677.1248	 376.9306	 1.8352	 1.0000
1950	03	01	1677.0062	 374.0975	 1.7790	 1.0000
1950	03	02	1683.6096	 373.9423	 2.2562	 1.0000
1950	03	03	1745.0323	 387.7945	 3.2183	 1.0000
1950	03	04	1801.3684	 400.8769	 3.2481	 1.0000
1950	03	05	1815.5878	 401.5343	 3.2516	 1.0000
1950	03	06	1815.0122	 397.7485	 2.9833	 1.0000
1950	03	07	1816.1599	 395.3057	 3.0685	 1.0000
1950	03	08	1819.5536	 395.0917	 3.0420	 1.0000
1950	03	09	1828.7252	 399.3666	 2.9808	 1.0000
1950	03	10	1831.6649	 398.9422	 2.9677	 1.0000
1950	03	11	1831.6266	 396.9138	 2.9035	 1.0000
1950	03	12	1833.0235	 396.3263	 2.8917	 1.0000
1950	03	13	1833.2415	 394.4498	 2.9037	 1.0000
1950	03	14	1833.2510	 391.9782	 2.9389	 1.0000
1950	03	15	1837.3253	 390.2983	 3.1119	 1.0000
1950	03	16	1874.7955	 400.8226	 3.0535	 1.0000
1950	03	17	1893.1741	 404.0608	 3.2018	 1.0000
1950	03	18	1928.4478	 419.4316	 3.0862	 1.0000
1950	03	19	1957.4708	 434.6167	 2.9497	 1.0000
1950	03	20	1966.9891	 436.5655	 2.9508	 1.0000
1950	03	21	1977.0536	 435.5143	 3.2641	 1.0000
1950	03	22	1982.4681	 434.2253	 3.2573	 1.0000
1950	03	23	1990.6280	 435.5075	 3.1734	 1.0000
1950	03	24	1994.4241	 434.0702	 3.2273	 1.0000
1950	03	25	1996.8906	 431.5920	 3.2658	 1.0000
1950	03	26	2009.7399	 433.8885	 3.2078	 1.0000
1950	03	27	2033.6576	 442.6422	 2.9215	 1.0000
1950	03	28	2043.3797	 445.5484	 2.7473	 1.0000
1950	03	29	2045.1094	 442.8558	 2.8149	 1.0000
1950	03	30	2045.7428	 439.2639	 2.8495	 1.0000
1950	03	31	2059.7580	 440.1643	 3.0835	 1.0000
1950	04	01	2080.8936	 444.6447	 3.1473	 1.0000
1950	04	02	2085.3881	 443.0649	 3.2176	 1.0000
1950	04	03	2085.0308	 439.7619	 3.0704	 1.0000
1950	04	04	2084.7659	 436.4464	 2.9506	 1.0000
1950	04	05	2085.8753	 433.7686	 3.0351	 1.0000
1950	04	06	2085.6219	 431.1321	 2.9464	 1.0000
1950	04	07	2086.8064	 429.6085	 2.9779	 1.0000
1950	04	08	2107.3211	 434.8769	 3.6974	 1.0000
1950	04	09	2107.9013	 432.4792	 3.6774	 1.0000
1950	04	10	2108.5634	 429.6629	 2.9654	 1.0000
1950	04	11	2129.3729	 432.2563	 3.5181	 1.0000
1950	04	12	2144.6515	 433.5815	 3.6805	 1.0000
1950	04	13	2144.7970	 431.0612	 3.1452	 1.0000
1950	04	14	2152.2219	 430.6814	 3.2671	 1.0000
1950	04	15	2175.5817	 435.5496	 4.0348	 1.0000
1950	04	16	2198.8032	 441.4294	 4.2746	 1.0000
1950	04	17	2199.5184	 439.6751	 4.2944	 1.0000
1950	04	18	2200.7315	 437.5209	 2.8932	 1.0000
1950	04	19	2202.8173	 435.2533	 0.1113	 1.0000
1950	04	20	2203.0798	 432.8193	 0.1271	 1.0000
1950	04	21	2204.0942	 431.1622	 0.7976	 1.0000
1950	04	22	2207.5429	 431.4036	 1.4084	 1.0000
1950	04	23	2213.0177	 432.4570	 1.9040	 1.0000
1950	04	24	2214.1397	 431.1305	 1.8044	 1.0000
1950	04	25	2214.0128	 429.6744	 1.6643	 1.0000
1950	04	26	2216.1589	 429.2274	 2.0540	 1.0000
1950	04	27	2223.9134	 430.2454	 2.3251	 1.0000
1950	04	28	2225.0210	 428.5218	 0.3962	 1.0000
1950	04	29	2224.8783	 426.6509	 0.0000	 1.0000
1950	04	30	2231.0652	 426.3759	 0.8206	 1.0000
1950	05	01	2235.5353	 425.8665	 0.7607	 1.0000
1950	05	02	2235.4658	 424.3602	 0.5087	 1.0000
1950	05	03	2237.6838	 423.6043	 0.9579	 1.0000
1950	05	04	2238.1493	 422.4150	 0.8462	 1.0000
1950	05	05	2239.2873	 421.6886	 1.4178	 1.0000
1950	05	06	2239.6786	 420.5038	 0.5449	 1.0000
1950	05	07	2239.6372	 419.1217	 0.0000	 1.0000
1950	05	08	2239.1475	 417.6517	 0.0000	 1.0000
1950	05	09	2237.9144	 416.0928	 0.0000	 1.0000
1950	05	10	2235.7346	 414.3333	 0.0000	 1.0000
1950	05	11	2229.2523	 411.8520	 0.0000	 1.0000
1950	05	12	2216.0495	 408.2087	 0.0000	 1.0000
1950	05	13	2205.3581	 405.0890	 0.0000	 1.0000
1950	05	14	2192.2999	 401.5818	 0.0000	 1.0000
1950	05	15	2179.5075	 398.1938	 0.0000	 1.0000
1950	05	16	2166.6589	 394.8566	 0.0000	 1.0000
1950	05	17	2166.2895	 393.9853	 0.3108	 1.0000
1950	05	18	2165.7911	 393.2129	 0.0000	 1.0000
1950	05	19	2164.0671	 392.0433	 0.1200	 1.0000
1950	05	20	2154.7833	 389.4683	 0.0000	 1.0000
1950	05	21	2141.8606	 386.2550	 0.0000	 1.0000
1950	05	22	2136.0170	 384.4321	 0.0000	 1.0000
1950	05	23	2126.2796	 381.9318	 0.0000	 1.0000
1950	05	24	2111.7372	 378.5621	 0.0000	 1.0000
1950	05	25	2091.7792	 374.2311	 0.0000	 1.0000
1950	05	26	2068.9967	 369.4314	 0.0000	 1.0000
1950	05	27	2064.1624	 367.9151	 0.1871	 1.0000
1950	05	28	2056.4239	 365.9187	 0.0000	 1.0000
1950	05	29	2050.2083	 364.2007	 0.0000	 1.0000
1950	05	30	2036.5381	 361.1694	 0.0000	 1.0000
1950	05	31	2018.2952	 357.3189	 0.0000	 1.0000
1950	06	01	1998.7667	 353.2636	 0.0000	 1.0000
1950	06	02	1978.5244	 349.1169	 0.0000	 1.0000
1950	06	03	1949.3233	 343.4087	 0.0000	 1.0000
1950	06	04	1925.1820	 338.6248	 0.0000	 1.0000
1950	06	05	1917.1453	 336.7257	 0.0364	 1.0000
1950	06	06	1916.3232	 336.2012	 0.3643	 1.0000
1950	06	07	1914.4701	 335.5382	 0.5911	 1.0000
1950	06	08	1911.9354	 334.7753	 0.4197	 1.0000
1950	06	09	1898.9897	 332.0276	 0.0148	 1.0000
1950	06	10	1876.8908	 327.7123	 0.0000	 1.0000
1950	06	11	1848.1907	 322.2545	 0.0000	 1.0000
1950	06	12	1816.6706	 316.3325	 0.0000	 1.0000
1950	06	13	1785.3295	 310.4708	 0.0000	 1.0000
1950	06	14	1759.3955	 305.5767	 0.0000	 1.0000
1950	06	15	1729.5415	 300.0278	 0.0000	 1.0000
1950	06	16	1694.6798	 293.6277	 0.0000	 1.0000
1950	06	17	1662.7692	 287.7639	 0.0000	 1.0000
1950	06	18	1628.4406	 281.5047	 0.0000	 1.0000
1950	06	19	1585.4958	 273.7777	 0.0000	 1.0000
1950	06	20	1544.3987	 266.3929	 0.0000	 1.0000
1950	06	21	1513.4996	 260.7835	 0.0000	 1.0000
1950	06	22	1494.1689	 257.2056	 0.1580	 1.0000
1950	06	23	1481.5480	 254.8067	 0.0074	 1.0000
1950	06	24	1466.8527	 252.0384	 0.0000	 1.0000
1950	06	25	1446.9980	 248.3904	 0.0000	 1.0000
1950	06	26	1417.0567	 243.0182	 0.0000	 1.0000
1950	06	27	1382.2803	 236.8272	 0.0000	 1.0000
1950	06	28	1344.1753	 230.0824	 0.0000	 1.0000
1950	06	29	1306.6089	 223.4414	 0.0000	 1.0000
1950	06	30	1268.7926	 216.7674	 0.0000	 1.0000
1950	07	01	1231.4896	 210.1916	 0.0000	 1.0000
1950	07	02	1192.2319	 203.2977	 0.0000	 0.9635
1950	07	03	1151.9118	 196.2429	 0.0000	 0.9255
1950	07	04	1114.1907	 189.6526	 0.0000	 0.9255
1950	07	05	1082.3590	 184.0760	 0.0000	 0.9255
1950	07	06	1049.0997	 178.2642	 0.0000	 0.9255
1950	07	07	1025.2814	 174.0842	 0.0000	 0.8897
1950	07	08	1002.5362	 170.1049	 0.0000	 0.8523
1950	07	09	983.6405	 166.8057	 0.0000	 0.8523
1950	07	10	967.0737	 163.8914	 0.0000	 0.8523
1950	07	11	946.2557	 160.2603	 0.0000	 0.8523
1950	07	12	923.0155	 156.2245	 0.0000	 0.8523
1950	07	13	888.9224	 150.3616	 0.0000	 0.8523
1950	07	14	861.9378	 145.7011	 0.0000	 0.8523
1950	07	15	840.2387	 141.9429	 0.0000	 0.8523
1950	07	16	814.1330	 137.4460	 0.0000	 0.8523
1950	07	17	787.4660	 132.8601	 0.0000	 0.8523
1950	07	18	755.6456	 127.4132	 0.0000	 0.8523
1950	07	19	734.6693	 123.8141	 0.0000	 0.8523
1950	07	20	701.4071	 118.1404	 0.0000	 0.8523
1950	07	21	670.9941	 112.9470	 0.0000	 0.8523
1950	07	22	640.8057	 107.8053	 0.0000	 0.8170
1950	07	23	612.7648	 103.0360	 0.0000	 0.7803
1950	07	24	584.8876	 98.3039	 0.0000	 0.7803
1950	07	25	561.2640	 94.2917	 0.0000	 0.7803
1950	07	26	540.4609	 90.7573	 0.0000	 0.7803
1950	07	27	527.2157	 88.4961	 0.0000	 0.7803
1950	07	28	515.5232	 86.5179	 0.0000	 0.7803
1950	07	29	500.1369	 83.9128	 0.0000	 0.7803
1950	07	30	482.0971	 80.8510	 0.0000	 0.7803
1950	07	31	458.5187	 76.8619	 0.0000	 0.7803
1950	08	01	430.9041	 72.1985	 0.0000	 0.7803
1950	08	02	414.0222	 69.3400	 0.0000	 0.6906
1950	08	03	403.8595	 67.6110	 0.0000	 0.6906
1950	08	04	393.3406	 65.8247	 0.0000	 0.6906
1950	08	05	380.8264	 63.7080	 0.0000	 0.6906
1950	08	06	368.6611	 61.6482	 0.0000	 0.5158
1950	08	07	356.1529	 59.5353	 0.0000	 0.5158
1950	08	08	347.9289	 58.1413	 0.0000	 0.5158
1950	08	09	336.0481	 56.1365	 0.0000	 0.5158
1950	08	10	322.3918	 53.8366	 0.0000	 0.5158
1950	08	11	308.5422	 51.5062	 0.0000	 0.5158
1950	08	12	294.1987	 49.0950	 0.0000	 0.5158
1950	08	13	282.1834	 47.0743	 0.0000	 0.5158
1950	08	14	273.0676	 45.6367	 0.0000	 0.5158
1950	08	15	262.7979	 43.9060	 0.0000	 0.5158
1950	08	16	248.9637	 41.5804	 0.0000	 0.5158
1950	08	17	234.4004	 39.1342	 0.0000	 0.5158
1950	08	18	218.7281	 36.5039	 0.0000	 0.5158
1950	08	19	203.1308	 33.8875	 0.0000	 0.5158
1950	08	20	186.3389	 31.0728	 0.0000	 0.5158
1950	08	21	173.1125	 28.8570	 0.0000	 0.4277
1950	08	22	162.7345	 27.1181	 0.0000	 0.4277
1950	08	23	155.4073	 25.8890	 0.0000	 0.4277
1950	08	24	148.3123	 24.7168	 0.0000	 0.4277
1950	08	25	139.6224	 23.2613	 0.0000	 0.2559
1950	08	26	133.3653	 22.2141	 0.0000	 0.2559
1950	08	27	127.6649	 21.2602	 0.0000	 0.2559
1950	08	28	121.1699	 20.1746	 0.0000	 0.2559
1950	08	29	115.3426	 19.2007	 0.0000	 0.2559
1950	08	30	109.4986	 18.2246	 0.0000	 0.2559
1950	08	31	102.9997	 17.1400	 0.0000	 0.2559
1950	09	01	95.3540	 15.8652	 0.0000	 0.2559
1950	09	02	87.5761	 14.5689	 0.0000	 0.2559
1950	09	03	81.2353	 13.5122	 0.0000	 0.2559
1950	09	04	75.2498	 12.5150	 0.0000	 0.2559
1950	09	05	69.2616	 11.5177	 0.0000	 0.2559
1950	09	06	64.7839	 10.7719	 0.0000	 0.2559
1950	09	07	60.5482	 10.0666	 0.0000	 0.2559
1950	09	08	55.0139	 9.1455	 0.0000	 0.2559
1950	09	09	49.0741	 8.1573	 0.0000	 0.2559
1950	09	10	43.8416	 7.2869	 0.0000	 0.2559
1950	09	11	38.8246	 6.4525	 0.0000	 0.2559
1950	09	12	32.5025	 5.4012	 0.0000	 0.2559
1950	09	13	27.6729	 4.5982	 0.0000	 0.2559
1950	09	14	23.0553	 3.8306	 0.0000	 0.2559
1950	09	15	16.3922	 2.7230	 0.0000	 0.2559
1950	09	16	12.3898	 2.0577	 0.0000	 0.2559
1950	09	17	9.6441	 1.6050	 0.0000	 0.2559
1950	09	18	6.6819	 1.1120	 0.0000	 0.1691
1950	09	19	3.7512	 0.6242	 0.0000	 0.1691
1950	09	20	0.5580	 0.0929	 0.0000	 0.1691
1950	09	21	0.0000	 0.0000	 0.0000	 0.0000
1950	09	22	0.0000	 0.0000	 0.0000	 0.0000
1950	09	23	0.0000	 0.0000	 0.0000	 0.0000
1950	09	24	0.0000	 0.0000	 0.0000	 0.0000
1950	09	25	0.1919	 0.1229	 0.1347	 0.3280
1950	09	26	1.2881	 0.7555	 0.3703	 0.6610
1950	09	27	0.7554	 0.4147	 0.2271	 0.3280
1950	09	28	0.1838	 0.1039	 0.0000	 0.0721
1950	09	29	0.0000	 0.0000	 0.0000	 0.0000
1950	09	30	0.5549	 0.4395	 0.4119	 0.8252
1950	10	01	2.8216	 2.0095	 1.3474	 1.0000
1950	10	02	2.6217	 1.8280	 1.0709	 0.6610
1950	10	03	4.8478	 3.1081	 1.6283	 1.0000
1950	10	04	9.6648	 5.4547	 1.2966	 1.0000
1950	10	05	19.8812	 9.5459	 1.9304	 1.0000
1950	10	06	26.3027	 11.9331	 1.7728	 1.0000
1950	10	07	33.6479	 14.1368	 2.2135	 0.7355
1950	10	08	37.8322	 15.4167	 2.1994	 0.7355
1950	10	09	79.5106	 31.5589	 4.2710	 1.0000
1950	10	10	99.6672	 37.9211	 3.0283	 1.0000
1950	10	11	104.3752	 37.8467	 1.5230	 1.0000
1950	10	12	104.3413	 36.0673	 1.0287	 1.0000
1950	10	13	104.1211	 34.9669	 0.9324	 1.0000
1950	10	14	107.4281	 35.7966	 1.8585	 1.0000
1950	10	15	107.4264	 35.2452	 1.8060	 1.0000
1950	10	16	107.9050	 34.9599	 1.9831	 1.0000
1950	10	17	112.7570	 36.4423	 2.3204	 1.0000
1950	10	18	128.6437	 41.9449	 2.9656	 1.0000
1950	10	19	138.6085	 44.8045	 3.5490	 1.0000
1950	10	20	145.0397	 46.7667	 3.8548	 1.0000
1950	10	21	144.9574	 45.9362	 3.8592	 1.0000
1950	10	22	144.9610	 45.3018	 3.8803	 1.0000
1950	10	23	145.4124	 44.9435	 4.0240	 1.0000
1950	10	24	185.5242	 62.7660	 4.2379	 1.0000
1950	10	25	197.0375	 65.4476	 4.7807	 1.0000
1950	10	26	231.4077	 77.5361	 4.7170	 1.0000
1950	10	27	291.8543	 94.4960	 4.6829	 1.0000
1950	10	28	320.4217	 101.4845	 4.7221	 1.0000
1950	10	29	325.3748	 100.5456	 4.7325	 1.0000
1950	10	30	327.8623	 99.2400	 4.7320	 1.0000
1950	10	31	352.4981	 108.4590	 4.7272	 1.0000
1950	11	01	392.2100	 124.0462	 3.9512	 1.0000
1950	11	02	398.0717	 122.3324	 3.9898	 1.0000
1950	11	03	399.1226	 119.1593	 3.9952	 1.0000
1950	11	04	404.3522	 117.8558	 4.0085	 1.0000
1950	11	05	405.0797	 115.5945	 4.0200	 1.0000
1950	11	06	405.8576	 113.7467	 4.0127	 1.0000
1950	11	07	416.7127	 117.8435	 3.9490	 1.0000
1950	11	08	416.6643	 116.4086	 3.9522	 1.0000
1950	11	09	416.5960	 115.1277	 3.9093	 1.0000
1950	11	10	416.5084	 113.8331	 3.9204	 1.0000
1950	11	11	417.6171	 113.5326	 3.9020	 1.0000
1950	11	12	417.5684	 112.5735	 3.8559	 1.0000
1950	11	13	419.3628	 113.4338	 3.8657	 1.0000
1950	11	14	429.5407	 121.5537	 3.8671	 1.0000
1950	11	15	479.8733	 151.2681	 3.7767	 1.0000
1950	11	16	503.4050	 157.0011	 3.6325	 1.0000
1950	11	17	520.0644	 163.1809	 3.5639	 1.0000
1950	11	18	522.5450	 161.7220	 3.5579	 1.0000
1950	11	19	536.5173	 171.0831	 3.5829	 1.0000
1950	11	20	604.1890	 195.1606	 3.5860	 1.0000
1950	11	21	657.3709	 202.5227	 3.6779	 1.0000
1950	11	22	677.8907	 199.5871	 4.0254	 1.0000
1950	11	23	732.3116	 212.1298	 3.9686	 1.0000
1950	11	24	767.6807	 215.4516	 3.9875	 1.0000
1950	11	25	828.4238	 230.2545	 3.9514	 1.0000
1950	11	26	851.7888	 230.5483	 3.9613	 1.0000
1950	11	27	858.9428	 227.6059	 4.0591	 1.0000
1950	11	28	859.2409	 224.1722	 4.0714	 1.0000
1950	11	29	866.2872	 225.8347	 4.0796	 1.0000
1950	11	30	885.9231	 236.3143	 4.0260	 1.0000
1950	12	01	888.7670	 235.0657	 3.7704	 1.0000
1950	12	02	890.5357	 232.7700	 3.7417	 1.0000
1950	12	03	895.7983	 233.6552	 3.7254	 1.0000
1950	12	04	897.0817	 231.7516	 3.7307	 1.0000
1950	12	05	918.3118	 245.0112	 3.6953	 1.0000
1950	12	06	935.3205	 255.2120	 3.6862	 1.0000
1950	12	07	944.1115	 255.4562	 3.6850	 1.0000
1950	12	08	949.2928	 252.7640	 3.6853	 1.0000
1950	12	09	972.3892	 257.5625	 3.6609	 1.0000
1950	12	10	979.8933	 254.7688	 3.6288	 1.0000
1950	12	11	982.7481	 251.0347	 3.7885	 1.0000
1950	12	12	982.7775	 247.5901	 3.8059	 1.0000
1950	12	13	983.4749	 245.6458	 3.8067	 1.0000
1950	12	14	997.3539	 254.2976	 3.7909	 1.0000
1950	12	15	1010.2195	 258.4093	 3.7837	 1.0000
1950	12	16	1028.7201	 264.3394	 3.7610	 1.0000
1950	12	17	1033.2055	 262.6565	 3.7629	 1.0000
1950	12	18	1038.3965	 261.2456	 3.7530	 1.0000
1950	12	19	1058.5917	 266.2242	 3.7293	 1.0000
1950	12	20	1069.6227	 265.4146	 3.7991	 1.0000
1950	12	21	1078.7506	 263.7654	 3.8622	 1.0000
1950	12	22	1095.1847	 264.2041	 3.7129	 1.0000
1950	12	23	1108.5825	 264.7815	 3.7100	 1.0000
1950	12	24	1119.8363	 265.6740	 3.7377	 1.0000
1950	12	25	1122.2037	 264.3305	 3.7563	 1.0000
1950	12	26	1124.9064	 263.4511	 3.7553	 1.0000
1950	12	27	1132.8903	 266.4091	 3.7539	 1.0000
1950	12	28	1137.2125	 266.4711	 3.7546	 1.0000
1950	12	29	1139.3551	 265.1852	 3.7454	 1.0000
1950	12	30	1139.4431	 263.0422	 3.6853	 1.0000
1950	12	31	1142.8106	 262.7568	 3.6668	 1.0000
1951	01	01	1158.5606	 267.9405	 3.4727	 1.0000
1951	01	02	1225.0898	 298.4015	 3.4125	 1.0000
1951	01	03	1238.1711	 301.0884	 3.2668	 1.0000
1951	01	04	1241.0135	 299.1427	 3.2490	 1.0000
1951	01	05	1243.2271	 298.5671	 3.2596	 1.0000
1951	01	06	1243.2522	 296.1990	 3.2735	 1.0000
1951	01	07	1243.4976	 294.4948	 3.2452	 1.0000
1951	01	08	1244.9616	 294.2269	 3.2565	 1.0000
1951	01	09	1247.1332	 294.3066	 3.2704	 1.0000
1951	01	10	1254.9894	 298.0120	 3.2656	 1.0000
1951	01	11	1255.8668	 296.0232	 3.2695	 1.0000
1951	01	12	1271.6635	 302.7182	 3.2771	 1.0000
1951	01	13	1334.7645	 334.8034	 3.2038	 1.0000
1951	01	14	1385.9135	 355.2418	 3.1924	 1.0000
1951	01	15	1457.6846	 382.9707	 3.0613	 1.0000
1951	01	16	1525.4069	 411.0882	 2.9424	 1.0000
1951	01	17	1545.0121	 412.2554	 2.8424	 1.0000
1951	01	18	1552.5476	 408.3917	 2.8425	 1.0000
1951	01	19	1569.4997	 412.4659	 2.8377	 1.0000
1951	01	20	1611.9944	 429.5272	 2.8169	 1.0000
1951	01	21	1637.2251	 431.8676	 2.7229	 1.0000
1951	01	22	1645.9997	 425.0074	 2.7088	 1.0000
1951	01	23	1654.7159	 419.8076	 2.7068	 1.0000
1951	01	24	1678.9752	 418.7302	 3.0931	 1.0000
1951	01	25	1703.1934	 418.8012	 3.3734	 1.0000
1951	01	26	1712.6323	 420.6035	 3.2041	 1.0000
1951	01	27	1712.5684	 417.4507	 3.1787	 1.0000
1951	01	28	1712.3539	 415.2470	 3.1177	 1.0000
1951	01	29	1712.3354	 413.3406	 3.1216	 1.0000
1951	01	30	1712.3369	 411.5276	 3.1313	 1.0000
1951	01	31	1718.9147	 418.0469	 3.1292	 1.0000
1951	02	01	1735.7799	 436.4445	 3.1092	 1.0000
1951	02	02	1815.8053	 492.4752	 2.9758	 1.0000
1951	02	03	1853.3028	 499.2882	 2.9157	 1.0000
1951	02	04	1853.2975	 483.6960	 2.9354	 1.0000
1951	02	05	1853.3118	 471.5204	 2.9107	 1.0000
1951	02	06	1859.4058	 465.9409	 2.9167	 1.0000
1951	02	07	1888.9383	 471.8715	 2.9052	 1.0000
1951	02	08	1944.4487	 481.5151	 2.9029	 1.0000
1951	02	09	2069.5016	 492.2788	 3.2166	 1.0000
1951	02	10	2144.6914	 493.9484	 3.1656	 1.0000
1951	02	11	2150.5889	 488.8884	 3.2474	 1.0000
1951	02	12	2153.8116	 485.8107	 3.2756	 1.0000
1951	02	13	2153.6457	 481.6977	 3.2552	 1.0000
1951	02	14	2154.2326	 478.3835	 3.2166	 1.0000
1951	02	15	2157.2262	 476.8637	 3.2140	 1.0000
1951	02	16	2159.5536	 474.9761	 3.2229	 1.0000
1951	02	17	2160.7726	 471.8789	 3.2034	 1.0000
1951	02	18	2162.9143	 469.0759	 3.1323	 1.0000
1951	02	19	2174.1720	 471.2192	 3.0834	 1.0000
1951	02	20	2188.5391	 476.0964	 3.0567	 1.0000
1951	02	21	2193.1770	 475.4563	 3.0416	 1.0000
1951	02	22	2192.8253	 472.2209	 2.9272	 1.0000
1951	02	23	2192.7404	 469.3520	 2.9174	 1.0000
1951	02	24	2194.0073	 467.6698	 2.8441	 1.0000
1951	02	25	2193.8563	 465.2719	 2.7857	 1.0000
1951	02	26	2193.7794	 463.1980	 2.7683	 1.0000
1951	02	27	2193.7083	 461.2666	 2.7538	 1.0000
1951	02	28	2193.6858	 459.3850	 2.7529	 1.0000
1951	03	01	2193.6517	 457.5571	 2.7509	 1.0000
1951	03	02	2193.8302	 456.1044	 2.6864	 1.0000
1951	03	03	2234.7489	 486.0372	 2.6237	 1.0000
1951	03	04	2269.3399	 509.6229	 2.4483	 1.0000
1951	03	05	2276.1499	 511.3385	 2.2694	 1.0000
1951	03	06	2283.6011	 515.1072	 2.2336	 1.0000
1951	03	07	2286.4564	 514.0190	 2.2170	 1.0000
1951	03	08	2303.6946	 525.3016	 2.1987	 1.0000
1951	03	09	2313.1093	 529.1359	 2.1283	 1.0000
1951	03	10	2314.0792	 525.8087	 2.0828	 1.0000
1951	03	11	2321.7561	 528.7590	 2.0907	 1.0000
1951	03	12	2362.9596	 549.2754	 2.0719	 1.0000
1951	03	13	2375.8178	 548.7256	 2.0798	 1.0000
1951	03	14	2387.0745	 542.8917	 2.6117	 1.0000
1951	03	15	2436.2698	 554.4926	 2.6624	 1.0000
1951	03	16	2506.5723	 590.3634	 2.4295	 1.0000
1951	03	17	2507.2038	 581.3719	 2.4168	 1.0000
1951	03	18	2507.2801	 572.1593	 2.2867	 1.0000
1951	03	19	2507.1881	 562.3070	 2.2903	 1.0000
1951	03	20	2507.0546	 552.5970	 2.2660	 1.0000
1951	03	21	2508.6420	 544.7453	 2.6145	 1.0000
1951	03	22	2510.2986	 538.0560	 2.7879	 1.0000
1951	03	23	2510.3088	 532.1384	 2.6804	 1.0000
1951	03	24	2510.1966	 526.5340	 2.6760	 1.0000
1951	03	25	2510.2259	 521.2118	 2.5496	 1.0000
1951	03	26	2509.2290	 516.3262	 2.4145	 1.0000
1951	03	27	2508.3160	 512.0916	 2.3160	 1.0000
1951	03	28	2509.6162	 509.3717	 2.4035	 1.0000
1951	03	29	2513.9226	 508.4883	 2.5469	 1.0000
1951	03	30	2513.6057	 505.9377	 2.4422	 1.0000
1951	03	31	2513.5643	 503.0582	 2.2101	 1.0000
1951	04	01	2513.7498	 500.0211	 1.8126	 1.0000
1951	04	02	2514.2192	 497.1514	 1.0897	 1.0000
1951	04	03	2514.8727	 494.0578	 0.1748	 1.0000
1951	04	04	2514.7787	 490.9692	 0.0000	 1.0000
1951	04	05	2514.4548	 488.0471	 0.0000	 1.0000
1951	04	06	2514.2197	 485.2616	 0.0000	 1.0000
1951	04	07	2512.1184	 482.4215	 0.0000	 1.0000
1951	04	08	2507.7812	 479.3041	 0.0000	 1.0000
1951	04	09	2503.2717	 476.3989	 0.0000	 1.0000
1951	04	10	2498.5481	 473.5201	 0.0000	 1.0000
1951	04	11	2491.3011	 470.1974	 0.0000	 1.0000
1951	04	12	2482.5240	 466.6589	 0.0000	 1.0000
1951	04	13	2470.9453	 462.7164	 0.0000	 1.0000
1951	04	14	2456.9477	 458.4420	 0.0000	 1.0000
1951	04	15	2443.2514	 454.2612	 0.0000	 1.0000
1951	04	16	2427.5795	 449.7760	 0.0000	 1.0000
1951	04	17	2411.8359	 445.3741	 0.0000	 1.0000
1951	04	18	2399.6746	 441.9267	 0.0000	 1.0000
1951	04	19	2393.2560	 439.7282	 0.0000	 1.0000
1951	04	20	2390.0322	 438.1829	 0.0000	 1.0000
1951	04	21	2380.5063	 435.3863	 0.0000	 1.0000
1951	04	22	2366.7329	 431.7604	 0.0000	 1.0000
1951	04	23	2353.3807	 428.2613	 0.0000	 1.0000
1951	04	24	2336.8365	 424.1810	 0.0000	 1.0000
1951	04	25	2313.2743	 418.8317	 0.0000	 1.0000
1951	04	26	2306.8401	 416.6580	 0.0139	 1.0000
1951	04	27	2314.8339	 418.3661	 0.9290	 1.0000
1951	04	28	2324.2087	 420.2757	 2.1315	 1.0000
1951	04	29	2323.4802	 419.1913	 1.0684	 1.0000
1951	04	30	2321.8564	 418.0796	 0.9663	 1.0000
1951	05	01	2319.9579	 416.8907	 0.8471	 1.0000
1951	05	02	2313.4793	 414.8238	 0.0000	 1.0000
1951	05	03	2304.5674	 412.3192	 0.0276	 1.0000
1951	05	04	2297.0843	 410.1382	 0.0597	 1.0000
1951	05	05	2286.2868	 407.4090	 0.1528	 1.0000
1951	05	06	2275.3912	 404.6442	 0.0417	 1.0000
1951	05	07	2268.1011	 403.0783	 0.4991	 1.0000
1951	05	08	2258.4038	 400.5522	 0.0643	 1.0000
1951	05	09	2236.4731	 395.9076	 0.0000	 1.0000
1951	05	10	2217.9578	 391.9242	 0.1877	 1.0000
1951	05	11	2219.4066	 394.6127	 0.7880	 1.0000
1951	05	12	2226.0100	 395.8853	 1.5491	 1.0000
1951	05	13	2216.9575	 393.4557	 0.0000	 1.0000
1951	05	14	2205.0194	 390.5953	 0.0000	 1.0000
1951	05	15	2180.7360	 385.5703	 0.0000	 1.0000
1951	05	16	2160.7688	 381.3438	 0.0077	 1.0000
1951	05	17	2144.0852	 377.7257	 0.0186	 1.0000
1951	05	18	2132.2719	 375.0200	 0.0000	 1.0000
1951	05	19	2113.4048	 371.0897	 0.0000	 1.0000
1951	05	20	2090.8533	 366.5247	 0.0000	 1.0000
1951	05	21	2060.7587	 360.6668	 0.0000	 1.0000
1951	05	22	2033.9061	 355.4107	 0.0000	 1.0000
1951	05	23	2008.5870	 350.7966	 0.1362	 1.0000
1951	05	24	2006.9444	 350.3860	 0.7550	 1.0000
1951	05	25	2007.5718	 350.4856	 0.5160	 1.0000
1951	05	26	1991.3567	 347.1840	 0.0000	 1.0000
1951	05	27	1980.8515	 344.8722	 0.0027	 1.0000
1951	05	28	1977.5032	 343.8584	 0.0101	 1.0000
1951	05	29	1973.3749	 342.7157	 0.0000	 1.0000
1951	05	30	1962.7093	 340.4209	 0.0000	 1.0000
1951	05	31	1946.9142	 337.2349	 0.0000	 1.0000
1951	06	01	1923.6871	 332.7613	 0.0000	 1.0000
1951	06	02	1893.4693	 327.1042	 0.0000	 1.0000
1951	06	03	1872.8101	 323.1377	 0.1200	 1.0000
1951	06	04	1854.7394	 319.7615	 0.1584	 1.0000
1951	06	05	1845.1167	 317.9136	 0.3066	 1.0000
1951	06	06	1834.9278	 316.0895	 0.8494	 1.0000
1951	06	07	1832.1394	 315.4236	 0.2580	 1.0000
1951	06	08	1820.2115	 313.0325	 0.0466	 1.0000
1951	06	09	1788.3920	 307.2264	 0.0000	 1.0000
1951	06	10	1759.4494	 301.9054	 0.0000	 1.0000
1951	06	11	1729.3054	 296.3859	 0.0000	 1.0000
1951	06	12	1700.0577	 291.0340	 0.0000	 1.0000
1951	06	13	1670.2831	 285.6075	 0.0000	 1.0000
1951	06	14	1639.1012	 279.9599	 0.0000	 1.0000
1951	06	15	1604.6120	 273.7514	 0.0000	 1.0000
1951	06	16	1572.0132	 267.8876	 0.0000	 1.0000
1951	06	17	1538.2059	 261.8269	 0.0000	 1.0000
1951	06	18	1506.9723	 256.2215	 0.0000	 1.0000
1951	06	19	1475.8644	 250.6549	 0.0000	 1.0000
1951	06	20	1443.8233	 244.9448	 0.0000	 0.9635
1951	06	21	1409.0652	 238.8047	 0.0000	 0.9635
1951	06	22	1375.4786	 232.8785	 0.0000	 0.9255
1951	06	23	1340.5269	 226.7148	 0.0000	 0.9255
1951	06	24	1310.8841	 221.4782	 0.0000	 0.9255
1951	06	25	1273.2812	 214.9243	 0.0000	 0.9255
1951	06	26	1241.7334	 209.3916	 0.0000	 0.9255
1951	06	27	1208.8498	 203.6440	 0.0000	 0.9255
1951	06	28	1173.5523	 197.4949	 0.0000	 0.9255
1951	06	29	1137.3196	 191.2021	 0.0000	 0.8897
1951	06	30	1098.7675	 184.5534	 0.0000	 0.8897
1951	07	01	1066.3118	 178.9532	 0.0000	 0.8523
1951	07	02	1035.6347	 173.6632	 0.0000	 0.8523
1951	07	03	1003.7521	 168.1796	 0.0000	 0.8523
1951	07	04	984.5844	 164.8762	 0.0000	 0.8523
1951	07	05	969.9707	 162.3615	 0.0607	 0.8523
1951	07	06	955.0228	 159.8521	 0.0000	 0.8523
1951	07	07	935.5158	 156.4729	 0.0000	 0.8523
1951	07	08	915.0567	 152.9294	 0.0000	 0.8523
1951	07	09	893.5556	 149.2102	 0.0000	 0.8523
1951	07	10	869.0650	 144.9912	 0.0000	 0.8170
1951	07	11	843.0852	 140.5554	 0.0000	 0.8170
1951	07	12	818.4247	 136.3616	 0.0000	 0.7803
1951	07	13	789.3275	 131.4443	 0.0000	 0.7803
1951	07	14	763.0719	 127.0063	 0.0000	 0.7803
1951	07	15	737.5291	 122.6923	 0.0000	 0.7803
1951	07	16	711.6459	 118.3265	 0.0000	 0.7803
1951	07	17	683.3858	 113.5698	 0.0000	 0.7803
1951	07	18	656.7600	 109.0898	 0.0000	 0.7803
1951	07	19	636.2310	 105.6280	 0.0000	 0.7803
1951	07	20	614.5025	 101.9699	 0.0000	 0.7803
1951	07	21	592.0259	 98.1909	 0.0000	 0.7803
1951	07	22	564.4022	 93.5602	 0.0000	 0.7803
1951	07	23	535.6757	 88.7500	 0.0000	 0.7803
1951	07	24	508.8617	 84.2607	 0.0000	 0.7803
1951	07	25	491.0178	 81.2714	 0.0000	 0.5158
1951	07	26	474.7798	 78.5543	 0.0000	 0.5158
1951	07	27	458.5116	 75.8351	 0.0000	 0.5158
1951	07	28	442.8880	 73.2251	 0.0000	 0.5158
1951	07	29	427.1765	 70.6030	 0.0000	 0.5158
1951	07	30	411.0642	 67.9171	 0.0000	 0.5158
1951	07	31	395.2122	 65.2766	 0.0000	 0.5158
1951	08	01	378.7947	 62.5448	 0.0000	 0.5158
1951	08	02	361.4350	 59.6596	 0.0000	 0.5158
1951	08	03	343.4926	 56.6804	 0.0000	 0.5158
1951	08	04	327.6201	 54.0449	 0.0000	 0.5158
1951	08	05	314.0618	 51.7930	 0.0000	 0.5158
1951	08	06	300.3835	 49.5228	 0.0000	 0.5158
1951	08	07	285.7862	 47.1024	 0.0000	 0.5158
1951	08	08	270.6245	 44.5902	 0.0000	 0.5158
1951	08	09	255.7639	 42.1291	 0.0000	 0.5158
1951	08	10	242.1336	 39.8721	 0.0000	 0.5158
1951	08	11	227.3754	 37.4302	 0.0000	 0.5158
1951	08	12	215.5773	 35.4772	 0.0000	 0.5158
1951	08	13	203.4025	 33.4630	 0.0000	 0.5158
1951	08	14	187.2080	 30.7874	 0.0000	 0.5158
1951	08	15	171.9456	 28.2662	 0.0000	 0.5158
1951	08	16	159.8993	 26.2768	 0.0000	 0.4277
1951	08	17	151.4062	 24.8751	 0.0000	 0.2559
1951	08	18	144.0600	 23.6636	 0.0000	 0.2559
1951	08	19	136.3420	 22.3917	 0.0000	 0.2559
1951	08	20	128.3575	 21.0768	 0.0000	 0.2559
1951	08	21	119.7004	 19.6521	 0.0000	 0.2559
1951	08	22	112.6015	 18.4838	 0.0000	 0.2559
1951	08	23	107.8589	 17.7027	 0.0000	 0.2559
1951	08	24	103.4789	 16.9815	 0.0000	 0.2559
1951	08	25	97.6401	 16.0212	 0.0000	 0.2559
1951	08	26	91.4402	 15.0021	 0.0000	 0.2559
1951	08	27	87.1948	 14.3243	 0.0000	 0.2559
1951	08	28	85.4320	 14.2314	 0.0000	 0.2559
1951	08	29	85.9037	 14.5914	 0.1311	 0.3280
1951	08	30	85.3657	 14.6434	 0.0000	 0.2559
1951	08	31	82.6623	 14.2381	 0.0000	 0.2559
1951	09	01	77.4798	 13.3426	 0.0000	 0.2559
1951	09	02	72.6479	 12.5081	 0.0000	 0.2559
1951	09	03	68.6474	 11.8173	 0.0000	 0.2559
1951	09	04	64.4156	 11.0870	 0.0000	 0.2559
1951	09	05	59.4855	 10.2368	 0.0000	 0.2559
1951	09	06	54.6506	 9.4381	 0.0000	 0.2559
1951	09	07	49.1047	 8.4789	 0.0000	 0.2559
1951	09	08	46.8523	 8.1865	 0.0000	 0.2559
1951	09	09	42.8541	 7.4873	 0.0000	 0.2559
1951	09	10	40.9055	 7.1582	 0.0000	 0.2559
1951	09	11	40.2626	 7.0679	 0.0347	 0.2559
1951	09	12	37.0308	 6.5112	 0.0000	 0.2559
1951	09	13	33.2411	 5.8439	 0.0000	 0.2559
1951	09	14	29.0239	 5.1015	 0.0000	 0.2559
1951	09	15	24.5693	 4.3176	 0.0000	 0.2559
1951	09	16	19.7752	 3.4742	 0.0000	 0.2559
1951	09	17	14.0525	 2.4675	 0.0000	 0.2559
1951	09	18	8.5111	 1.4929	 0.0000	 0.2559
1951	09	19	4.5478	 0.7961	 0.0000	 0.1691
1951	09	20	1.6623	 0.2910	 0.0000	 0.1691
1951	09	21	0.0000	 0.0000	 0.0000	 0.0000
1951	09	22	0.0000	 0.0000	 0.0000	 0.0000
1951	09	23	0.0000	 0.0000	 0.0000	 0.0000
1951	09	24	0.0002	 0.0001	 0.1916	 0.0368
1951	09	25	0.0255	 0.0190	 0.5397	 0.3280
1951	09	26	0.0070	 0.0054	 0.2202	 0.3280
1951	09	27	0.0035	 0.0025	 0.1353	 0.3280
1951	09	28	0.4285	 0.2347	 0.0402	 0.3280
1951	09	29	0.0000	 0.0000	 0.0000	 0.0000
1951	09	30	0.0000	 0.0000	 0.0000	 0.0000
1951	10	01	0.0000	 0.0000	 0.0000	 0.0000
1951	10	02	0.0447	 0.0287	 0.0178	 0.0721
1951	10	03	0.1096	 0.0762	 0.0682	 0.3280
1951	10	04	0.0000	 0.0000	 0.0381	 0.0000
1951	10	05	0.0000	 0.0000	 0.0000	 0.0000
1951	10	06	0.0000	 0.0000	 0.0000	 0.0000
1951	10	07	0.0005	 0.0004	 0.0353	 0.0721
1951	10	08	0.0000	 0.0000	 0.0000	 0.0000
1951	10	09	0.0000	 0.0000	 0.0000	 0.0000
1951	10	10	0.0000	 0.0000	 0.0000	 0.0000
1951	10	11	0.0000	 0.0000	 0.0000	 0.0000
1951	10	12	0.0061	 0.0046	 0.1253	 0.3280
1951	10	13	0.4847	 0.3216	 0.6061	 0.6610
1951	10	14	7.7505	 4.5023	 1.4901	 1.0000
1951	10	15	22.3557	 11.9551	 2.6412	 1.0000
1951	10	16	33.4471	 17.3344	 3.2631	 1.0000
1951	10	17	37.6294	 18.8024	 3.6385	 1.0000
1951	10	18	61.4364	 27.8335	 3.6000	 1.0000
1951	10	19	103.9132	 42.4698	 3.6317	 1.0000
1951	10	20	122.1981	 46.4898	 3.8536	 1.0000
1951	10	21	121.8418	 44.6340	 3.7717	 1.0000
1951	10	22	157.9946	 57.6356	 3.9856	 1.0000
1951	10	23	177.3296	 63.2059	 4.0294	 1.0000
1951	10	24	177.4249	 61.1791	 4.0252	 1.0000
1951	10	25	177.5941	 59.7734	 4.0341	 1.0000
1951	10	26	177.5993	 58.6264	 4.0504	 1.0000
1951	10	27	177.6275	 57.5921	 4.1123	 1.0000
1951	10	28	181.1482	 57.9007	 4.1615	 1.0000
1951	10	29	181.1133	 57.0114	 4.0303	 1.0000
1951	10	30	181.0550	 56.3053	 4.0352	 1.0000
1951	10	31	181.0367	 55.7483	 4.0348	 1.0000
1951	11	01	181.4500	 55.7570	 3.5652	 1.0000
1951	11	02	184.1074	 57.2941	 3.5592	 1.0000
1951	11	03	210.2482	 70.3614	 3.5885	 1.0000
1951	11	04	211.1414	 68.7138	 3.6489	 1.0000
1951	11	05	211.1107	 67.2053	 3.6723	 1.0000
1951	11	06	211.0993	 65.9153	 3.6959	 1.0000
1951	11	07	211.1181	 64.8525	 3.7382	 1.0000
1951	11	08	212.0049	 64.1474	 3.7643	 1.0000
1951	11	09	215.3877	 64.4579	 3.7805	 1.0000
1951	11	10	227.0511	 68.5647	 3.6968	 1.0000
1951	11	11	251.4159	 79.8716	 3.5617	 1.0000
1951	11	12	271.5855	 88.9110	 3.5815	 1.0000
1951	11	13	288.5941	 95.3795	 3.5206	 1.0000
1951	11	14	293.3247	 95.1946	 3.4790	 1.0000
1951	11	15	293.2973	 93.1171	 3.5004	 1.0000
1951	11	16	293.1789	 91.4320	 3.5040	 1.0000
1951	11	17	292.9880	 89.9733	 3.4864	 1.0000
1951	11	18	292.8681	 88.6468	 3.4873	 1.0000
1951	11	19	292.9059	 87.4651	 3.4344	 1.0000
1951	11	20	294.2948	 87.2596	 3.4464	 1.0000
1951	11	21	294.9531	 86.6540	 3.4531	 1.0000
1951	11	22	294.9762	 85.7919	 3.4791	 1.0000
1951	11	23	295.0023	 85.0411	 3.5056	 1.0000
1951	11	24	296.5619	 85.5795	 3.5172	 1.0000
1951	11	25	333.6321	 110.8835	 3.4757	 1.0000
1951	11	26	359.2138	 118.6359	 3.3967	 1.0000
1951	11	27	381.1798	 125.3042	 3.3638	 1.0000
1951	11	28	414.3659	 134.8422	 3.3271	 1.0000
1951	11	29	453.1397	 145.8953	 3.2610	 1.0000
1951	11	30	479.0576	 151.6301	 3.2002	 1.0000
1951	12	01	494.1004	 152.3013	 3.0926	 1.0000
1951	12	02	496.4062	 149.0689	 3.1104	 1.0000
1951	12	03	514.9921	 155.4794	 3.0452	 1.0000
1951	12	04	523.7807	 156.5275	 2.9927	 1.0000
1951	12	05	526.3100	 154.1363	 2.8381	 1.0000
1951	12	06	526.1204	 151.2661	 2.7951	 1.0000
1951	12	07	526.1157	 149.4640	 2.8199	 1.0000
1951	12	08	526.1335	 147.8226	 2.8384	 1.0000
1951	12	09	526.1745	 146.3330	 2.8780	 1.0000
1951	12	10	526.2275	 144.8461	 2.9361	 1.0000
1951	12	11	526.2953	 143.0766	 3.0137	 1.0000
1951	12	12	526.2973	 141.1772	 3.0487	 1.0000
1951	12	13	526.2871	 139.8400	 3.0657	 1.0000
1951	12	14	526.8746	 139.4008	 3.0667	 1.0000
1951	12	15	533.0517	 144.3585	 3.0563	 1.0000
1951	12	16	537.3171	 146.0613	 3.0099	 1.0000
1951	12	17	547.4710	 152.2676	 2.9772	 1.0000
1951	12	18	577.9973	 176.7153	 2.8304	 1.0000
1951	12	19	578.9628	 173.6036	 2.8041	 1.0000
1951	12	20	584.4628	 177.6914	 2.8144	 1.0000
1951	12	21	620.1680	 213.7247	 2.8113	 1.0000
1951	12	22	628.0531	 211.2627	 2.7136	 1.0000
1951	12	23	628.1694	 204.7745	 2.5611	 1.0000
1951	12	24	628.1602	 200.0375	 2.5824	 1.0000
1951	12	25	628.7620	 196.6616	 2.6734	 1.0000
1951	12	26	636.6126	 202.5192	 2.7499	 1.0000
1951	12	27	638.5857	 200.1931	 2.7568	 1.0000
1951	12	28	644.4224	 201.4843	 2.7736	 1.0000
1951	12	29	663.3394	 211.4675	 2.7024	 1.0000
1951	12	30	664.4891	 207.3149	 2.7016	 1.0000
1951	12	31	665.8167	 205.5569	 2.7081	 1.0000
