1949	01	01	825.7386	 229.7399	 2.3369	 1.0000
1949	01	02	826.7057	 227.5809	 2.3087	 1.0000
1949	01	03	826.7759	 225.3839	 2.2417	 1.0000
1949	01	04	831.5182	 229.0942	 2.3310	 1.0000
1949	01	05	847.2462	 242.7500	 2.3470	 1.0000
1949	01	06	866.7042	 250.3027	 2.3333	 1.0000
1949	01	07	871.5498	 247.1181	 2.1836	 1.0000
1949	01	08	871.4712	 243.0332	 2.1590	 1.0000
1949	01	09	871.5275	 240.5566	 2.1006	 1.0000
1949	01	10	871.5311	 238.5514	 2.1083	 1.0000
1949	01	11	871.5405	 236.5242	 2.1277	 1.0000
1949	01	12	871.5483	 234.2020	 2.1588	 1.0000
1949	01	13	872.1138	 232.1865	 2.2114	 1.0000
1949	01	14	874.1858	 231.0184	 2.2530	 1.0000
1949	01	15	874.9308	 228.3549	 2.2412	 1.0000
1949	01	16	876.0270	 226.8864	 2.2454	 1.0000
1949	01	17	877.1586	 225.4332	 2.2206	 1.0000
1949	01	18	878.0331	 224.4001	 2.2144	 1.0000
1949	01	19	878.3016	 223.1304	 2.2184	 1.0000
1949	01	20	879.1516	 222.7935	 2.2170	 1.0000
1949	01	21	879.4022	 221.7627	 2.1939	 1.0000
1949	01	22	879.4202	 220.4829	 2.1187	 1.0000
1949	01	23	879.2872	 219.2926	 2.1042	 1.0000
1949	01	24	879.3473	 218.3118	 2.0976	 1.0000
1949	01	25	880.4286	 218.7737	 2.1671	 1.0000
1949	01	26	881.8270	 219.3491	 2.2013	 1.0000
1949	01	27	882.2204	 218.4067	 2.2081	 1.0000
1949	01	28	882.3470	 217.1035	 2.1379	 1.0000
1949	01	29	882.2982	 215.5305	 2.1339	 1.0000
1949	01	30	882.2864	 214.1125	 2.1348	 1.0000
1949	01	31	882.2739	 212.9564	 2.1374	 1.0000
1949	02	01	882.3250	 211.8759	 2.0750	 1.0000
1949	02	02	883.0315	 211.5522	 2.0957	 1.0000
1949	02	03	884.8495	 212.3727	 2.1212	 1.0000
1949	02	04	885.2235	 211.6707	 2.0676	 1.0000
1949	02	05	899.8486	 226.8774	 2.1064	 1.0000
1949	02	06	918.3705	 244.6727	 2.0779	 1.0000
1949	02	07	934.8828	 254.3851	 2.0486	 1.0000
1949	02	08	946.4082	 256.9063	 2.0204	 1.0000
1949	02	09	990.7538	 276.7630	 2.0041	 1.0000
1949	02	10	1027.8933	 293.2878	 1.8864	 1.0000
1949	02	11	1036.0913	 293.7658	 1.8806	 1.0000
1949	02	12	1036.1068	 288.3521	 1.7995	 1.0000
1949	02	13	1055.5247	 304.2573	 1.8845	 1.0000
1949	02	14	1079.6399	 316.9323	 1.8745	 1.0000
1949	02	15	1187.0905	 354.9527	 1.8690	 1.0000
1949	02	16	1313.1842	 373.5928	 1.8281	 1.0000
1949	02	17	1352.6106	 370.6261	 1.7872	 1.0000
1949	02	18	1361.0137	 364.1671	 1.7793	 1.0000
1949	02	19	1373.2060	 366.1485	 1.7933	 1.0000
1949	02	20	1394.2655	 374.5463	 1.7926	 1.0000
1949	02	21	1442.1997	 396.6933	 1.8054	 1.0000
1949	02	22	1474.0305	 393.7170	 1.8032	 1.0000
1949	02	23	1480.7053	 382.2623	 1.8961	 1.0000
1949	02	24	1480.7125	 371.4727	 1.7466	 1.0000
1949	02	25	1480.6063	 363.2716	 1.7425	 1.0000
1949	02	26	1480.2676	 356.4675	 1.6982	 1.0000
1949	02	27	1479.9451	 350.8047	 1.6760	 1.0000
1949	02	28	1479.6167	 345.9263	 1.6440	 1.0000
1949	03	01	1479.3939	 341.5938	 1.6307	 1.0000
1949	03	02	1479.0533	 337.4020	 1.6296	 1.0000
1949	03	03	1478.7940	 333.4002	 1.6270	 1.0000
1949	03	04	1478.7164	 329.7599	 1.6311	 1.0000
1949	03	05	1478.5541	 326.2009	 1.6346	 1.0000
1949	03	06	1478.9246	 323.6871	 1.7453	 1.0000
1949	03	07	1484.7410	 323.1946	 2.1365	 1.0000
1949	03	08	1490.7859	 323.8171	 2.3246	 1.0000
1949	03	09	1490.5957	 321.8506	 2.1478	 1.0000
1949	03	10	1490.0003	 319.9290	 2.0772	 1.0000
1949	03	11	1494.5968	 320.4225	 2.4979	 1.0000
1949	03	12	1514.4513	 326.3558	 2.5851	 1.0000
1949	03	13	1521.4044	 327.8234	 2.7418	 1.0000
1949	03	14	1527.8772	 329.1973	 2.7378	 1.0000
1949	03	15	1535.8474	 331.2667	 2.8691	 1.0000
1949	03	16	1542.2161	 331.3736	 2.8715	 1.0000
1949	03	17	1547.5271	 331.0597	 2.9132	 1.0000
1949	03	18	1563.6880	 334.8282	 2.8525	 1.0000
1949	03	19	1578.4552	 337.5461	 2.9139	 1.0000
1949	03	20	1595.0705	 341.8825	 2.8475	 1.0000
1949	03	21	1600.6249	 342.0694	 2.9284	 1.0000
1949	03	22	1600.4694	 339.8462	 2.7830	 1.0000
1949	03	23	1600.3039	 337.8151	 2.6919	 1.0000
1949	03	24	1603.5367	 337.3081	 2.9100	 1.0000
1949	03	25	1607.7772	 336.9284	 2.9292	 1.0000
1949	03	26	1621.6772	 342.1156	 2.8622	 1.0000
1949	03	27	1627.7611	 344.3872	 2.8314	 1.0000
1949	03	28	1628.1128	 342.8460	 2.7977	 1.0000
1949	03	29	1629.3256	 341.4495	 2.8213	 1.0000
1949	03	30	1629.5506	 339.6365	 2.7589	 1.0000
1949	03	31	1629.4741	 337.8218	 2.6905	 1.0000
1949	04	01	1629.9292	 336.2987	 2.7040	 1.0000
1949	04	02	1629.6840	 334.5401	 2.5711	 1.0000
1949	04	03	1629.9581	 332.9671	 2.2246	 1.0000
1949	04	04	1633.1920	 332.0201	 0.9302	 1.0000
1949	04	05	1633.9973	 330.3352	 0.3533	 1.0000
1949	04	06	1633.8126	 328.6535	 0.1766	 1.0000
1949	04	07	1633.7271	 326.9523	 0.0000	 1.0000
1949	04	08	1632.2779	 325.0801	 0.0000	 1.0000
1949	04	09	1629.9178	 323.1180	 0.0000	 1.0000
1949	04	10	1631.9664	 322.3953	 0.2798	 1.0000
1949	04	11	1631.8477	 321.0108	 0.2030	 1.0000
1949	04	12	1630.3186	 319.3995	 0.0076	 1.0000
1949	04	13	1628.3986	 317.7730	 0.0030	 1.0000
1949	04	14	1625.7505	 316.1143	 0.0000	 1.0000
1949	04	15	1621.3374	 314.0849	 0.0000	 1.0000
1949	04	16	1614.3330	 311.5415	 0.0000	 1.0000
1949	04	17	1608.7134	 309.3314	 0.0237	 1.0000
1949	04	18	1602.0613	 306.9443	 0.0020	 1.0000
1949	04	19	1604.4562	 306.8258	 0.6959	 1.0000
1949	04	20	1613.5850	 309.4735	 1.0458	 1.0000
1949	04	21	1616.6817	 309.9440	 1.2830	 1.0000
1949	04	22	1622.8085	 311.5989	 1.2786	 1.0000
1949	04	23	1634.6718	 315.3759	 1.1162	 1.0000
1949	04	24	1638.2144	 315.6716	 0.7991	 1.0000
1949	04	25	1635.1409	 313.9937	 0.2657	 1.0000
1949	04	26	1628.2999	 311.6006	 0.0000	 1.0000
1949	04	27	1620.6410	 309.0978	 0.0327	 1.0000
1949	04	28	1615.0651	 307.0837	 0.3498	 1.0000
1949	04	29	1613.2169	 306.0381	 0.4731	 1.0000
1949	04	30	1617.2721	 306.7599	 0.9399	 1.0000
1949	05	01	1627.2838	 309.5244	 1.9698	 1.0000
1949	05	02	1635.6858	 311.7854	 2.3501	 1.0000
1949	05	03	1637.9581	 312.0139	 2.3300	 1.0000
1949	05	04	1637.3900	 311.2166	 1.6691	 1.0000
1949	05	05	1630.0191	 308.8997	 0.2450	 1.0000
1949	05	06	1614.7814	 304.9959	 0.0000	 1.0000
1949	05	07	1592.0157	 299.6955	 0.0000	 1.0000
1949	05	08	1563.8044	 293.4032	 0.0000	 1.0000
1949	05	09	1533.6910	 286.8232	 0.0000	 1.0000
1949	05	10	1502.7608	 280.1569	 0.0000	 1.0000
1949	05	11	1470.4586	 273.2996	 0.0000	 1.0000
1949	05	12	1433.6135	 265.6643	 0.0000	 1.0000
1949	05	13	1395.4512	 257.8652	 0.0000	 1.0000
1949	05	14	1356.1904	 249.9292	 0.0000	 1.0000
1949	05	15	1313.5818	 241.4016	 0.0000	 1.0000
1949	05	16	1281.5010	 234.8779	 0.0551	 1.0000
1949	05	17	1265.8710	 231.4876	 0.0751	 1.0000
1949	05	18	1241.7323	 226.5518	 0.0000	 1.0000
1949	05	19	1221.7612	 222.4208	 0.0363	 0.9932
1949	05	20	1208.4305	 219.5410	 0.0180	 0.9932
1949	05	21	1185.7743	 214.9398	 0.0000	 0.9568
1949	05	22	1161.7909	 210.1121	 0.0000	 0.9568
1949	05	23	1139.8851	 205.7143	 0.0000	 0.9204
1949	05	24	1118.0858	 201.3605	 0.0000	 0.9158
1949	05	25	1090.5689	 195.9927	 0.0000	 0.9158
1949	05	26	1073.2794	 192.5296	 0.0000	 0.9158
1949	05	27	1049.6604	 187.9045	 0.0032	 0.9158
1949	05	28	1035.4873	 185.0457	 0.0767	 0.9158
1949	05	29	1028.0747	 183.4466	 0.0023	 0.9158
1949	05	30	1008.7121	 179.6464	 0.0000	 0.9158
1949	05	31	995.7230	 177.0285	 0.0247	 0.9158
1949	06	01	980.1696	 173.9298	 0.0157	 0.9158
1949	06	02	967.5517	 171.3830	 0.0017	 0.9158
1949	06	03	953.2078	 168.5553	 0.0000	 0.9158
1949	06	04	928.0101	 163.7568	 0.0000	 0.9092
1949	06	05	898.8632	 158.2516	 0.0000	 0.9092
1949	06	06	864.4633	 151.8343	 0.0000	 0.8739
1949	06	07	835.4127	 146.3725	 0.0000	 0.8739
1949	06	08	822.6970	 144.0109	 0.0000	 0.6668
1949	06	09	804.0065	 140.4917	 0.0000	 0.6668
1949	06	10	788.6859	 137.5789	 0.0030	 0.6624
1949	06	11	774.2717	 134.8234	 0.0000	 0.6624
1949	06	12	760.6050	 132.2169	 0.0000	 0.6624
1949	06	13	744.6207	 129.1949	 0.0000	 0.6624
1949	06	14	727.2613	 125.9374	 0.0000	 0.6558
1949	06	15	712.2707	 123.1453	 0.0254	 0.6558
1949	06	16	707.6257	 122.3096	 0.1133	 0.6624
1949	06	17	704.2758	 121.6947	 0.1161	 0.6206
1949	06	18	694.7519	 119.8860	 0.0000	 0.6206
1949	06	19	681.9774	 117.4760	 0.0000	 0.6206
1949	06	20	666.5280	 114.6091	 0.0000	 0.5853
1949	06	21	655.7994	 112.6075	 0.0000	 0.5853
1949	06	22	645.6178	 110.6956	 0.0000	 0.5853
1949	06	23	635.3272	 108.7683	 0.0000	 0.5809
1949	06	24	624.8696	 106.8025	 0.0247	 0.5809
1949	06	25	620.5935	 106.0087	 0.0762	 0.5809
1949	06	26	615.7819	 105.0967	 0.0291	 0.5809
1949	06	27	610.8725	 104.2940	 0.0790	 0.5809
1949	06	28	605.2829	 103.3214	 0.0602	 0.6338
1949	06	29	600.8752	 102.4289	 0.0192	 0.5809
1949	06	30	595.8134	 101.4536	 0.0009	 0.5809
1949	07	01	586.7418	 99.7580	 0.0000	 0.5809
1949	07	02	576.1531	 97.7842	 0.0000	 0.5809
1949	07	03	562.7621	 95.3147	 0.0000	 0.5809
1949	07	04	548.3942	 92.6706	 0.0000	 0.5809
1949	07	05	534.2662	 90.0728	 0.0000	 0.5809
1949	07	06	521.0257	 87.6392	 0.0000	 0.5809
1949	07	07	507.3141	 85.1266	 0.0000	 0.5809
1949	07	08	489.5078	 81.8918	 0.0000	 0.5059
1949	07	09	474.0725	 79.1044	 0.0000	 0.4078
1949	07	10	461.0769	 76.7695	 0.0000	 0.3726
1949	07	11	450.2357	 74.8366	 0.0000	 0.3373
1949	07	12	440.8520	 73.1759	 0.0000	 0.3329
1949	07	13	430.5469	 71.3633	 0.0000	 0.3329
1949	07	14	419.7782	 69.4746	 0.0000	 0.3329
1949	07	15	408.6720	 67.5280	 0.0000	 0.3329
1949	07	16	403.0026	 66.5135	 0.0201	 0.4144
1949	07	17	397.8463	 65.5962	 0.0000	 0.3329
1949	07	18	390.3798	 64.2998	 0.0000	 0.3329
1949	07	19	385.3092	 63.3912	 0.0000	 0.3329
1949	07	20	380.6561	 62.5543	 0.0010	 0.3329
1949	07	21	372.5371	 61.1275	 0.0000	 0.3329
1949	07	22	366.2884	 60.0207	 0.0000	 0.3329
1949	07	23	360.3133	 58.9512	 0.0000	 0.3329
1949	07	24	354.7651	 57.9595	 0.0000	 0.3329
1949	07	25	349.7549	 57.0696	 0.0000	 0.3329
1949	07	26	345.2191	 56.2590	 0.0000	 0.3329
1949	07	27	341.0394	 55.5135	 0.0032	 0.2645
1949	07	28	336.4143	 54.6986	 0.0000	 0.2645
1949	07	29	330.4435	 53.6589	 0.0000	 0.2645
1949	07	30	325.7103	 52.8556	 0.0000	 0.1664
1949	07	31	321.0687	 52.0738	 0.0000	 0.1664
1949	08	01	316.4518	 51.2975	 0.0000	 0.1664
1949	08	02	312.5751	 50.6425	 0.0000	 0.1664
1949	08	03	308.3152	 49.9266	 0.0000	 0.1664
1949	08	04	304.8703	 49.3439	 0.0000	 0.1664
1949	08	05	302.1645	 48.8830	 0.0000	 0.1664
1949	08	06	298.7649	 48.3094	 0.0000	 0.1664
1949	08	07	296.5182	 47.9299	 0.0000	 0.1664
1949	08	08	294.4524	 47.5924	 0.0031	 0.2436
1949	08	09	292.1823	 47.1926	 0.0000	 0.1664
1949	08	10	289.1063	 46.6742	 0.0000	 0.1664
1949	08	11	285.7941	 46.1184	 0.0000	 0.1664
1949	08	12	283.5452	 45.7659	 0.0123	 0.2480
1949	08	13	282.0511	 45.4860	 0.0507	 0.2480
1949	08	14	280.8713	 45.2774	 0.0021	 0.1664
1949	08	15	278.9736	 44.9523	 0.0000	 0.1664
1949	08	16	275.9900	 44.4525	 0.0000	 0.1664
1949	08	17	273.7614	 44.0749	 0.0000	 0.1664
1949	08	18	270.7808	 43.5769	 0.0000	 0.1664
1949	08	19	267.7844	 43.0770	 0.0000	 0.1664
1949	08	20	264.7350	 42.5694	 0.0000	 0.1664
1949	08	21	262.1830	 42.1423	 0.0000	 0.1664
1949	08	22	259.8270	 41.7473	 0.0000	 0.1664
1949	08	23	258.7558	 41.5596	 0.0008	 0.1664
1949	08	24	256.4913	 41.2229	 0.0000	 0.1664
1949	08	25	254.8451	 40.9792	 0.0108	 0.2480
1949	08	26	253.2565	 40.6809	 0.0006	 0.1664
1949	08	27	251.2484	 40.3435	 0.0000	 0.1664
1949	08	28	248.1466	 39.8308	 0.0000	 0.1664
1949	08	29	244.3361	 39.2049	 0.0000	 0.1664
1949	08	30	240.3865	 38.5575	 0.0000	 0.1664
1949	08	31	236.7890	 37.9673	 0.0000	 0.1664
1949	09	01	232.9196	 37.3341	 0.0000	 0.1664
1949	09	02	228.9905	 36.6921	 0.0000	 0.1664
1949	09	03	225.5266	 36.1296	 0.0000	 0.1664
1949	09	04	221.6997	 35.5051	 0.0000	 0.1664
1949	09	05	218.8216	 35.0332	 0.0000	 0.1664
1949	09	06	216.4548	 34.6454	 0.0000	 0.1664
1949	09	07	213.0893	 34.0963	 0.0000	 0.1664
1949	09	08	209.6088	 33.5294	 0.0000	 0.1664
1949	09	09	207.2281	 33.1462	 0.0000	 0.1664
1949	09	10	205.5745	 32.8890	 0.1122	 0.2480
1949	09	11	205.5979	 32.9039	 0.0394	 0.2061
1949	09	12	205.0888	 32.8299	 0.0000	 0.1664
1949	09	13	204.1433	 32.6918	 0.0095	 0.2480
1949	09	14	203.9905	 33.0443	 0.0000	 0.1664
1949	09	15	207.5417	 34.6610	 1.1952	 0.5776
1949	09	16	211.8117	 36.5448	 0.5766	 0.4144
1949	09	17	212.7392	 36.6097	 0.4244	 0.4960
1949	09	18	214.8578	 37.3399	 0.2845	 0.2480
1949	09	19	216.0508	 37.7434	 0.2947	 0.5313
1949	09	20	215.7640	 37.5022	 0.0081	 0.2480
1949	09	21	214.5407	 37.0513	 0.0000	 0.2480
1949	09	22	211.7015	 36.1668	 0.0000	 0.2061
1949	09	23	209.4675	 35.7496	 0.0000	 0.1664
1949	09	24	208.0963	 35.4922	 0.0000	 0.1664
1949	09	25	206.3467	 35.1707	 0.0000	 0.1664
1949	09	26	204.2685	 34.7940	 0.0000	 0.1664
1949	09	27	201.9215	 34.3725	 0.0000	 0.1664
1949	09	28	199.7296	 33.9782	 0.0000	 0.1664
1949	09	29	198.1138	 33.6861	 0.0000	 0.1664
1949	09	30	197.0315	 33.4870	 0.0205	 0.2480
1949	10	01	196.7658	 33.4218	 0.0070	 0.2480
1949	10	02	196.7085	 33.3953	 0.0000	 0.1664
1949	10	03	197.7842	 33.8422	 0.1297	 0.2480
1949	10	04	200.4598	 34.9257	 0.3984	 0.4960
1949	10	05	204.0849	 36.9609	 1.2389	 0.7440
1949	10	06	205.7217	 37.8393	 1.3970	 0.7440
1949	10	07	205.9168	 37.9011	 1.4655	 0.6624
1949	10	08	212.3701	 41.9237	 1.6738	 0.8282
1949	10	09	220.6885	 45.4817	 1.9672	 0.7486
1949	10	10	229.0259	 48.3742	 1.6021	 0.7440
1949	10	11	233.3448	 49.6552	 1.6938	 0.7440
1949	10	12	234.7733	 49.9213	 1.8839	 0.7440
1949	10	13	234.3311	 49.4780	 1.7014	 0.7440
1949	10	14	238.7793	 51.7153	 1.7919	 0.7440
1949	10	15	241.1536	 52.4667	 1.9901	 0.7440
1949	10	16	241.1893	 52.1555	 1.9333	 0.7440
1949	10	17	240.7155	 51.6897	 1.9116	 0.7440
1949	10	18	240.3031	 51.2814	 1.8858	 0.7440
1949	10	19	239.9503	 50.9397	 1.8658	 0.7440
1949	10	20	239.1884	 50.4174	 1.8681	 0.6459
1949	10	21	238.6956	 50.0025	 1.8524	 0.6040
1949	10	22	238.4450	 49.7080	 1.8476	 0.5643
1949	10	23	238.3368	 49.4805	 1.8485	 0.5643
1949	10	24	237.8239	 49.0839	 1.6869	 0.5643
1949	10	25	237.5988	 48.8339	 1.6990	 0.5643
1949	10	26	239.6565	 49.4293	 1.3970	 0.5643
1949	10	27	256.2545	 55.2858	 2.4022	 0.7440
1949	10	28	272.8946	 61.2812	 2.6359	 0.7440
1949	10	29	273.5257	 61.2018	 2.8363	 0.7440
1949	10	30	273.5055	 60.8189	 2.8527	 0.7440
1949	10	31	273.1565	 60.3037	 2.7907	 0.7440
1949	11	01	272.9812	 59.9098	 2.4754	 0.7440
1949	11	02	272.1641	 59.1924	 2.3831	 0.7021
1949	11	03	271.6252	 58.6257	 2.2888	 0.6624
1949	11	04	271.5391	 58.2871	 2.1430	 0.5643
1949	11	05	271.4186	 57.9678	 1.8434	 0.5643
1949	11	06	271.3123	 57.6823	 1.8047	 0.5643
1949	11	07	271.6050	 57.5866	 1.8697	 0.5643
1949	11	08	276.8677	 59.7023	 2.1500	 0.7440
1949	11	09	279.8051	 60.9555	 2.3509	 0.7440
1949	11	10	299.2061	 70.1960	 3.0490	 1.0000
1949	11	11	360.5288	 95.8085	 3.5177	 1.0000
1949	11	12	397.1900	 109.2567	 3.5051	 1.0000
1949	11	13	420.1229	 115.1314	 3.4210	 1.0000
1949	11	14	434.1634	 116.9644	 3.4582	 1.0000
1949	11	15	435.0834	 114.8093	 3.5702	 1.0000
1949	11	16	435.4928	 112.8256	 3.5843	 1.0000
1949	11	17	436.8514	 111.4966	 3.6378	 1.0000
1949	11	18	439.5485	 110.8664	 3.6280	 1.0000
1949	11	19	440.4385	 109.7158	 3.6273	 1.0000
1949	11	20	440.4839	 108.6398	 3.6097	 1.0000
1949	11	21	443.3903	 109.1496	 3.6290	 1.0000
1949	11	22	470.5988	 120.3784	 3.5082	 1.0000
1949	11	23	507.7686	 132.0005	 3.4115	 1.0000
1949	11	24	538.1615	 139.1167	 3.3529	 1.0000
1949	11	25	583.2164	 151.7704	 3.4155	 1.0000
1949	11	26	642.7989	 167.6727	 3.1247	 1.0000
1949	11	27	677.0879	 174.4249	 3.4330	 1.0000
1949	11	28	696.9544	 177.7529	 3.5783	 1.0000
1949	11	29	714.2009	 181.0562	 3.4796	 1.0000
1949	11	30	741.6408	 188.2803	 3.5357	 1.0000
1949	12	01	780.9906	 201.2750	 3.3323	 1.0000
1949	12	02	798.1783	 206.1690	 3.2890	 1.0000
1949	12	03	807.2911	 208.6253	 3.3007	 1.0000
1949	12	04	810.6710	 207.0226	 3.2621	 1.0000
1949	12	05	815.1128	 206.6745	 3.1936	 1.0000
1949	12	06	816.3886	 205.0160	 3.1957	 1.0000
1949	12	07	817.9596	 203.8601	 3.1845	 1.0000
1949	12	08	820.4509	 203.8787	 3.1868	 1.0000
1949	12	09	821.5081	 202.7830	 3.1246	 1.0000
1949	12	10	822.6870	 202.2827	 3.1221	 1.0000
1949	12	11	823.5672	 201.8356	 3.1301	 1.0000
1949	12	12	823.7450	 200.4983	 3.1240	 1.0000
1949	12	13	827.7751	 202.0482	 3.1210	 1.0000
1949	12	14	838.3433	 207.2028	 3.0940	 1.0000
1949	12	15	844.7020	 209.1033	 3.0572	 1.0000
1949	12	16	849.4410	 210.1265	 3.0443	 1.0000
1949	12	17	856.6360	 213.3830	 2.9259	 1.0000
1949	12	18	858.6158	 213.5852	 2.8751	 1.0000
1949	12	19	858.9169	 212.7092	 2.8764	 1.0000
1949	12	20	863.5665	 217.1134	 2.8686	 1.0000
1949	12	21	874.1912	 224.6742	 2.8839	 1.0000
1949	12	22	892.5403	 231.2557	 3.0412	 1.0000
1949	12	23	913.9376	 239.0277	 2.9494	 1.0000
1949	12	24	930.3140	 247.9380	 2.8567	 1.0000
1949	12	25	956.6784	 262.8622	 2.8327	 1.0000
1949	12	26	1011.5823	 282.0420	 2.7509	 1.0000
1949	12	27	1073.7381	 297.9898	 2.6404	 1.0000
1949	12	28	1100.0408	 297.0602	 2.7096	 1.0000
1949	12	29	1112.9781	 294.6654	 2.8271	 1.0000
1949	12	30	1125.0801	 297.0442	 2.7803	 1.0000
1949	12	31	1130.9344	 297.5778	 2.6934	 1.0000
1950	01	01	1132.8491	 295.9929	 2.5415	 1.0000
1950	01	02	1132.8368	 293.5418	 2.5458	 1.0000
1950	01	03	1134.4240	 294.0107	 2.5427	 1.0000
1950	01	04	1137.6421	 296.6067	 2.5492	 1.0000
1950	01	05	1158.3916	 319.3168	 2.5447	 1.0000
1950	01	06	1176.2738	 331.6895	 2.5165	 1.0000
1950	01	07	1179.9228	 325.8486	 2.4642	 1.0000
1950	01	08	1184.3191	 322.0705	 2.4596	 1.0000
1950	01	09	1200.3674	 329.8127	 2.4291	 1.0000
1950	01	10	1211.1292	 330.2409	 2.3022	 1.0000
1950	01	11	1214.1076	 325.7526	 2.2612	 1.0000
1950	01	12	1216.9011	 324.5284	 2.1844	 1.0000
1950	01	13	1220.7468	 326.8091	 2.1741	 1.0000
1950	01	14	1222.7993	 327.3576	 2.1754	 1.0000
1950	01	15	1223.9503	 326.5673	 2.1770	 1.0000
1950	01	16	1224.6568	 324.6984	 2.1790	 1.0000
1950	01	17	1224.7517	 322.0425	 2.1721	 1.0000
1950	01	18	1244.4142	 344.9305	 2.1690	 1.0000
1950	01	19	1299.5757	 401.7236	 2.1745	 1.0000
1950	01	20	1353.3903	 418.2901	 2.1630	 1.0000
1950	01	21	1397.4679	 408.4454	 2.1441	 1.0000
1950	01	22	1418.2158	 393.3537	 2.1907	 1.0000
1950	01	23	1428.0110	 388.0205	 2.0583	 1.0000
1950	01	24	1430.4575	 385.3038	 1.9527	 1.0000
1950	01	25	1435.6683	 388.6792	 1.9635	 1.0000
1950	01	26	1441.2507	 391.5013	 1.9395	 1.0000
1950	01	27	1442.4235	 388.6334	 1.9430	 1.0000
1950	01	28	1442.5788	 384.8671	 1.7809	 1.0000
1950	01	29	1442.5629	 381.5773	 1.7838	 1.0000
1950	01	30	1442.4978	 378.4892	 1.7834	 1.0000
1950	01	31	1442.4840	 375.6015	 1.7863	 1.0000
1950	02	01	1442.4948	 372.8007	 1.7629	 1.0000
1950	02	02	1442.8104	 370.0420	 1.8068	 1.0000
1950	02	03	1450.4203	 376.0215	 1.8970	 1.0000
1950	02	04	1460.1354	 380.9989	 1.8732	 1.0000
1950	02	05	1477.8705	 389.8023	 1.8875	 1.0000
1950	02	06	1489.0900	 386.4361	 1.8820	 1.0000
1950	02	07	1508.9094	 384.6410	 1.8644	 1.0000
1950	02	08	1524.4823	 383.6709	 1.8506	 1.0000
1950	02	09	1534.1528	 381.9284	 1.8511	 1.0000
1950	02	10	1539.0808	 378.9824	 1.8564	 1.0000
1950	02	11	1543.5973	 374.9302	 1.8458	 1.0000
1950	02	12	1567.8604	 380.9142	 1.8644	 1.0000
1950	02	13	1577.7537	 378.6566	 1.8703	 1.0000
1950	02	14	1586.5411	 376.0952	 2.0292	 1.0000
1950	02	15	1601.3541	 376.4858	 2.1765	 1.0000
1950	02	16	1608.3844	 374.3211	 2.3154	 1.0000
1950	02	17	1609.2156	 370.1872	 2.3312	 1.0000
1950	02	18	1612.1569	 367.1494	 2.3372	 1.0000
1950	02	19	1614.2952	 364.4829	 2.3833	 1.0000
1950	02	20	1616.5733	 362.5866	 2.4174	 1.0000
1950	02	21	1628.1358	 365.1385	 2.4562	 1.0000
1950	02	22	1642.5808	 368.5572	 2.4447	 1.0000
1950	02	23	1693.4275	 386.0843	 2.4476	 1.0000
1950	02	24	1732.3332	 400.4053	 2.3686	 1.0000
1950	02	25	1772.5868	 413.1437	 2.3278	 1.0000
1950	02	26	1792.1609	 414.9121	 2.4111	 1.0000
1950	02	27	1794.3156	 410.8114	 2.3923	 1.0000
1950	02	28	1794.3437	 406.6937	 2.3280	 1.0000
1950	03	01	1795.8302	 403.6360	 2.4253	 1.0000
1950	03	02	1806.6030	 403.6687	 2.7031	 1.0000
1950	03	03	1862.6147	 418.0731	 3.0035	 1.0000
1950	03	04	1905.3699	 425.8611	 3.1059	 1.0000
1950	03	05	1918.7183	 424.9904	 3.1838	 1.0000
1950	03	06	1921.3010	 421.0897	 3.1159	 1.0000
1950	03	07	1923.5563	 418.3193	 3.1548	 1.0000
1950	03	08	1929.8816	 417.9134	 3.1303	 1.0000
1950	03	09	1937.0395	 418.5222	 3.1296	 1.0000
1950	03	10	1938.8077	 416.3850	 3.1371	 1.0000
1950	03	11	1938.7693	 413.8352	 3.0749	 1.0000
1950	03	12	1939.6612	 412.4091	 3.0651	 1.0000
1950	03	13	1940.1248	 410.4824	 3.0914	 1.0000
1950	03	14	1944.4734	 409.7274	 3.1572	 1.0000
1950	03	15	1956.7171	 411.4795	 3.1331	 1.0000
1950	03	16	1991.2229	 421.1887	 3.1222	 1.0000
1950	03	17	2011.2441	 425.9036	 3.0201	 1.0000
1950	03	18	2051.6554	 440.5087	 2.9562	 1.0000
1950	03	19	2077.3663	 450.8286	 2.9321	 1.0000
1950	03	20	2091.4561	 455.0361	 2.9418	 1.0000
1950	03	21	2098.6301	 453.4020	 3.0704	 1.0000
1950	03	22	2108.2412	 452.8277	 3.0266	 1.0000
1950	03	23	2115.2190	 452.5198	 3.0041	 1.0000
1950	03	24	2115.9580	 449.1856	 2.9920	 1.0000
1950	03	25	2116.1400	 445.8337	 2.9851	 1.0000
1950	03	26	2127.7301	 447.1080	 3.0078	 1.0000
1950	03	27	2139.5771	 449.1317	 2.9365	 1.0000
1950	03	28	2143.2862	 448.3494	 2.8591	 1.0000
1950	03	29	2153.1996	 450.9758	 2.8597	 1.0000
1950	03	30	2157.3980	 449.6190	 3.0673	 1.0000
1950	03	31	2178.0666	 454.7998	 2.9656	 1.0000
1950	04	01	2198.2252	 458.8981	 3.3586	 1.0000
1950	04	02	2207.0897	 459.0750	 3.4692	 1.0000
1950	04	03	2208.4699	 456.7027	 3.4412	 1.0000
1950	04	04	2208.2089	 453.7845	 3.3552	 1.0000
1950	04	05	2208.5201	 450.7390	 2.8601	 1.0000
1950	04	06	2208.8306	 447.9438	 2.6353	 1.0000
1950	04	07	2210.1282	 446.2788	 2.7471	 1.0000
1950	04	08	2212.8476	 444.7768	 2.8297	 1.0000
1950	04	09	2212.8262	 442.2027	 2.3636	 1.0000
1950	04	10	2212.8313	 439.8368	 2.2925	 1.0000
1950	04	11	2226.3734	 441.3010	 2.1290	 1.0000
1950	04	12	2235.1060	 441.2397	 2.0542	 1.0000
1950	04	13	2236.6180	 439.7362	 2.1683	 1.0000
1950	04	14	2252.3905	 442.2946	 2.2005	 1.0000
1950	04	15	2277.4253	 448.0075	 3.1617	 1.0000
1950	04	16	2297.8163	 453.6146	 3.5080	 1.0000
1950	04	17	2302.0285	 453.2705	 3.7144	 1.0000
1950	04	18	2302.5982	 451.2867	 2.9329	 1.0000
1950	04	19	2304.4547	 449.1387	 0.4546	 1.0000
1950	04	20	2306.2875	 447.3026	 0.1464	 1.0000
1950	04	21	2310.7675	 446.7982	 0.9619	 1.0000
1950	04	22	2320.0538	 448.6898	 1.6857	 1.0000
1950	04	23	2324.2689	 449.2717	 1.9625	 1.0000
1950	04	24	2325.9040	 448.3274	 1.9671	 1.0000
1950	04	25	2326.3477	 446.7144	 1.7052	 1.0000
1950	04	26	2329.8431	 446.6284	 1.8931	 1.0000
1950	04	27	2330.7443	 445.2633	 1.6464	 1.0000
1950	04	28	2329.5919	 443.2530	 0.6434	 1.0000
1950	04	29	2326.7877	 440.8913	 0.0000	 1.0000
1950	04	30	2327.4517	 439.5758	 0.3856	 1.0000
1950	05	01	2327.3307	 437.8600	 0.2339	 1.0000
1950	05	02	2325.7122	 435.9758	 0.2351	 1.0000
1950	05	03	2328.1015	 435.2762	 0.6988	 1.0000
1950	05	04	2330.4006	 434.6051	 0.6974	 1.0000
1950	05	05	2331.1182	 433.7061	 0.9310	 1.0000
1950	05	06	2330.2673	 432.2976	 0.4356	 1.0000
1950	05	07	2327.8813	 430.5917	 0.0000	 1.0000
1950	05	08	2322.7672	 428.2796	 0.0000	 1.0000
1950	05	09	2316.0427	 425.6801	 0.0000	 1.0000
1950	05	10	2307.2961	 422.7346	 0.0000	 1.0000
1950	05	11	2296.4186	 419.4717	 0.0000	 1.0000
1950	05	12	2278.8250	 415.0229	 0.0000	 1.0000
1950	05	13	2261.8087	 410.7578	 0.0000	 1.0000
1950	05	14	2242.3164	 406.1035	 0.0000	 1.0000
1950	05	15	2221.5268	 401.2743	 0.0000	 1.0000
1950	05	16	2216.8478	 399.6368	 0.1910	 1.0000
1950	05	17	2211.3689	 397.8425	 0.3152	 1.0000
1950	05	18	2212.5603	 397.5804	 0.7427	 1.0000
1950	05	19	2210.1229	 396.3736	 0.0967	 1.0000
1950	05	20	2202.0364	 394.0363	 0.0946	 1.0000
1950	05	21	2191.2121	 391.1841	 0.0913	 1.0000
1950	05	22	2181.7018	 388.6412	 0.0299	 1.0000
1950	05	23	2175.1331	 386.7545	 0.0000	 1.0000
1950	05	24	2160.8383	 383.4482	 0.0000	 1.0000
1950	05	25	2140.6242	 379.0706	 0.0000	 1.0000
1950	05	26	2122.7824	 375.1270	 0.0030	 1.0000
1950	05	27	2102.3651	 370.7403	 0.1115	 1.0000
1950	05	28	2097.6515	 369.3938	 0.1993	 1.0000
1950	05	29	2090.9027	 367.6291	 0.3492	 1.0000
1950	05	30	2085.4994	 366.0836	 0.0233	 1.0000
1950	05	31	2070.1523	 362.7534	 0.0000	 1.0000
1950	06	01	2047.5741	 358.1160	 0.0000	 1.0000
1950	06	02	2024.0809	 353.3539	 0.0000	 1.0000
1950	06	03	1996.5319	 347.8977	 0.0000	 1.0000
1950	06	04	1974.7883	 343.4969	 0.0227	 1.0000
1950	06	05	1958.1614	 340.0308	 0.1255	 1.0000
1950	06	06	1951.3446	 338.4160	 0.1792	 1.0000
1950	06	07	1939.8107	 335.9360	 0.2159	 1.0000
1950	06	08	1928.7943	 333.5374	 0.0912	 1.0000
1950	06	09	1914.2918	 330.5138	 0.0050	 1.0000
1950	06	10	1889.3708	 325.6778	 0.0000	 1.0000
1950	06	11	1859.0619	 319.9222	 0.0000	 1.0000
1950	06	12	1821.3041	 312.8781	 0.0000	 1.0000
1950	06	13	1789.9187	 306.9687	 0.0000	 1.0000
1950	06	14	1764.6224	 302.1534	 0.0000	 0.9932
1950	06	15	1737.7557	 297.0996	 0.0000	 0.9932
1950	06	16	1703.7072	 290.8113	 0.0000	 0.9568
1950	06	17	1671.0521	 284.8018	 0.0000	 0.9568
1950	06	18	1642.8828	 279.5907	 0.0000	 0.9204
1950	06	19	1615.3853	 274.5305	 0.0000	 0.9204
1950	06	20	1579.9671	 268.1236	 0.0000	 0.9158
1950	06	21	1548.0377	 262.3148	 0.0000	 0.9158
1950	06	22	1528.7167	 258.7450	 0.2465	 0.9158
1950	06	23	1518.3222	 256.8026	 0.0879	 0.9158
1950	06	24	1502.5450	 253.8180	 0.0131	 0.9158
1950	06	25	1488.0660	 251.0813	 0.0289	 0.9158
1950	06	26	1466.6983	 252.9732	 0.0000	 0.9158
1950	06	27	1437.0988	 246.6868	 0.0000	 0.9158
1950	06	28	1403.2915	 240.0163	 0.0000	 0.9158
1950	06	29	1368.3430	 233.3115	 0.0000	 0.9158
1950	06	30	1333.0725	 226.6594	 0.0000	 0.9158
1950	07	01	1297.5188	 220.0295	 0.0000	 0.9092
1950	07	02	1262.4787	 213.5606	 0.0000	 0.9092
1950	07	03	1226.8186	 207.0497	 0.0000	 0.8739
1950	07	04	1190.8952	 200.5393	 0.0000	 0.8739
1950	07	05	1158.1321	 194.5949	 0.0000	 0.7681
1950	07	06	1128.0440	 189.1453	 0.0000	 0.7637
1950	07	07	1105.1914	 184.9874	 0.0000	 0.7637
1950	07	08	1086.7543	 181.6466	 0.0000	 0.6624
1950	07	09	1069.4711	 178.5003	 0.0000	 0.6624
1950	07	10	1054.3627	 175.7337	 0.0000	 0.6624
1950	07	11	1039.0378	 172.9457	 0.0000	 0.6624
1950	07	12	1018.7964	 169.3311	 0.0000	 0.6624
1950	07	13	991.2097	 164.5017	 0.0000	 0.6558
1950	07	14	964.7570	 159.8172	 0.0000	 0.6558
1950	07	15	944.3485	 156.1794	 0.0000	 0.6206
1950	07	16	925.4186	 152.8257	 0.0000	 0.5853
1950	07	17	909.3833	 149.9955	 0.0000	 0.5853
1950	07	18	890.2206	 146.6622	 0.0000	 0.5809
1950	07	19	873.2798	 143.6689	 0.0000	 0.5809
1950	07	20	857.7102	 140.9547	 0.0000	 0.5809
1950	07	21	839.1316	 137.7202	 0.0000	 0.5809
1950	07	22	818.2670	 134.1066	 0.0000	 0.5809
1950	07	23	798.2251	 130.6306	 0.0000	 0.5809
1950	07	24	776.8080	 126.9336	 0.0000	 0.5809
1950	07	25	756.5011	 123.4218	 0.0000	 0.5809
1950	07	26	737.8242	 120.1829	 0.0000	 0.5809
1950	07	27	721.4394	 117.3447	 0.0000	 0.5809
1950	07	28	709.7110	 115.3059	 0.0000	 0.5809
1950	07	29	698.8536	 113.3955	 0.0000	 0.5809
1950	07	30	687.1336	 111.3546	 0.0000	 0.5809
1950	07	31	670.6081	 108.5154	 0.0000	 0.5809
1950	08	01	649.7561	 104.9568	 0.0000	 0.5809
1950	08	02	631.4581	 101.8155	 0.0000	 0.5809
1950	08	03	615.0438	 98.9832	 0.0000	 0.5809
1950	08	04	606.4107	 97.5313	 0.0016	 0.5125
1950	08	05	597.8510	 96.0690	 0.0000	 0.5125
1950	08	06	587.8371	 94.3369	 0.0000	 0.5125
1950	08	07	580.2457	 93.1185	 0.0012	 0.4144
1950	08	08	573.4849	 91.8733	 0.0000	 0.4144
1950	08	09	564.4081	 90.2841	 0.0000	 0.4078
1950	08	10	553.9929	 88.4986	 0.0000	 0.4078
1950	08	11	543.1011	 86.6276	 0.0000	 0.4078
1950	08	12	531.5402	 84.6440	 0.0000	 0.4078
1950	08	13	523.3375	 83.2533	 0.0000	 0.3726
1950	08	14	513.7480	 81.6453	 0.0000	 0.3726
1950	08	15	505.1295	 80.1942	 0.0000	 0.3726
1950	08	16	498.0745	 79.0124	 0.0000	 0.3726
1950	08	17	489.3679	 77.5480	 0.0000	 0.3726
1950	08	18	479.1551	 75.8405	 0.0000	 0.3373
1950	08	19	469.9086	 74.3062	 0.0000	 0.3373
1950	08	20	459.4375	 72.5760	 0.0000	 0.3373
1950	08	21	449.4102	 70.9194	 0.0000	 0.3329
1950	08	22	439.9503	 69.3575	 0.0000	 0.3329
1950	08	23	432.1771	 68.0680	 0.0000	 0.3329
1950	08	24	425.8091	 67.0076	 0.0000	 0.3329
1950	08	25	419.6108	 65.9758	 0.0000	 0.3329
1950	08	26	411.6207	 64.6548	 0.0000	 0.3329
1950	08	27	403.3170	 63.2837	 0.0000	 0.3329
1950	08	28	394.5788	 61.8443	 0.0000	 0.3329
1950	08	29	388.2109	 60.7955	 0.0000	 0.2645
1950	08	30	383.0488	 59.9420	 0.0000	 0.2645
1950	08	31	377.3080	 58.9976	 0.0000	 0.2645
1950	09	01	370.0289	 57.8099	 0.0000	 0.1664
1950	09	02	365.6416	 57.1029	 0.0000	 0.1664
1950	09	03	361.3787	 56.4162	 0.0000	 0.1664
1950	09	04	357.6030	 55.8064	 0.0000	 0.1664
1950	09	05	354.3447	 55.2780	 0.0000	 0.1664
1950	09	06	351.5932	 54.8293	 0.0000	 0.1664
1950	09	07	349.4564	 54.4773	 0.0000	 0.1664
1950	09	08	346.7328	 54.0340	 0.0000	 0.1664
1950	09	09	343.8172	 53.5613	 0.0000	 0.1664
1950	09	10	341.0462	 53.1117	 0.0000	 0.1664
1950	09	11	338.5806	 52.7102	 0.0000	 0.1664
1950	09	12	335.1543	 52.1596	 0.0000	 0.1664
1950	09	13	332.3592	 51.7078	 0.0000	 0.1664
1950	09	14	330.2998	 51.3709	 0.0000	 0.1664
1950	09	15	327.0344	 50.8469	 0.0000	 0.1664
1950	09	16	325.1990	 50.5457	 0.0000	 0.1664
1950	09	17	323.0878	 50.2023	 0.0000	 0.1664
1950	09	18	320.2416	 49.7448	 0.0000	 0.1664
1950	09	19	317.8835	 49.3636	 0.0000	 0.1664
1950	09	20	315.5514	 48.9867	 0.0000	 0.1664
1950	09	21	312.8706	 48.5562	 0.0000	 0.1664
1950	09	22	309.1143	 47.9592	 0.0000	 0.1664
1950	09	23	307.2111	 47.6603	 0.0000	 0.1664
1950	09	24	305.3008	 47.3671	 0.0000	 0.1664
1950	09	25	305.6712	 47.5769	 0.3285	 0.2480
1950	09	26	307.5417	 48.2919	 0.4902	 0.3296
1950	09	27	309.7746	 49.2706	 0.6453	 0.5776
1950	09	28	310.7956	 49.7952	 0.6675	 0.6459
1950	09	29	310.3999	 49.4950	 0.5070	 0.2480
1950	09	30	310.5345	 49.5302	 0.4920	 0.2480
1950	10	01	310.8269	 49.7261	 0.5958	 0.5004
1950	10	02	311.0158	 49.8416	 0.5964	 0.2877
1950	10	03	313.6146	 51.5144	 1.1848	 0.5687
1950	10	04	319.8135	 54.2379	 1.0629	 0.7440
1950	10	05	327.4154	 57.1694	 1.3460	 0.7440
1950	10	06	333.6829	 59.5070	 1.1690	 0.7440
1950	10	07	337.3675	 60.4119	 1.1576	 0.5004
1950	10	08	340.3787	 61.1729	 0.8616	 0.4960
1950	10	09	366.4021	 71.6787	 2.6172	 0.7440
1950	10	10	379.2097	 76.0973	 2.3315	 0.7440
1950	10	11	383.7010	 77.1062	 1.8377	 0.7440
1950	10	12	384.2562	 76.4401	 0.7916	 0.7440
1950	10	13	384.3632	 75.7527	 0.3376	 0.7440
1950	10	14	383.1426	 74.7435	 0.1969	 0.7440
1950	10	15	382.0845	 74.0363	 0.0855	 0.7440
1950	10	16	381.7159	 73.6454	 0.1396	 0.5776
1950	10	17	386.9849	 75.6537	 1.0292	 0.7440
1950	10	18	395.8224	 78.5795	 1.3971	 0.7440
1950	10	19	403.9419	 81.3838	 2.0973	 0.7440
1950	10	20	407.6807	 82.6438	 2.3123	 0.7440
1950	10	21	407.7218	 82.2783	 2.2550	 0.7440
1950	10	22	408.3506	 82.2961	 2.4055	 0.7440
1950	10	23	409.1991	 82.3955	 2.6161	 0.7440
1950	10	24	428.7336	 92.3806	 3.3226	 1.0000
1950	10	25	443.8522	 98.3366	 4.2075	 1.0000
1950	10	26	461.9415	 105.4207	 4.0963	 1.0000
1950	10	27	489.8313	 114.7972	 4.2220	 1.0000
1950	10	28	505.8215	 119.1411	 4.3612	 1.0000
1950	10	29	510.0045	 119.2874	 4.3851	 1.0000
1950	10	30	514.1879	 119.7336	 4.3882	 1.0000
1950	10	31	529.8330	 125.5351	 4.3241	 1.0000
1950	11	01	542.7697	 129.7201	 3.5639	 1.0000
1950	11	02	549.4704	 130.8051	 3.5534	 1.0000
1950	11	03	555.0179	 131.1116	 3.5751	 1.0000
1950	11	04	567.5870	 133.7487	 3.3117	 1.0000
1950	11	05	573.2647	 134.1959	 3.3676	 1.0000
1950	11	06	575.7680	 133.8084	 3.5382	 1.0000
1950	11	07	576.9151	 133.1444	 3.5737	 1.0000
1950	11	08	576.9064	 132.2370	 3.5565	 1.0000
1950	11	09	576.8036	 131.4376	 3.5262	 1.0000
1950	11	10	576.7353	 130.6646	 3.5262	 1.0000
1950	11	11	577.8745	 130.6031	 3.5464	 1.0000
1950	11	12	578.2700	 130.3173	 3.4849	 1.0000
1950	11	13	581.4854	 132.2989	 3.5577	 1.0000
1950	11	14	589.0971	 137.8278	 3.5383	 1.0000
1950	11	15	614.1564	 154.8224	 3.4377	 1.0000
1950	11	16	628.8211	 159.9477	 3.4258	 1.0000
1950	11	17	640.0633	 163.8992	 3.3830	 1.0000
1950	11	18	643.5624	 164.2083	 3.3689	 1.0000
1950	11	19	667.1478	 180.3901	 3.3607	 1.0000
1950	11	20	710.9215	 200.4362	 3.3423	 1.0000
1950	11	21	744.3521	 205.5717	 3.4600	 1.0000
1950	11	22	758.1425	 202.5657	 3.5725	 1.0000
1950	11	23	807.7185	 214.8413	 3.5760	 1.0000
1950	11	24	848.9398	 223.4143	 3.5571	 1.0000
1950	11	25	892.1669	 231.5620	 3.5441	 1.0000
1950	11	26	920.5331	 234.4525	 3.4669	 1.0000
1950	11	27	927.5626	 231.5378	 3.6243	 1.0000
1950	11	28	931.4250	 229.9079	 3.6311	 1.0000
1950	11	29	938.0071	 231.0441	 3.6330	 1.0000
1950	11	30	945.6677	 233.0388	 3.5925	 1.0000
1950	12	01	947.0780	 231.4738	 3.3598	 1.0000
1950	12	02	949.2225	 230.6789	 3.3406	 1.0000
1950	12	03	950.5865	 229.2268	 3.3222	 1.0000
1950	12	04	950.9222	 227.2113	 3.3267	 1.0000
1950	12	05	975.6070	 242.9651	 3.2772	 1.0000
1950	12	06	995.7756	 253.8656	 3.2538	 1.0000
1950	12	07	1002.8737	 253.2196	 3.2346	 1.0000
1950	12	08	1007.6770	 251.2037	 3.2156	 1.0000
1950	12	09	1037.7314	 260.2701	 3.3942	 1.0000
1950	12	10	1052.4651	 260.5484	 3.3889	 1.0000
1950	12	11	1054.5387	 256.4154	 3.4073	 1.0000
1950	12	12	1056.6245	 253.4874	 3.4407	 1.0000
1950	12	13	1058.3548	 251.8645	 3.4450	 1.0000
1950	12	14	1069.6926	 256.7714	 3.4215	 1.0000
1950	12	15	1080.7116	 259.3292	 3.4335	 1.0000
1950	12	16	1099.1435	 264.7023	 3.4372	 1.0000
1950	12	17	1107.3826	 264.6181	 3.4307	 1.0000
1950	12	18	1114.8470	 264.1970	 3.4325	 1.0000
1950	12	19	1132.4972	 267.6424	 3.4355	 1.0000
1950	12	20	1153.9281	 271.0006	 3.4434	 1.0000
1950	12	21	1168.8209	 272.2575	 3.3560	 1.0000
1950	12	22	1187.0907	 274.2672	 3.3555	 1.0000
1950	12	23	1210.1385	 277.7839	 3.3311	 1.0000
1950	12	24	1239.4401	 283.5661	 3.3766	 1.0000
1950	12	25	1252.9178	 285.4369	 3.3969	 1.0000
1950	12	26	1260.6738	 285.6827	 3.4382	 1.0000
1950	12	27	1273.1026	 289.1351	 3.4279	 1.0000
1950	12	28	1277.7234	 288.8577	 3.4357	 1.0000
1950	12	29	1284.5936	 289.5707	 3.4360	 1.0000
1950	12	30	1287.7698	 288.3843	 3.3992	 1.0000
1950	12	31	1298.6544	 290.8569	 3.3778	 1.0000
1951	01	01	1320.1482	 298.0938	 3.1268	 1.0000
1951	01	02	1365.6128	 318.1001	 3.1247	 1.0000
1951	01	03	1384.9169	 324.2738	 2.9725	 1.0000
1951	01	04	1389.1588	 322.7734	 2.9561	 1.0000
1951	01	05	1390.4804	 320.6124	 2.9583	 1.0000
1951	01	06	1390.5331	 318.0509	 2.9745	 1.0000
1951	01	07	1393.0795	 317.8290	 2.9437	 1.0000
1951	01	08	1394.4581	 316.7609	 2.9480	 1.0000
1951	01	09	1396.7409	 316.2876	 2.9498	 1.0000
1951	01	10	1399.1317	 315.3937	 2.9327	 1.0000
1951	01	11	1399.3366	 313.0710	 2.9240	 1.0000
1951	01	12	1425.8134	 325.5663	 2.9260	 1.0000
1951	01	13	1467.1463	 344.5793	 2.8536	 1.0000
1951	01	14	1512.9406	 362.6127	 2.9132	 1.0000
1951	01	15	1552.9886	 376.7350	 2.7934	 1.0000
1951	01	16	1599.4011	 394.3126	 2.7756	 1.0000
1951	01	17	1618.5294	 398.7877	 2.6826	 1.0000
1951	01	18	1623.2292	 395.6217	 2.6733	 1.0000
1951	01	19	1638.0265	 400.2921	 2.6562	 1.0000
1951	01	20	1671.0334	 414.5015	 2.6322	 1.0000
1951	01	21	1693.6832	 418.0045	 2.5344	 1.0000
1951	01	22	1700.9739	 413.1776	 2.5125	 1.0000
1951	01	23	1717.6810	 414.1126	 2.5008	 1.0000
1951	01	24	1752.1577	 421.8403	 2.6231	 1.0000
1951	01	25	1789.1064	 428.9613	 2.8469	 1.0000
1951	01	26	1799.4770	 428.7296	 2.7073	 1.0000
1951	01	27	1799.4114	 425.2278	 2.6769	 1.0000
1951	01	28	1799.1102	 422.8706	 2.6367	 1.0000
1951	01	29	1799.1124	 420.8607	 2.6423	 1.0000
1951	01	30	1799.1295	 418.8710	 2.6516	 1.0000
1951	01	31	1801.9667	 420.0089	 2.6378	 1.0000
1951	02	01	1838.8823	 459.9519	 2.5751	 1.0000
1951	02	02	1886.4738	 491.5315	 2.5092	 1.0000
1951	02	03	1907.9201	 489.0047	 2.4547	 1.0000
1951	02	04	1912.0012	 477.7738	 2.5109	 1.0000
1951	02	05	1913.7345	 467.9926	 2.4973	 1.0000
1951	02	06	1929.8135	 468.4250	 2.6443	 1.0000
1951	02	07	1971.7547	 478.7467	 2.6202	 1.0000
1951	02	08	2062.7467	 499.9101	 2.6643	 1.0000
1951	02	09	2205.5762	 530.9438	 2.5647	 1.0000
1951	02	10	2302.0694	 537.5581	 2.9271	 1.0000
1951	02	11	2321.0404	 533.9295	 2.7922	 1.0000
1951	02	12	2322.0271	 527.6842	 2.7964	 1.0000
1951	02	13	2321.8893	 522.1057	 2.7909	 1.0000
1951	02	14	2327.1112	 519.8738	 2.7599	 1.0000
1951	02	15	2330.0798	 516.0134	 2.7826	 1.0000
1951	02	16	2330.1223	 511.2249	 2.7897	 1.0000
1951	02	17	2332.1880	 507.3210	 2.8356	 1.0000
1951	02	18	2335.3543	 504.0272	 2.8315	 1.0000
1951	02	19	2356.5759	 509.1821	 2.8517	 1.0000
1951	02	20	2370.2162	 512.3008	 2.8247	 1.0000
1951	02	21	2370.2123	 507.9349	 2.8174	 1.0000
1951	02	22	2369.7564	 503.7026	 2.7068	 1.0000
1951	02	23	2369.6428	 500.1878	 2.6983	 1.0000
1951	02	24	2372.6237	 498.8745	 2.7495	 1.0000
1951	02	25	2374.0145	 497.0067	 2.6965	 1.0000
1951	02	26	2374.0433	 494.6484	 2.6730	 1.0000
1951	02	27	2374.0169	 492.4538	 2.6614	 1.0000
1951	02	28	2374.0101	 490.3847	 2.6640	 1.0000
1951	03	01	2374.0017	 488.3539	 2.6685	 1.0000
1951	03	02	2376.0883	 487.9690	 2.6534	 1.0000
1951	03	03	2404.4911	 505.8380	 2.5960	 1.0000
1951	03	04	2422.0723	 516.5623	 2.4346	 1.0000
1951	03	05	2427.7654	 519.1350	 2.2647	 1.0000
1951	03	06	2430.8836	 519.9389	 2.2160	 1.0000
1951	03	07	2435.7805	 522.7267	 2.2003	 1.0000
1951	03	08	2443.4438	 526.9662	 2.1712	 1.0000
1951	03	09	2452.2757	 532.2451	 2.0935	 1.0000
1951	03	10	2456.5067	 533.5629	 2.0603	 1.0000
1951	03	11	2471.1011	 543.7464	 2.0436	 1.0000
1951	03	12	2494.7213	 554.9292	 2.0245	 1.0000
1951	03	13	2504.7277	 554.3391	 2.0196	 1.0000
1951	03	14	2524.8390	 553.4669	 2.2978	 1.0000
1951	03	15	2552.3624	 556.2517	 2.5503	 1.0000
1951	03	16	2575.9467	 563.1979	 2.4209	 1.0000
1951	03	17	2576.0912	 558.0517	 2.4066	 1.0000
1951	03	18	2576.1335	 553.0402	 2.3307	 1.0000
1951	03	19	2576.0709	 547.4034	 2.3260	 1.0000
1951	03	20	2576.3541	 541.7675	 2.3766	 1.0000
1951	03	21	2581.2504	 537.6823	 2.5838	 1.0000
1951	03	22	2583.2699	 533.8545	 2.5700	 1.0000
1951	03	23	2583.3360	 529.8025	 2.5154	 1.0000
1951	03	24	2583.2880	 525.9153	 2.5186	 1.0000
1951	03	25	2583.8239	 522.3474	 2.4880	 1.0000
1951	03	26	2585.6968	 519.4047	 2.6799	 1.0000
1951	03	27	2586.8614	 516.8110	 2.6729	 1.0000
1951	03	28	2590.6302	 515.4841	 2.8309	 1.0000
1951	03	29	2593.0467	 513.7758	 2.8339	 1.0000
1951	03	30	2593.0380	 511.5343	 2.7016	 1.0000
1951	03	31	2592.8842	 509.0391	 2.5983	 1.0000
1951	04	01	2593.2893	 506.5051	 2.0415	 1.0000
1951	04	02	2594.0932	 503.8662	 0.9041	 1.0000
1951	04	03	2592.8307	 500.8108	 0.1991	 1.0000
1951	04	04	2591.1859	 497.8297	 0.0000	 1.0000
1951	04	05	2589.2957	 494.9432	 0.0000	 1.0000
1951	04	06	2586.2213	 491.9922	 0.0000	 1.0000
1951	04	07	2581.0533	 488.7935	 0.0000	 1.0000
1951	04	08	2576.1863	 485.7586	 0.0000	 1.0000
1951	04	09	2570.3033	 482.7186	 0.0000	 1.0000
1951	04	10	2563.0267	 479.5239	 0.0000	 1.0000
1951	04	11	2554.0910	 476.0134	 0.0000	 1.0000
1951	04	12	2541.1683	 471.7418	 0.0000	 1.0000
1951	04	13	2526.5431	 467.2905	 0.0000	 1.0000
1951	04	14	2509.5810	 462.5258	 0.0000	 1.0000
1951	04	15	2491.0696	 457.5391	 0.0000	 1.0000
1951	04	16	2470.1962	 452.1487	 0.0000	 1.0000
1951	04	17	2447.2999	 446.4747	 0.0000	 1.0000
1951	04	18	2426.6324	 441.3624	 0.0000	 1.0000
1951	04	19	2419.4932	 439.0715	 0.0000	 1.0000
1951	04	20	2410.9673	 436.5695	 0.0000	 1.0000
1951	04	21	2395.9121	 432.8043	 0.0000	 1.0000
1951	04	22	2376.6547	 428.2153	 0.0000	 1.0000
1951	04	23	2358.4638	 423.8945	 0.0000	 1.0000
1951	04	24	2335.5910	 418.7245	 0.0000	 1.0000
1951	04	25	2307.3006	 412.5534	 0.0000	 1.0000
1951	04	26	2299.4277	 410.1865	 0.0055	 1.0000
1951	04	27	2299.9741	 409.9927	 0.5339	 1.0000
1951	04	28	2302.5031	 410.1174	 0.8361	 1.0000
1951	04	29	2299.3617	 408.8271	 0.5174	 1.0000
1951	04	30	2297.2872	 407.7309	 0.3791	 1.0000
1951	05	01	2294.4331	 406.4732	 0.3436	 1.0000
1951	05	02	2289.8060	 404.8756	 0.0000	 1.0000
1951	05	03	2274.2926	 401.2940	 0.0000	 1.0000
1951	05	04	2258.6431	 397.6653	 0.0280	 1.0000
1951	05	05	2244.8297	 394.4108	 0.0379	 1.0000
1951	05	06	2227.9922	 390.6328	 0.0451	 1.0000
1951	05	07	2211.2781	 386.9210	 0.1421	 1.0000
1951	05	08	2198.7133	 383.9596	 0.1349	 1.0000
1951	05	09	2183.9175	 380.6264	 0.0014	 1.0000
1951	05	10	2162.8088	 376.3571	 0.1292	 1.0000
1951	05	11	2142.9278	 372.4701	 0.3871	 1.0000
1951	05	12	2141.4232	 372.0582	 0.6614	 1.0000
1951	05	13	2122.8477	 368.0797	 0.0000	 1.0000
1951	05	14	2104.5561	 364.2071	 0.0101	 1.0000
1951	05	15	2086.1914	 360.3866	 0.0025	 1.0000
1951	05	16	2063.1073	 355.7441	 0.0000	 1.0000
1951	05	17	2037.7917	 350.7134	 0.0364	 1.0000
1951	05	18	2023.8619	 347.7266	 0.0032	 1.0000
1951	05	19	2005.8284	 344.0689	 0.0000	 0.9932
1951	05	20	1983.0382	 339.5733	 0.0000	 0.9932
1951	05	21	1954.6429	 334.1285	 0.0000	 0.9568
1951	05	22	1925.2390	 328.5258	 0.0000	 0.9568
1951	05	23	1895.3900	 322.8656	 0.0950	 0.9204
1951	05	24	1891.6990	 322.0940	 0.4452	 0.9204
1951	05	25	1888.4780	 321.3595	 0.3414	 0.9158
1951	05	26	1873.9743	 318.4937	 0.0000	 0.9158
1951	05	27	1862.1214	 316.0964	 0.1057	 0.9158
1951	05	28	1859.9116	 315.5204	 0.4231	 0.9158
1951	05	29	1858.6009	 315.0807	 0.2202	 0.9158
1951	05	30	1854.6415	 314.0864	 0.0646	 0.9158
1951	05	31	1842.9828	 311.7323	 0.0000	 0.9158
1951	06	01	1824.2621	 308.1299	 0.0000	 0.9158
1951	06	02	1796.6665	 303.0194	 0.0000	 0.9158
1951	06	03	1776.5282	 299.2062	 0.0146	 0.9158
1951	06	04	1757.2412	 295.5686	 0.0495	 0.9158
1951	06	05	1745.3018	 293.2218	 0.0673	 0.9158
1951	06	06	1731.9445	 290.6793	 0.1178	 0.9158
1951	06	07	1720.5009	 288.4033	 0.0702	 0.9158
1951	06	08	1707.9750	 285.9537	 0.0233	 0.9158
1951	06	09	1681.6881	 281.1747	 0.0000	 0.9158
1951	06	10	1655.6868	 276.4296	 0.0000	 0.9158
1951	06	11	1629.1135	 271.5876	 0.0000	 0.9158
1951	06	12	1603.9968	 267.0029	 0.0000	 0.9158
1951	06	13	1578.6722	 262.3932	 0.0000	 0.9158
1951	06	14	1549.4837	 257.1372	 0.0000	 0.9158
1951	06	15	1516.0064	 251.1427	 0.0000	 0.9158
1951	06	16	1487.1546	 245.9553	 0.0000	 0.9158
1951	06	17	1457.2710	 240.6007	 0.0000	 0.9092
1951	06	18	1427.0487	 235.1967	 0.0000	 0.9092
1951	06	19	1399.9095	 230.3411	 0.0000	 0.8739
1951	06	20	1372.2830	 225.4208	 0.0000	 0.8739
1951	06	21	1340.0036	 219.7497	 0.0000	 0.8386
1951	06	22	1308.2758	 214.1820	 0.0000	 0.8386
1951	06	23	1275.6879	 208.4582	 0.0000	 0.8342
1951	06	24	1258.1482	 205.3164	 0.0000	 0.8342
1951	06	25	1230.8830	 200.5766	 0.0000	 0.6624
1951	06	26	1211.9229	 197.2391	 0.0000	 0.6624
1951	06	27	1192.5080	 193.8315	 0.0000	 0.6624
1951	06	28	1169.6373	 189.8490	 0.0000	 0.6624
1951	06	29	1145.3058	 185.6272	 0.0000	 0.6624
1951	06	30	1118.5771	 181.0283	 0.0000	 0.6558
1951	07	01	1098.7562	 177.5847	 0.0000	 0.6558
1951	07	02	1081.6914	 174.6133	 0.0000	 0.6206
1951	07	03	1063.7858	 171.5139	 0.0000	 0.6206
1951	07	04	1051.7817	 169.4124	 0.0739	 0.5853
1951	07	05	1047.1178	 168.6593	 0.0808	 0.5853
1951	07	06	1038.8773	 167.2491	 0.0454	 0.5853
1951	07	07	1030.2577	 165.7127	 0.0000	 0.5853
1951	07	08	1018.5739	 163.6669	 0.0000	 0.5853
1951	07	09	1005.5635	 161.4022	 0.0000	 0.5809
1951	07	10	992.4204	 159.1134	 0.0000	 0.5809
1951	07	11	975.5439	 156.2186	 0.0000	 0.5809
1951	07	12	955.4802	 152.7958	 0.0000	 0.5809
1951	07	13	933.1686	 149.0159	 0.0000	 0.5809
1951	07	14	912.4146	 145.4915	 0.0000	 0.5809
1951	07	15	893.2839	 142.2407	 0.0000	 0.5809
1951	07	16	873.8754	 138.9492	 0.0000	 0.5809
1951	07	17	852.3307	 135.3061	 0.0000	 0.5809
1951	07	18	831.3468	 131.7500	 0.0000	 0.5809
1951	07	19	814.5003	 128.8848	 0.0000	 0.5809
1951	07	20	799.1221	 126.2611	 0.0000	 0.5809
1951	07	21	781.8186	 123.3269	 0.0000	 0.5743
1951	07	22	760.8703	 119.8039	 0.0000	 0.5743
1951	07	23	739.6214	 116.2361	 0.0000	 0.5390
1951	07	24	721.4797	 113.1898	 0.0000	 0.5390
1951	07	25	707.4888	 110.8417	 0.0000	 0.3373
1951	07	26	698.1898	 109.2938	 0.0000	 0.3329
1951	07	27	689.2413	 107.8049	 0.0000	 0.3329
1951	07	28	679.9779	 106.2677	 0.0000	 0.3329
1951	07	29	670.9218	 104.7656	 0.0000	 0.3329
1951	07	30	661.6810	 103.2360	 0.0000	 0.3329
1951	07	31	652.3003	 101.6858	 0.0000	 0.3329
1951	08	01	642.5890	 100.0847	 0.0000	 0.3329
1951	08	02	632.6988	 98.4569	 0.0000	 0.3329
1951	08	03	622.8954	 96.8443	 0.0000	 0.3329
1951	08	04	613.7962	 95.3461	 0.0000	 0.3329
1951	08	05	604.7375	 93.8559	 0.0000	 0.3329
1951	08	06	596.6991	 92.5291	 0.0000	 0.3329
1951	08	07	588.2511	 91.1382	 0.0000	 0.3329
1951	08	08	579.2055	 89.6540	 0.0000	 0.3329
1951	08	09	571.0162	 88.3063	 0.0000	 0.3329
1951	08	10	562.8460	 86.9622	 0.0000	 0.3329
1951	08	11	555.1906	 85.7011	 0.0000	 0.3329
1951	08	12	549.1625	 84.7009	 0.0000	 0.3329
1951	08	13	542.5634	 83.6109	 0.0000	 0.3329
1951	08	14	532.4679	 81.9656	 0.0000	 0.3329
1951	08	15	523.4158	 80.4868	 0.0000	 0.3329
1951	08	16	514.6096	 79.0476	 0.0000	 0.3329
1951	08	17	505.9662	 77.6356	 0.0000	 0.3329
1951	08	18	497.3521	 76.2290	 0.0000	 0.3329
1951	08	19	489.9039	 75.0168	 0.0000	 0.2645
1951	08	20	485.2786	 74.2768	 0.0000	 0.1664
1951	08	21	480.0270	 73.4455	 0.0000	 0.1664
1951	08	22	476.0359	 72.8079	 0.0000	 0.1664
1951	08	23	474.0941	 72.4754	 0.0038	 0.1664
1951	08	24	472.9844	 72.2920	 0.0000	 0.1664
1951	08	25	470.4942	 71.8856	 0.0000	 0.1664
1951	08	26	467.8599	 71.4577	 0.0000	 0.1664
1951	08	27	466.6552	 71.2930	 0.0000	 0.1664
1951	08	28	465.6998	 71.1842	 0.0497	 0.2480
1951	08	29	465.5735	 71.1697	 0.0074	 0.2480
1951	08	30	464.4700	 70.9609	 0.0000	 0.1664
1951	08	31	462.8437	 70.6929	 0.0075	 0.2480
1951	09	01	460.1754	 70.2612	 0.0000	 0.1664
1951	09	02	457.6429	 69.8504	 0.0000	 0.1664
1951	09	03	455.4058	 69.4854	 0.0000	 0.1664
1951	09	04	452.8997	 69.0797	 0.0000	 0.1664
1951	09	05	450.1094	 68.6311	 0.0000	 0.1664
1951	09	06	447.3370	 68.1933	 0.0000	 0.1664
1951	09	07	443.8553	 67.6404	 0.0000	 0.1664
1951	09	08	441.9896	 67.3228	 0.0000	 0.1664
1951	09	09	439.4965	 66.9216	 0.0000	 0.1664
1951	09	10	438.1166	 66.6965	 0.0000	 0.1664
1951	09	11	437.8732	 66.6420	 0.0113	 0.1664
1951	09	12	436.3451	 66.3921	 0.0000	 0.1664
1951	09	13	434.7770	 66.1332	 0.0000	 0.1664
1951	09	14	432.0127	 65.6924	 0.0000	 0.1664
1951	09	15	429.3305	 65.2646	 0.0000	 0.1664
1951	09	16	426.2396	 64.7752	 0.0000	 0.1664
1951	09	17	422.7663	 64.2281	 0.0000	 0.1664
1951	09	18	419.6370	 63.7339	 0.0000	 0.1664
1951	09	19	417.8214	 63.4399	 0.0000	 0.1664
1951	09	20	416.2173	 63.1784	 0.0000	 0.1664
1951	09	21	413.4561	 62.7412	 0.0000	 0.1664
1951	09	22	410.7593	 62.3143	 0.0000	 0.1664
1951	09	23	407.4761	 61.7988	 0.0000	 0.1664
1951	09	24	407.3806	 61.8986	 0.0000	 0.1664
1951	09	25	408.0730	 62.0943	 0.2666	 0.3296
1951	09	26	408.1131	 62.0591	 0.0368	 0.2480
1951	09	27	408.7362	 62.2356	 0.0882	 0.2480
1951	09	28	410.6000	 62.8607	 0.1044	 0.2480
1951	09	29	411.2465	 63.1060	 0.0000	 0.2480
1951	09	30	410.1975	 62.8112	 0.0000	 0.1664
1951	10	01	408.8177	 62.5894	 0.0000	 0.1664
1951	10	02	407.4132	 62.3571	 0.0000	 0.1664
1951	10	03	407.3112	 62.3717	 0.1007	 0.2480
1951	10	04	407.3630	 62.3380	 0.0829	 0.2480
1951	10	05	408.1466	 62.5640	 0.0730	 0.2480
1951	10	06	408.0907	 62.5403	 0.0266	 0.2480
1951	10	07	407.8004	 62.4755	 0.0200	 0.2480
1951	10	08	407.3668	 62.3883	 0.0000	 0.1664
1951	10	09	406.5461	 62.2429	 0.0000	 0.1664
1951	10	10	406.0235	 62.1641	 0.0000	 0.1664
1951	10	11	405.3273	 62.0457	 0.0000	 0.1664
1951	10	12	405.9426	 62.2318	 0.1991	 0.2480
1951	10	13	409.4543	 63.5722	 0.6463	 0.4960
1951	10	14	415.5420	 66.5227	 1.3838	 0.7440
1951	10	15	420.8527	 69.3388	 1.8016	 0.9158
1951	10	16	422.2999	 70.0195	 2.0226	 0.7440
1951	10	17	426.2962	 72.1500	 2.3870	 0.9158
1951	10	18	446.1064	 81.3109	 3.1236	 1.0000
1951	10	19	470.5021	 91.1281	 3.4329	 1.0000
1951	10	20	479.8855	 93.7342	 3.1689	 1.0000
1951	10	21	480.5850	 93.2434	 3.4349	 1.0000
1951	10	22	502.5031	 102.6741	 3.5859	 1.0000
1951	10	23	511.6882	 106.4867	 3.8859	 1.0000
1951	10	24	512.2638	 105.8068	 3.9328	 1.0000
1951	10	25	512.4108	 105.0976	 3.9446	 1.0000
1951	10	26	512.4236	 104.5048	 3.9582	 1.0000
1951	10	27	512.4755	 103.9693	 3.9848	 1.0000
1951	10	28	515.9621	 104.7186	 3.9746	 1.0000
1951	10	29	518.2270	 105.1360	 4.1053	 1.0000
1951	10	30	519.2423	 105.3472	 4.1720	 1.0000
1951	10	31	519.2359	 104.9505	 4.1648	 1.0000
1951	11	01	519.8261	 105.2065	 3.4999	 1.0000
1951	11	02	529.7579	 111.3970	 3.5899	 1.0000
1951	11	03	548.4217	 120.5261	 3.6035	 1.0000
1951	11	04	554.1131	 121.0484	 3.5889	 1.0000
1951	11	05	554.1863	 119.8869	 3.5758	 1.0000
1951	11	06	554.2241	 118.8662	 3.5740	 1.0000
1951	11	07	556.0175	 118.7402	 3.6297	 1.0000
1951	11	08	557.2640	 118.3935	 3.6264	 1.0000
1951	11	09	565.7355	 120.9402	 3.4765	 1.0000
1951	11	10	584.6160	 127.3024	 3.5060	 1.0000
1951	11	11	613.5868	 138.1157	 3.4746	 1.0000
1951	11	12	642.0390	 149.4472	 3.5257	 1.0000
1951	11	13	655.5391	 154.0202	 3.5023	 1.0000
1951	11	14	657.8677	 153.2372	 3.4913	 1.0000
1951	11	15	658.2658	 152.0003	 3.4931	 1.0000
1951	11	16	658.1369	 150.7391	 3.4799	 1.0000
1951	11	17	657.8788	 149.5066	 3.4415	 1.0000
1951	11	18	657.7034	 148.3884	 3.4290	 1.0000
1951	11	19	657.5742	 147.2563	 3.3575	 1.0000
1951	11	20	657.8223	 146.4440	 3.3743	 1.0000
1951	11	21	657.9734	 145.6780	 3.3849	 1.0000
1951	11	22	658.0096	 145.0405	 3.4005	 1.0000
1951	11	23	658.0523	 144.4871	 3.4157	 1.0000
1951	11	24	660.5992	 145.8913	 3.4148	 1.0000
1951	11	25	685.9747	 162.3394	 3.3552	 1.0000
1951	11	26	710.4486	 172.8081	 3.3623	 1.0000
1951	11	27	732.5370	 180.7673	 3.4658	 1.0000
1951	11	28	761.6198	 188.9872	 3.5187	 1.0000
1951	11	29	783.1405	 194.9926	 3.4572	 1.0000
1951	11	30	813.2414	 205.2487	 3.4594	 1.0000
1951	12	01	829.9377	 208.1377	 3.3164	 1.0000
1951	12	02	840.6014	 209.3709	 3.3086	 1.0000
1951	12	03	858.0992	 214.8951	 3.2674	 1.0000
1951	12	04	866.1556	 215.3988	 3.1974	 1.0000
1951	12	05	868.3668	 213.0191	 3.1001	 1.0000
1951	12	06	868.9560	 210.8514	 3.0411	 1.0000
1951	12	07	869.0099	 208.9969	 3.0476	 1.0000
1951	12	08	869.2487	 207.4038	 3.0350	 1.0000
1951	12	09	870.7113	 207.0259	 3.0361	 1.0000
1951	12	10	871.5607	 205.8839	 3.0543	 1.0000
1951	12	11	872.4471	 204.4166	 3.0705	 1.0000
1951	12	12	873.0074	 202.7024	 3.0757	 1.0000
1951	12	13	873.0850	 201.2210	 3.0764	 1.0000
1951	12	14	875.1261	 201.7358	 3.0737	 1.0000
1951	12	15	887.0338	 210.0996	 3.0452	 1.0000
1951	12	16	893.3467	 212.8241	 3.0003	 1.0000
1951	12	17	915.5067	 224.9129	 2.9722	 1.0000
1951	12	18	931.0655	 233.1127	 2.8018	 1.0000
1951	12	19	932.5437	 231.6347	 2.7718	 1.0000
1951	12	20	943.9808	 243.2270	 2.7532	 1.0000
1951	12	21	971.8486	 269.1090	 2.7477	 1.0000
1951	12	22	981.5033	 269.1709	 2.6589	 1.0000
1951	12	23	986.8551	 268.8057	 2.6594	 1.0000
1951	12	24	990.1472	 267.9075	 2.6611	 1.0000
1951	12	25	991.6334	 264.8419	 2.6525	 1.0000
1951	12	26	995.2778	 264.8287	 2.6270	 1.0000
1951	12	27	1000.4060	 265.2931	 2.6335	 1.0000
1951	12	28	1006.7621	 265.7413	 2.6383	 1.0000
1951	12	29	1016.7454	 268.1307	 2.5028	 1.0000
1951	12	30	1018.8343	 266.4461	 2.5004	 1.0000
1951	12	31	1018.9096	 263.8029	 2.4073	 1.0000
