1949	01	01	507.3098	 163.5081	 3.7028	 1.0000
1949	01	02	507.3170	 160.5481	 3.6076	 1.0000
1949	01	03	507.3020	 158.5341	 3.6150	 1.0000
1949	01	04	507.3116	 156.6453	 3.6328	 1.0000
1949	01	05	510.3940	 158.2327	 3.7238	 1.0000
1949	01	06	517.6718	 161.8931	 3.7266	 1.0000
1949	01	07	520.8654	 160.6539	 3.4502	 1.0000
1949	01	08	520.8469	 158.4369	 3.3347	 1.0000
1949	01	09	520.8366	 156.9943	 3.3367	 1.0000
1949	01	10	520.8354	 155.8280	 3.3431	 1.0000
1949	01	11	520.8346	 154.6515	 3.3614	 1.0000
1949	01	12	520.8340	 153.2654	 3.3959	 1.0000
1949	01	13	520.9743	 151.8017	 3.4298	 1.0000
1949	01	14	521.3522	 150.3361	 3.4533	 1.0000
1949	01	15	521.6000	 148.5857	 3.4081	 1.0000
1949	01	16	522.2850	 147.8155	 3.4608	 1.0000
1949	01	17	522.5026	 146.4837	 3.4085	 1.0000
1949	01	18	522.6237	 145.4954	 3.2239	 1.0000
1949	01	19	522.6121	 144.5719	 3.2285	 1.0000
1949	01	20	523.9756	 145.6473	 3.3997	 1.0000
1949	01	21	525.2376	 146.4755	 3.4271	 1.0000
1949	01	22	525.3862	 145.8218	 3.2088	 1.0000
1949	01	23	525.3554	 145.1180	 3.2071	 1.0000
1949	01	24	525.5658	 144.5965	 3.2278	 1.0000
1949	01	25	527.6676	 146.6691	 3.4168	 1.0000
1949	01	26	529.0602	 147.5174	 3.4541	 1.0000
1949	01	27	529.1863	 146.5894	 3.3476	 1.0000
1949	01	28	529.2090	 145.5366	 3.3551	 1.0000
1949	01	29	529.2291	 144.3552	 3.3212	 1.0000
1949	01	30	529.3153	 143.3930	 3.2019	 1.0000
1949	01	31	529.2965	 142.5032	 3.2097	 1.0000
1949	02	01	529.3160	 141.6057	 3.1585	 1.0000
1949	02	02	530.9391	 142.7323	 3.3074	 1.0000
1949	02	03	535.1521	 146.9033	 3.4256	 1.0000
1949	02	04	536.2989	 146.8412	 3.3440	 1.0000
1949	02	05	550.3428	 162.3457	 3.4433	 1.0000
1949	02	06	559.7931	 170.0812	 3.3914	 1.0000
1949	02	07	569.3909	 175.5468	 3.3508	 1.0000
1949	02	08	581.9145	 180.6270	 3.3477	 1.0000
1949	02	09	611.0637	 193.8168	 3.3635	 1.0000
1949	02	10	628.9306	 200.6007	 3.2154	 1.0000
1949	02	11	629.2543	 196.1107	 3.1735	 1.0000
1949	02	12	629.2900	 192.2962	 3.0717	 1.0000
1949	02	13	639.5201	 201.0722	 3.2491	 1.0000
1949	02	14	651.3183	 206.6107	 3.2158	 1.0000
1949	02	15	781.1153	 265.4508	 3.5601	 1.0000
1949	02	16	895.0565	 278.4391	 3.6907	 1.0000
1949	02	17	914.1902	 271.4098	 3.7157	 1.0000
1949	02	18	923.8792	 268.8102	 3.6409	 1.0000
1949	02	19	939.8621	 275.8153	 3.6488	 1.0000
1949	02	20	960.8170	 283.1688	 3.6233	 1.0000
1949	02	21	999.4731	 299.2704	 3.5996	 1.0000
1949	02	22	1016.5951	 292.0312	 3.7487	 1.0000
1949	02	23	1017.9253	 280.4052	 3.7501	 1.0000
1949	02	24	1017.9455	 271.4207	 3.6360	 1.0000
1949	02	25	1017.8417	 265.1623	 3.6080	 1.0000
1949	02	26	1017.7047	 260.6347	 3.5147	 1.0000
1949	02	27	1017.5370	 256.7270	 3.4572	 1.0000
1949	02	28	1017.3723	 253.3791	 3.3917	 1.0000
1949	03	01	1017.2583	 250.3227	 3.3669	 1.0000
1949	03	02	1017.1277	 247.1822	 3.3525	 1.0000
1949	03	03	1016.9293	 244.0408	 3.2191	 1.0000
1949	03	04	1016.1564	 241.0514	 3.2278	 1.0000
1949	03	05	1015.0977	 237.9415	 3.2354	 1.0000
1949	03	06	1014.0534	 235.2060	 3.2378	 1.0000
1949	03	07	1014.1814	 233.1391	 3.2594	 1.0000
1949	03	08	1019.5995	 234.2839	 3.9189	 1.0000
1949	03	09	1019.4553	 232.7772	 3.7470	 1.0000
1949	03	10	1019.2550	 231.5256	 3.6120	 1.0000
1949	03	11	1022.1392	 232.0284	 3.8294	 1.0000
1949	03	12	1035.0937	 237.0249	 3.9654	 1.0000
1949	03	13	1039.6835	 237.7250	 4.0533	 1.0000
1949	03	14	1042.7695	 237.8439	 3.9844	 1.0000
1949	03	15	1052.3276	 242.0029	 3.9867	 1.0000
1949	03	16	1060.1518	 243.8038	 3.8689	 1.0000
1949	03	17	1065.4880	 243.9985	 3.9106	 1.0000
1949	03	18	1084.4429	 249.5120	 4.2594	 1.0000
1949	03	19	1094.4669	 251.5141	 4.7123	 1.0000
1949	03	20	1097.7128	 250.9142	 4.7131	 1.0000
1949	03	21	1098.8817	 249.3909	 4.7802	 1.0000
1949	03	22	1098.8224	 247.5252	 4.5911	 1.0000
1949	03	23	1098.7671	 245.8563	 4.4224	 1.0000
1949	03	24	1098.7681	 244.1997	 4.1758	 1.0000
1949	03	25	1102.5663	 244.3732	 4.4529	 1.0000
1949	03	26	1110.0975	 247.2178	 4.5268	 1.0000
1949	03	27	1112.0689	 247.3757	 4.3498	 1.0000
1949	03	28	1112.0191	 245.9562	 4.2720	 1.0000
1949	03	29	1112.2000	 244.5189	 4.2740	 1.0000
1949	03	30	1112.2174	 243.0011	 4.0250	 1.0000
1949	03	31	1112.3753	 241.6580	 3.7255	 1.0000
1949	04	01	1112.5264	 240.3402	 3.4686	 1.0000
1949	04	02	1112.3512	 238.8153	 2.6799	 1.0000
1949	04	03	1111.5171	 237.2031	 1.7367	 1.0000
1949	04	04	1108.5338	 235.0487	 0.7901	 1.0000
1949	04	05	1106.4602	 233.3060	 0.6127	 1.0000
1949	04	06	1103.6156	 231.4434	 0.3423	 1.0000
1949	04	07	1100.2157	 229.4717	 0.1269	 1.0000
1949	04	08	1096.6642	 227.5306	 0.0000	 1.0000
1949	04	09	1092.7009	 225.5868	 0.0000	 1.0000
1949	04	10	1087.6436	 223.4270	 0.0000	 1.0000
1949	04	11	1082.2378	 221.2547	 0.0000	 1.0000
1949	04	12	1077.3176	 219.2768	 0.0000	 1.0000
1949	04	13	1071.3931	 217.1115	 0.0000	 1.0000
1949	04	14	1065.6363	 215.1179	 0.0000	 1.0000
1949	04	15	1056.5831	 212.4423	 0.0000	 1.0000
1949	04	16	1044.9117	 209.2356	 0.0000	 1.0000
1949	04	17	1036.4580	 206.7357	 0.0717	 1.0000
1949	04	18	1024.7329	 203.6194	 0.0000	 1.0000
1949	04	19	1015.5730	 201.0551	 0.1282	 0.9926
1949	04	20	1013.5031	 200.3215	 0.6384	 0.9926
1949	04	21	1013.3593	 200.1196	 0.8881	 0.9926
1949	04	22	1013.6338	 200.1694	 0.6782	 0.9926
1949	04	23	1015.4100	 200.7619	 0.8914	 0.9926
1949	04	24	1012.4551	 199.7113	 0.3345	 0.9926
1949	04	25	1003.9607	 197.4263	 0.0000	 0.9880
1949	04	26	993.0083	 194.6206	 0.0000	 0.9880
1949	04	27	979.2245	 191.2683	 0.0438	 0.9880
1949	04	28	969.4785	 188.7435	 0.0979	 0.9880
1949	04	29	964.7826	 187.2833	 0.0173	 0.9163
1949	04	30	968.7264	 188.5960	 1.4749	 0.9163
1949	05	01	976.2798	 191.4441	 2.8962	 0.9163
1949	05	02	975.6366	 190.9000	 1.5082	 0.9163
1949	05	03	974.5006	 190.2516	 1.3299	 0.9163
1949	05	04	971.5993	 189.2385	 0.6254	 0.9163
1949	05	05	962.4063	 186.8901	 0.0000	 0.9163
1949	05	06	949.9310	 183.9266	 0.0000	 0.7950
1949	05	07	934.7590	 180.4903	 0.0000	 0.7950
1949	05	08	916.4477	 176.4861	 0.0000	 0.7950
1949	05	09	893.9677	 171.7127	 0.0000	 0.7950
1949	05	10	870.5058	 166.7930	 0.0000	 0.7950
1949	05	11	846.5571	 161.8241	 0.0000	 0.7950
1949	05	12	820.4531	 156.4828	 0.0000	 0.7950
1949	05	13	795.1632	 151.3354	 0.0000	 0.7950
1949	05	14	768.8392	 146.0279	 0.0000	 0.7950
1949	05	15	744.6468	 141.1546	 0.0000	 0.7950
1949	05	16	728.1635	 137.7685	 0.0054	 0.7878
1949	05	17	721.3295	 136.2344	 0.0216	 0.7878
1949	05	18	710.4543	 133.9604	 0.0000	 0.7833
1949	05	19	701.1188	 131.9840	 0.0144	 0.7833
1949	05	20	692.1557	 130.0966	 0.0000	 0.7833
1949	05	21	679.1433	 127.4443	 0.0000	 0.7833
1949	05	22	665.3382	 124.6570	 0.0000	 0.7833
1949	05	23	648.3339	 121.2858	 0.0000	 0.7833
1949	05	24	631.9388	 118.0436	 0.0000	 0.7833
1949	05	25	608.1981	 113.4458	 0.0000	 0.7833
1949	05	26	589.0508	 109.7212	 0.0000	 0.7833
1949	05	27	568.7227	 105.7898	 0.0000	 0.7762
1949	05	28	555.4051	 103.1774	 0.0000	 0.7717
1949	05	29	542.9806	 100.7497	 0.0000	 0.7717
1949	05	30	524.4842	 97.1938	 0.0000	 0.7717
1949	05	31	513.9325	 95.1267	 0.0226	 0.7717
1949	06	01	504.1247	 93.2045	 0.0000	 0.7717
1949	06	02	491.2012	 90.7062	 0.0000	 0.7717
1949	06	03	477.4448	 88.0644	 0.0000	 0.7645
1949	06	04	456.2980	 84.0618	 0.0000	 0.7645
1949	06	05	434.5302	 79.9552	 0.0000	 0.7600
1949	06	06	404.8946	 74.4088	 0.0000	 0.7600
1949	06	07	385.2660	 70.7161	 0.0000	 0.5647
1949	06	08	373.5008	 68.4941	 0.0000	 0.5603
1949	06	09	358.5901	 65.7024	 0.0000	 0.5603
1949	06	10	345.1000	 63.1777	 0.0000	 0.5603
1949	06	11	333.9664	 61.0899	 0.0000	 0.5603
1949	06	12	324.1552	 59.2493	 0.0000	 0.5603
1949	06	13	311.4824	 56.8894	 0.0000	 0.5603
1949	06	14	298.0922	 54.4034	 0.0000	 0.5603
1949	06	15	289.6166	 52.8345	 0.0141	 0.5603
1949	06	16	287.9391	 52.5623	 0.2369	 0.5717
1949	06	17	286.3825	 52.3660	 0.2658	 0.5833
1949	06	18	281.7907	 51.6081	 0.0000	 0.5603
1949	06	19	274.0634	 50.1553	 0.0000	 0.5603
1949	06	20	261.6390	 47.8424	 0.0000	 0.5603
1949	06	21	251.3709	 45.9280	 0.0000	 0.5603
1949	06	22	239.5987	 43.7418	 0.0000	 0.5603
1949	06	23	229.2795	 41.8244	 0.0000	 0.5603
1949	06	24	221.0544	 40.2928	 0.0000	 0.5603
1949	06	25	215.3511	 39.2243	 0.0000	 0.5603
1949	06	26	209.4135	 38.1139	 0.0000	 0.5603
1949	06	27	201.2259	 36.5948	 0.0000	 0.5603
1949	06	28	196.7137	 35.7619	 0.0672	 0.4419
1949	06	29	193.2680	 35.1319	 0.0000	 0.4419
1949	06	30	185.9258	 33.7741	 0.0000	 0.4419
1949	07	01	180.3729	 32.7457	 0.0000	 0.3720
1949	07	02	173.0905	 31.4058	 0.0000	 0.3720
1949	07	03	165.7058	 30.0497	 0.0000	 0.3720
1949	07	04	156.6151	 28.3861	 0.0000	 0.3720
1949	07	05	148.3418	 26.8730	 0.0000	 0.3720
1949	07	06	140.7636	 25.4877	 0.0000	 0.3720
1949	07	07	131.8933	 23.8703	 0.0000	 0.3720
1949	07	08	122.3233	 22.1280	 0.0000	 0.3720
1949	07	09	110.7548	 20.0261	 0.0000	 0.3720
1949	07	10	99.2134	 17.9311	 0.0000	 0.3720
1949	07	11	88.2937	 15.9503	 0.0000	 0.3720
1949	07	12	77.0099	 13.9051	 0.0000	 0.3720
1949	07	13	64.6264	 11.6625	 0.0000	 0.3720
1949	07	14	55.0144	 9.9236	 0.0000	 0.2536
1949	07	15	48.4056	 8.7533	 0.0000	 0.1836
1949	07	16	47.0941	 8.5290	 0.0008	 0.1836
1949	07	17	44.5273	 8.0897	 0.0000	 0.1836
1949	07	18	41.3084	 7.5367	 0.0000	 0.1836
1949	07	19	39.2539	 7.1601	 0.0000	 0.1836
1949	07	20	36.5662	 6.6680	 0.0000	 0.1836
1949	07	21	31.6197	 5.7642	 0.0000	 0.1836
1949	07	22	27.8788	 5.0809	 0.0000	 0.1836
1949	07	23	24.6897	 4.5316	 0.0000	 0.1836
1949	07	24	23.0463	 4.2304	 0.0000	 0.1836
1949	07	25	21.1247	 3.8804	 0.0000	 0.1836
1949	07	26	18.6574	 3.4260	 0.0000	 0.1836
1949	07	27	15.5729	 2.8582	 0.0000	 0.1836
1949	07	28	12.1970	 2.2369	 0.0000	 0.1836
1949	07	29	8.0646	 1.4766	 0.0000	 0.1836
1949	07	30	3.5258	 0.6427	 0.0000	 0.0682
1949	07	31	1.3021	 0.2373	 0.0000	 0.0682
1949	08	01	0.0000	 0.0000	 0.0000	 0.0000
1949	08	02	0.0000	 0.0000	 0.0000	 0.0000
1949	08	03	0.0000	 0.0000	 0.0000	 0.0000
1949	08	04	0.0000	 0.0000	 0.0000	 0.0000
1949	08	05	0.0000	 0.0000	 0.0000	 0.0000
1949	08	06	0.0000	 0.0000	 0.0000	 0.0000
1949	08	07	0.0000	 0.0000	 0.0000	 0.0000
1949	08	08	0.0000	 0.0000	 0.0149	 0.0000
1949	08	09	0.0000	 0.0000	 0.0000	 0.0000
1949	08	10	0.0000	 0.0000	 0.0000	 0.0000
1949	08	11	0.0000	 0.0000	 0.0000	 0.0000
1949	08	12	0.0000	 0.0000	 0.0000	 0.0000
1949	08	13	0.0000	 0.0000	 0.0000	 0.0000
1949	08	14	0.0000	 0.0000	 0.0000	 0.0000
1949	08	15	0.0000	 0.0000	 0.0000	 0.0000
1949	08	16	0.0000	 0.0000	 0.0000	 0.0000
1949	08	17	0.0000	 0.0000	 0.0000	 0.0000
1949	08	18	0.0000	 0.0000	 0.0000	 0.0000
1949	08	19	0.0000	 0.0000	 0.0000	 0.0000
1949	08	20	0.0000	 0.0000	 0.0000	 0.0000
1949	08	21	0.0000	 0.0000	 0.0000	 0.0000
1949	08	22	0.0000	 0.0000	 0.0000	 0.0000
1949	08	23	0.0000	 0.0000	 0.0000	 0.0000
1949	08	24	0.0000	 0.0000	 0.0000	 0.0000
1949	08	25	0.0007	 0.0005	 0.0349	 0.0114
1949	08	26	0.0000	 0.0000	 0.0000	 0.0000
1949	08	27	0.0000	 0.0000	 0.0000	 0.0000
1949	08	28	0.0000	 0.0000	 0.0000	 0.0000
1949	08	29	0.0000	 0.0000	 0.0000	 0.0000
1949	08	30	0.0000	 0.0000	 0.0000	 0.0000
1949	08	31	0.0000	 0.0000	 0.0000	 0.0000
1949	09	01	0.0000	 0.0000	 0.0000	 0.0000
1949	09	02	0.0000	 0.0000	 0.0000	 0.0000
1949	09	03	0.0000	 0.0000	 0.0000	 0.0000
1949	09	04	0.0000	 0.0000	 0.0000	 0.0000
1949	09	05	0.0000	 0.0000	 0.0000	 0.0000
1949	09	06	0.0000	 0.0000	 0.0000	 0.0000
1949	09	07	0.0000	 0.0000	 0.0000	 0.0000
1949	09	08	0.0000	 0.0000	 0.0000	 0.0000
1949	09	09	0.0000	 0.0000	 0.0000	 0.0000
1949	09	10	0.0000	 0.0000	 0.0695	 0.0000
1949	09	11	0.0000	 0.0000	 0.0221	 0.0000
1949	09	12	0.0000	 0.0000	 0.0000	 0.0000
1949	09	13	0.0814	 0.0615	 0.1493	 0.2067
1949	09	14	1.5372	 0.8604	 0.3044	 0.3950
1949	09	15	2.6340	 1.4359	 1.1084	 0.5950
1949	09	16	3.6280	 1.9347	 0.3216	 0.3950
1949	09	17	2.8863	 1.4249	 0.1318	 0.2067
1949	09	18	2.7729	 1.3352	 0.1534	 0.1950
1949	09	19	2.1088	 1.1501	 0.1204	 0.2183
1949	09	20	1.3527	 0.6921	 0.0820	 0.1950
1949	09	21	0.0000	 0.0000	 0.0000	 0.0000
1949	09	22	0.0000	 0.0000	 0.0000	 0.0000
1949	09	23	0.0000	 0.0000	 0.0000	 0.0000
1949	09	24	0.0000	 0.0000	 0.0000	 0.0000
1949	09	25	0.0000	 0.0000	 0.0000	 0.0000
1949	09	26	0.0000	 0.0000	 0.0000	 0.0000
1949	09	27	0.0000	 0.0000	 0.0000	 0.0000
1949	09	28	0.0000	 0.0000	 0.0000	 0.0000
1949	09	29	0.0000	 0.0000	 0.0000	 0.0000
1949	09	30	0.0000	 0.0000	 0.0000	 0.0000
1949	10	01	0.0000	 0.0000	 0.0000	 0.0000
1949	10	02	0.0000	 0.0000	 0.0000	 0.0000
1949	10	03	0.0236	 0.0170	 0.0823	 0.2067
1949	10	04	1.2102	 0.7996	 0.7245	 0.5950
1949	10	05	1.8408	 1.1806	 1.0967	 0.5833
1949	10	06	2.0704	 1.3267	 0.9544	 0.3950
1949	10	07	2.4766	 1.6199	 1.0262	 0.3950
1949	10	08	5.3086	 3.6263	 1.4268	 0.5950
1949	10	09	8.1482	 4.5721	 1.4950	 0.5950
1949	10	10	10.8573	 5.5706	 1.4483	 0.5950
1949	10	11	11.8157	 5.7777	 1.1668	 0.5950
1949	10	12	11.4984	 5.4411	 1.0825	 0.3950
1949	10	13	11.5905	 5.3788	 1.1244	 0.3995
1949	10	14	11.9673	 5.5312	 1.3050	 0.3950
1949	10	15	12.1602	 5.4932	 1.3117	 0.3950
1949	10	16	12.1610	 5.3794	 1.2585	 0.3950
1949	10	17	12.1581	 5.2870	 1.2530	 0.3950
1949	10	18	12.1408	 5.2021	 1.2363	 0.3950
1949	10	19	12.1271	 5.1300	 1.2116	 0.3950
1949	10	20	12.0917	 5.0416	 1.2075	 0.3950
1949	10	21	11.9863	 4.9187	 1.1813	 0.3950
1949	10	22	11.8442	 4.7877	 1.1415	 0.3950
1949	10	23	11.7725	 4.6923	 1.1469	 0.3833
1949	10	24	11.5245	 4.4981	 0.8759	 0.3833
1949	10	25	10.9716	 4.2278	 0.8803	 0.3833
1949	10	26	12.2080	 4.8514	 0.7734	 0.3950
1949	10	27	23.7055	 9.9444	 2.2172	 0.5950
1949	10	28	42.9711	 17.6348	 3.7509	 0.7950
1949	10	29	44.1273	 17.7266	 4.0239	 0.7950
1949	10	30	44.0373	 17.2249	 4.0216	 0.7878
1949	10	31	43.7567	 16.6742	 3.9411	 0.7833
1949	11	01	43.8951	 16.3938	 3.5537	 0.5950
1949	11	02	43.9417	 16.0913	 3.3409	 0.5950
1949	11	03	43.9428	 15.8001	 3.2869	 0.5950
1949	11	04	43.9894	 15.5711	 3.1765	 0.6650
1949	11	05	43.8933	 15.2885	 3.1568	 0.5950
1949	11	06	43.8661	 15.0753	 3.1495	 0.5950
1949	11	07	43.8720	 14.8917	 3.1772	 0.5950
1949	11	08	49.9538	 17.8433	 3.7315	 0.7950
1949	11	09	53.6303	 19.4380	 3.8642	 0.7950
1949	11	10	76.3850	 29.7908	 4.5092	 0.8070
1949	11	11	125.8639	 48.6830	 4.6942	 0.8070
1949	11	12	146.4859	 53.4843	 4.4935	 0.8070
1949	11	13	157.4543	 54.4712	 4.2191	 0.8070
1949	11	14	166.9342	 55.7674	 4.1635	 0.8070
1949	11	15	166.8877	 54.2290	 4.1878	 0.8070
1949	11	16	166.9936	 53.0077	 4.1512	 0.8070
1949	11	17	167.1463	 52.0524	 4.1587	 0.8070
1949	11	18	167.7323	 51.4168	 4.2319	 0.8070
1949	11	19	167.7441	 50.5562	 4.2268	 0.8070
1949	11	20	167.7769	 50.0014	 4.2418	 0.8070
1949	11	21	172.2540	 52.8232	 4.3803	 0.8070
1949	11	22	188.5486	 61.6809	 4.8394	 1.0000
1949	11	23	217.0015	 73.2407	 5.2203	 1.0000
1949	11	24	246.1268	 81.4879	 5.3890	 1.0000
1949	11	25	273.9570	 88.8854	 5.2507	 1.0000
1949	11	26	331.2291	 105.3324	 4.0857	 1.0000
1949	11	27	370.5699	 115.1207	 5.2462	 1.0000
1949	11	28	396.3587	 121.7551	 5.4694	 1.0000
1949	11	29	408.3846	 122.8416	 5.4228	 1.0000
1949	11	30	415.9053	 122.4493	 5.5477	 1.0000
1949	12	01	447.4876	 133.0047	 5.3075	 1.0000
1949	12	02	464.0433	 138.1739	 5.2226	 1.0000
1949	12	03	473.6026	 141.4273	 5.2826	 1.0000
1949	12	04	479.2732	 141.2678	 5.2383	 1.0000
1949	12	05	483.1586	 140.7090	 5.1627	 1.0000
1949	12	06	483.1918	 138.2066	 5.1828	 1.0000
1949	12	07	483.2876	 136.0771	 5.1491	 1.0000
1949	12	08	484.0236	 135.0607	 5.1542	 1.0000
1949	12	09	484.0868	 133.4217	 5.0582	 1.0000
1949	12	10	484.7321	 132.7877	 5.0475	 1.0000
1949	12	11	484.7633	 131.7932	 5.0674	 1.0000
1949	12	12	484.8398	 130.7652	 5.0407	 1.0000
1949	12	13	484.9140	 129.6534	 5.0572	 1.0000
1949	12	14	489.4685	 131.8636	 5.0054	 1.0000
1949	12	15	495.3356	 134.5642	 4.9304	 1.0000
1949	12	16	502.6840	 138.9011	 4.9077	 1.0000
1949	12	17	513.0313	 145.3234	 4.7335	 1.0000
1949	12	18	516.0246	 146.3248	 4.6342	 1.0000
1949	12	19	516.7543	 146.0035	 4.6324	 1.0000
1949	12	20	518.2106	 146.4675	 4.6136	 1.0000
1949	12	21	520.5572	 146.9257	 4.6115	 1.0000
1949	12	22	533.1377	 152.2830	 5.2773	 1.0000
1949	12	23	548.9358	 158.3843	 5.1923	 1.0000
1949	12	24	557.9680	 163.1035	 5.0224	 1.0000
1949	12	25	569.2096	 169.3867	 4.9649	 1.0000
1949	12	26	580.4427	 170.9709	 5.1115	 1.0000
1949	12	27	618.1744	 182.5338	 5.0530	 1.0000
1949	12	28	630.9089	 181.0564	 4.9501	 1.0000
1949	12	29	637.7361	 180.4274	 4.7906	 1.0000
1949	12	30	649.7482	 186.8709	 4.7112	 1.0000
1949	12	31	657.4317	 191.4349	 4.5522	 1.0000
1950	01	01	659.7627	 191.5776	 4.4040	 1.0000
1950	01	02	659.7476	 189.4315	 4.4113	 1.0000
1950	01	03	659.8370	 188.2152	 4.3886	 1.0000
1950	01	04	664.3684	 193.1398	 4.3947	 1.0000
1950	01	05	680.2275	 211.1808	 4.3834	 1.0000
1950	01	06	696.7939	 224.9892	 4.3056	 1.0000
1950	01	07	698.3795	 219.3124	 4.1995	 1.0000
1950	01	08	700.6511	 215.5023	 4.1836	 1.0000
1950	01	09	720.8884	 228.3585	 4.1333	 1.0000
1950	01	10	737.1059	 232.4476	 3.8741	 1.0000
1950	01	11	739.9609	 228.1943	 3.7950	 1.0000
1950	01	12	744.7250	 228.5743	 3.6538	 1.0000
1950	01	13	750.7762	 232.8210	 3.6084	 1.0000
1950	01	14	753.6261	 233.7523	 3.5996	 1.0000
1950	01	15	757.5882	 235.9277	 3.5806	 1.0000
1950	01	16	757.7702	 232.5206	 3.5760	 1.0000
1950	01	17	757.8949	 229.1857	 3.4495	 1.0000
1950	01	18	782.6642	 256.6699	 3.5546	 1.0000
1950	01	19	831.6845	 301.2540	 3.5501	 1.0000
1950	01	20	866.4933	 305.2597	 3.5110	 1.0000
1950	01	21	898.5573	 293.6990	 3.7680	 1.0000
1950	01	22	914.6736	 280.3689	 3.9193	 1.0000
1950	01	23	918.6060	 273.5281	 3.7594	 1.0000
1950	01	24	918.9562	 269.5701	 3.6308	 1.0000
1950	01	25	926.6215	 277.0162	 3.6818	 1.0000
1950	01	26	934.7006	 283.0274	 3.6446	 1.0000
1950	01	27	935.3204	 279.7232	 3.6438	 1.0000
1950	01	28	935.3707	 276.0507	 3.5833	 1.0000
1950	01	29	935.3641	 273.2631	 3.5835	 1.0000
1950	01	30	935.3513	 270.8578	 3.5691	 1.0000
1950	01	31	935.3471	 268.5764	 3.5689	 1.0000
1950	02	01	935.3857	 266.3824	 3.5348	 1.0000
1950	02	02	935.5285	 263.9557	 3.5246	 1.0000
1950	02	03	949.9309	 278.9766	 3.5621	 1.0000
1950	02	04	963.9122	 289.3803	 3.4918	 1.0000
1950	02	05	979.9006	 298.5683	 3.4860	 1.0000
1950	02	06	989.3857	 293.8447	 3.5971	 1.0000
1950	02	07	1011.7416	 291.1511	 3.9049	 1.0000
1950	02	08	1021.4441	 285.2744	 3.8583	 1.0000
1950	02	09	1023.2356	 278.7925	 3.8085	 1.0000
1950	02	10	1023.8432	 274.0673	 3.7960	 1.0000
1950	02	11	1026.5073	 269.9431	 3.8083	 1.0000
1950	02	12	1046.7963	 275.0226	 3.8794	 1.0000
1950	02	13	1056.2155	 273.5320	 4.0174	 1.0000
1950	02	14	1062.0793	 270.4950	 4.0539	 1.0000
1950	02	15	1067.4725	 267.8047	 4.0224	 1.0000
1950	02	16	1069.0260	 264.1559	 4.0294	 1.0000
1950	02	17	1069.1105	 260.7857	 3.9903	 1.0000
1950	02	18	1069.1180	 257.3533	 3.9351	 1.0000
1950	02	19	1069.0877	 254.3638	 3.9238	 1.0000
1950	02	20	1069.0780	 252.0097	 3.9307	 1.0000
1950	02	21	1069.3086	 249.8507	 3.9292	 1.0000
1950	02	22	1082.9819	 253.5771	 4.2733	 1.0000
1950	02	23	1130.1649	 273.1429	 4.6121	 1.0000
1950	02	24	1166.7049	 285.1479	 4.5614	 1.0000
1950	02	25	1183.1151	 287.9178	 4.5242	 1.0000
1950	02	26	1185.3797	 284.4656	 4.5524	 1.0000
1950	02	27	1185.3731	 281.2951	 4.4260	 1.0000
1950	02	28	1185.3314	 278.8453	 4.4170	 1.0000
1950	03	01	1185.2434	 276.6082	 4.2837	 1.0000
1950	03	02	1186.7068	 275.0011	 4.4599	 1.0000
1950	03	03	1207.6686	 279.4919	 5.0251	 1.0000
1950	03	04	1239.1564	 287.0347	 5.0632	 1.0000
1950	03	05	1249.2906	 287.1436	 5.1178	 1.0000
1950	03	06	1249.2404	 283.7893	 4.4506	 1.0000
1950	03	07	1252.6117	 283.1192	 4.9383	 1.0000
1950	03	08	1255.2298	 282.5542	 4.9734	 1.0000
1950	03	09	1258.4205	 282.3493	 5.0644	 1.0000
1950	03	10	1259.1115	 280.6089	 5.0950	 1.0000
1950	03	11	1259.0026	 278.8975	 4.9902	 1.0000
1950	03	12	1259.4479	 278.0620	 4.9817	 1.0000
1950	03	13	1259.5238	 276.6800	 4.9908	 1.0000
1950	03	14	1259.5368	 275.0097	 5.0102	 1.0000
1950	03	15	1271.8107	 277.9283	 5.0733	 1.0000
1950	03	16	1297.1666	 285.9069	 5.1504	 1.0000
1950	03	17	1310.7129	 288.9349	 5.1290	 1.0000
1950	03	18	1338.0500	 299.9856	 5.1431	 1.0000
1950	03	19	1351.7635	 306.0868	 5.0648	 1.0000
1950	03	20	1355.1327	 305.8380	 5.1234	 1.0000
1950	03	21	1358.3001	 304.4588	 5.1559	 1.0000
1950	03	22	1367.4205	 306.1129	 5.1698	 1.0000
1950	03	23	1377.2692	 309.2906	 5.1406	 1.0000
1950	03	24	1379.4647	 307.7519	 5.1633	 1.0000
1950	03	25	1379.7981	 305.4921	 5.1476	 1.0000
1950	03	26	1387.1139	 306.8370	 5.1213	 1.0000
1950	03	27	1394.5656	 307.9850	 5.0121	 1.0000
1950	03	28	1395.8711	 306.6161	 4.8371	 1.0000
1950	03	29	1399.3299	 306.5236	 4.9578	 1.0000
1950	03	30	1400.6590	 304.8244	 5.0121	 1.0000
1950	03	31	1408.7036	 306.0398	 4.7389	 1.0000
1950	04	01	1413.9385	 306.0335	 5.1705	 1.0000
1950	04	02	1414.5218	 304.1454	 5.0550	 1.0000
1950	04	03	1414.4798	 302.1495	 4.6472	 1.0000
1950	04	04	1414.7077	 300.4740	 4.1417	 1.0000
1950	04	05	1415.3092	 298.9359	 3.5405	 1.0000
1950	04	06	1415.3479	 297.3890	 3.4725	 1.0000
1950	04	07	1418.0147	 297.5545	 3.7754	 1.0000
1950	04	08	1424.3396	 298.6768	 3.9513	 1.0000
1950	04	09	1424.4413	 297.1375	 3.8671	 1.0000
1950	04	10	1424.0006	 295.3498	 3.0863	 1.0000
1950	04	11	1428.5641	 295.4758	 2.6934	 1.0000
1950	04	12	1429.3668	 294.3787	 2.4514	 1.0000
1950	04	13	1427.4931	 292.5820	 2.0830	 1.0000
1950	04	14	1437.6839	 295.1689	 2.5571	 1.0000
1950	04	15	1448.7724	 298.1330	 3.3253	 1.0000
1950	04	16	1454.6539	 299.1759	 3.5347	 1.0000
1950	04	17	1453.7512	 297.5881	 3.3995	 1.0000
1950	04	18	1452.7855	 296.0113	 2.3292	 1.0000
1950	04	19	1450.4883	 293.9087	 0.5067	 1.0000
1950	04	20	1447.7510	 291.7936	 0.0338	 1.0000
1950	04	21	1450.9972	 291.8137	 1.3813	 1.0000
1950	04	22	1454.0052	 292.3032	 2.0584	 1.0000
1950	04	23	1455.0177	 291.9579	 2.0831	 1.0000
1950	04	24	1453.3632	 290.4788	 1.0384	 1.0000
1950	04	25	1450.9240	 288.8513	 0.9612	 1.0000
1950	04	26	1450.1132	 287.8172	 0.9193	 1.0000
1950	04	27	1449.0560	 286.6527	 0.6636	 1.0000
1950	04	28	1446.7366	 285.0514	 0.0484	 1.0000
1950	04	29	1442.6638	 283.1291	 0.0000	 1.0000
1950	04	30	1447.8325	 283.9210	 0.6824	 1.0000
1950	05	01	1448.3023	 283.0346	 0.4733	 1.0000
1950	05	02	1446.0924	 281.5760	 0.3308	 1.0000
1950	05	03	1447.6739	 281.3174	 1.0875	 1.0000
1950	05	04	1446.8964	 280.4119	 0.8511	 1.0000
1950	05	05	1444.3400	 279.0507	 0.6725	 1.0000
1950	05	06	1440.7785	 277.4563	 0.1422	 1.0000
1950	05	07	1436.3979	 275.7111	 0.0000	 1.0000
1950	05	08	1430.4873	 273.6529	 0.0000	 1.0000
1950	05	09	1421.1023	 270.9338	 0.0000	 1.0000
1950	05	10	1408.9393	 267.7168	 0.0000	 1.0000
1950	05	11	1396.7590	 264.5439	 0.0000	 1.0000
1950	05	12	1381.0773	 260.7499	 0.0000	 0.9926
1950	05	13	1366.0437	 257.1377	 0.0000	 0.9880
1950	05	14	1352.1733	 253.7943	 0.0000	 0.9880
1950	05	15	1338.7697	 250.5722	 0.0000	 0.9880
1950	05	16	1322.4202	 246.8458	 0.0000	 0.9880
1950	05	17	1313.7801	 244.5963	 0.0221	 0.9880
1950	05	18	1307.6072	 242.8762	 0.0000	 0.9880
1950	05	19	1300.2387	 240.9295	 0.0128	 0.9880
1950	05	20	1284.8925	 237.4787	 0.0000	 0.9880
1950	05	21	1269.7831	 234.1190	 0.0000	 0.7950
1950	05	22	1262.4463	 232.2670	 0.0000	 0.7950
1950	05	23	1256.1693	 230.6706	 0.0000	 0.7950
1950	05	24	1247.7587	 228.6930	 0.0000	 0.7950
1950	05	25	1234.5643	 225.8321	 0.0000	 0.7950
1950	05	26	1214.4075	 221.7111	 0.0000	 0.7950
1950	05	27	1201.7800	 218.9889	 0.0271	 0.7950
1950	05	28	1195.0028	 217.3802	 0.0000	 0.7950
1950	05	29	1189.8856	 216.0831	 0.0000	 0.7950
1950	05	30	1179.9140	 213.9279	 0.0000	 0.7950
1950	05	31	1164.2472	 210.7359	 0.0000	 0.7950
1950	06	01	1145.9026	 207.0659	 0.0000	 0.7950
1950	06	02	1132.8737	 204.3890	 0.0000	 0.7950
1950	06	03	1112.8654	 200.4606	 0.0000	 0.7950
1950	06	04	1093.3880	 196.6468	 0.0000	 0.7950
1950	06	05	1082.2965	 194.3661	 0.1086	 0.7878
1950	06	06	1078.1307	 193.4196	 0.3226	 0.7878
1950	06	07	1076.2186	 192.9675	 0.4701	 0.7833
1950	06	08	1070.6931	 191.7596	 0.2901	 0.7833
1950	06	09	1060.6923	 189.7057	 0.0731	 0.7833
1950	06	10	1048.4915	 187.2885	 0.0000	 0.7833
1950	06	11	1029.6484	 183.6744	 0.0000	 0.7833
1950	06	12	1008.5170	 179.6639	 0.0000	 0.7833
1950	06	13	988.8119	 175.9260	 0.0000	 0.7833
1950	06	14	970.2612	 172.4088	 0.0000	 0.7833
1950	06	15	950.5116	 168.6939	 0.0000	 0.7833
1950	06	16	930.3465	 164.9235	 0.0000	 0.7833
1950	06	17	909.4269	 161.0272	 0.0000	 0.7833
1950	06	18	888.1584	 157.0818	 0.0000	 0.7833
1950	06	19	860.7742	 152.0655	 0.0000	 0.7833
1950	06	20	830.7477	 146.5960	 0.0000	 0.7833
1950	06	21	809.3173	 142.6553	 0.0000	 0.7833
1950	06	22	796.2868	 140.2132	 0.0519	 0.7762
1950	06	23	783.9228	 137.9053	 0.0000	 0.7717
1950	06	24	771.6614	 135.6130	 0.0000	 0.7717
1950	06	25	756.6045	 132.8342	 0.0000	 0.7717
1950	06	26	736.3951	 129.1547	 0.0000	 0.7717
1950	06	27	713.4373	 125.0006	 0.0000	 0.7717
1950	06	28	686.1461	 120.0948	 0.0000	 0.7717
1950	06	29	659.6653	 115.3399	 0.0000	 0.7717
1950	06	30	633.8502	 110.7098	 0.0000	 0.7717
1950	07	01	609.1261	 106.2787	 0.0000	 0.7717
1950	07	02	584.1505	 101.8134	 0.0000	 0.7645
1950	07	03	558.7158	 97.2819	 0.0000	 0.6416
1950	07	04	535.6097	 93.1772	 0.0000	 0.6416
1950	07	05	514.6723	 89.4578	 0.0000	 0.5717
1950	07	06	496.7500	 86.2781	 0.0000	 0.5717
1950	07	07	482.8975	 83.8119	 0.0000	 0.5647
1950	07	08	471.6213	 81.8206	 0.0000	 0.5647
1950	07	09	460.5139	 79.8447	 0.0000	 0.5647
1950	07	10	451.2004	 78.1800	 0.0000	 0.5603
1950	07	11	439.1129	 76.0381	 0.0000	 0.5603
1950	07	12	427.3198	 73.9502	 0.0000	 0.5603
1950	07	13	404.9261	 70.0299	 0.0000	 0.5603
1950	07	14	390.5643	 67.5053	 0.0000	 0.5603
1950	07	15	379.5168	 65.5573	 0.0000	 0.5603
1950	07	16	366.1427	 63.2092	 0.0000	 0.5603
1950	07	17	350.6107	 60.4913	 0.0000	 0.5603
1950	07	18	334.3647	 57.6569	 0.0000	 0.5603
1950	07	19	323.0553	 55.6759	 0.0065	 0.5603
1950	07	20	303.5214	 52.2760	 0.0000	 0.5603
1950	07	21	287.6960	 49.5184	 0.0000	 0.5603
1950	07	22	269.9332	 46.4288	 0.0000	 0.5603
1950	07	23	255.5295	 43.9228	 0.0000	 0.4419
1950	07	24	241.1248	 41.4251	 0.0000	 0.4419
1950	07	25	228.0662	 39.1614	 0.0000	 0.4419
1950	07	26	216.4337	 37.1461	 0.0000	 0.3720
1950	07	27	208.1696	 35.7141	 0.0000	 0.3720
1950	07	28	201.8781	 34.6387	 0.0000	 0.3720
1950	07	29	195.7695	 33.5784	 0.0000	 0.3720
1950	07	30	188.4568	 32.3124	 0.0000	 0.3720
1950	07	31	179.7882	 30.8149	 0.0000	 0.3720
1950	08	01	167.3467	 28.6719	 0.0000	 0.3720
1950	08	02	159.0833	 27.2464	 0.0000	 0.3720
1950	08	03	152.4188	 26.0961	 0.0000	 0.3720
1950	08	04	146.3616	 25.0509	 0.0000	 0.3720
1950	08	05	141.7813	 24.2623	 0.0000	 0.3720
1950	08	06	135.4274	 23.1670	 0.0000	 0.3720
1950	08	07	126.8455	 21.6908	 0.0000	 0.3720
1950	08	08	120.5692	 20.6103	 0.0000	 0.3720
1950	08	09	112.8360	 19.2806	 0.0000	 0.3720
1950	08	10	103.8092	 17.7301	 0.0000	 0.3720
1950	08	11	94.7635	 16.1771	 0.0000	 0.3720
1950	08	12	88.1293	 15.0397	 0.0000	 0.2536
1950	08	13	83.1523	 14.1964	 0.0000	 0.2536
1950	08	14	76.9975	 13.1416	 0.0000	 0.2536
1950	08	15	72.2360	 12.3253	 0.0000	 0.1836
1950	08	16	68.1318	 11.6226	 0.0000	 0.1836
1950	08	17	64.0591	 10.9256	 0.0000	 0.1836
1950	08	18	59.5757	 10.1590	 0.0000	 0.1836
1950	08	19	55.1082	 9.3955	 0.0000	 0.1836
1950	08	20	49.6560	 8.4645	 0.0000	 0.1836
1950	08	21	44.5515	 7.5932	 0.0000	 0.1836
1950	08	22	40.6392	 6.9343	 0.0000	 0.1836
1950	08	23	37.7196	 6.4353	 0.0000	 0.1836
1950	08	24	35.3812	 6.0455	 0.0000	 0.1836
1950	08	25	31.5813	 5.3954	 0.0000	 0.1836
1950	08	26	27.6050	 4.7154	 0.0000	 0.1836
1950	08	27	24.1687	 4.1278	 0.0000	 0.1836
1950	08	28	19.4161	 3.3154	 0.0000	 0.1836
1950	08	29	15.2178	 2.5979	 0.0000	 0.1836
1950	08	30	11.8343	 2.0196	 0.0000	 0.1836
1950	08	31	7.9832	 1.3615	 0.0000	 0.1836
1950	09	01	4.3516	 0.7415	 0.0000	 0.0682
1950	09	02	2.5185	 0.4291	 0.0000	 0.0682
1950	09	03	0.8620	 0.1469	 0.0000	 0.0682
1950	09	04	0.0000	 0.0000	 0.0000	 0.0000
1950	09	05	0.0000	 0.0000	 0.0000	 0.0000
1950	09	06	0.0000	 0.0000	 0.0000	 0.0000
1950	09	07	0.0000	 0.0000	 0.0000	 0.0000
1950	09	08	0.0000	 0.0000	 0.0000	 0.0000
1950	09	09	0.0000	 0.0000	 0.0000	 0.0000
1950	09	10	0.0000	 0.0000	 0.0000	 0.0000
1950	09	11	0.0000	 0.0000	 0.0000	 0.0000
1950	09	12	0.0000	 0.0000	 0.0000	 0.0000
1950	09	13	0.0000	 0.0000	 0.0000	 0.0000
1950	09	14	0.0000	 0.0000	 0.0000	 0.0000
1950	09	15	0.0000	 0.0000	 0.0000	 0.0000
1950	09	16	0.0000	 0.0000	 0.0000	 0.0000
1950	09	17	0.0000	 0.0000	 0.0000	 0.0000
1950	09	18	0.0000	 0.0000	 0.0000	 0.0000
1950	09	19	0.0000	 0.0000	 0.0000	 0.0000
1950	09	20	0.0000	 0.0000	 0.0000	 0.0000
1950	09	21	0.0000	 0.0000	 0.0000	 0.0000
1950	09	22	0.0000	 0.0000	 0.0000	 0.0000
1950	09	23	0.0000	 0.0000	 0.0000	 0.0000
1950	09	24	0.0000	 0.0000	 0.0000	 0.0000
1950	09	25	0.1054	 0.0756	 0.1034	 0.1950
1950	09	26	0.2686	 0.1875	 0.1464	 0.3950
1950	09	27	0.0000	 0.0000	 0.0247	 0.0000
1950	09	28	0.0000	 0.0000	 0.0000	 0.0000
1950	09	29	0.0000	 0.0000	 0.0000	 0.0000
1950	09	30	0.0161	 0.0156	 0.3884	 0.3995
1950	10	01	0.1206	 0.1354	 0.4466	 0.5995
1950	10	02	0.0682	 0.0789	 0.1752	 0.1950
1950	10	03	2.2715	 1.6387	 1.5051	 0.7950
1950	10	04	7.9292	 4.8620	 1.5776	 0.7950
1950	10	05	12.2791	 6.3098	 1.7610	 0.6067
1950	10	06	14.9930	 7.3612	 1.1717	 0.5950
1950	10	07	18.9398	 8.5118	 1.6474	 0.5950
1950	10	08	20.5584	 8.8809	 1.3605	 0.5950
1950	10	09	50.6864	 21.6915	 3.8362	 0.7950
1950	10	10	61.2106	 24.7004	 1.9691	 0.7950
1950	10	11	63.6718	 24.4468	 1.2584	 0.7950
1950	10	12	62.2016	 22.6085	 0.5614	 0.7950
1950	10	13	61.3830	 21.4335	 0.2946	 0.6067
1950	10	14	61.8041	 20.9339	 0.2688	 0.7950
1950	10	15	61.4708	 20.4680	 0.0000	 0.5995
1950	10	16	61.7382	 20.2681	 0.3438	 0.5950
1950	10	17	66.0328	 21.9642	 1.6470	 0.7950
1950	10	18	73.8865	 24.7934	 2.3731	 0.7950
1950	10	19	77.0947	 25.6106	 2.5680	 0.7950
1950	10	20	79.0324	 26.0206	 2.6062	 0.7950
1950	10	21	78.9124	 25.5436	 2.5394	 0.5995
1950	10	22	78.9150	 25.2165	 2.5616	 0.5950
1950	10	23	79.8756	 25.4577	 3.0326	 0.5995
1950	10	24	101.4399	 36.5552	 3.9948	 1.0000
1950	10	25	109.1458	 38.2466	 4.4034	 0.7950
1950	10	26	134.2757	 48.5151	 5.0449	 1.0000
1950	10	27	172.2494	 59.6042	 5.3375	 0.9926
1950	10	28	188.5294	 63.7374	 5.3315	 0.9926
1950	10	29	191.4100	 62.7329	 5.7940	 0.9926
1950	10	30	192.2159	 61.3634	 5.8252	 0.9926
1950	10	31	219.1630	 73.4818	 5.8967	 1.0000
1950	11	01	240.5285	 81.6712	 5.2622	 1.0000
1950	11	02	242.3748	 79.3294	 5.4361	 1.0000
1950	11	03	244.2569	 77.2647	 5.3999	 1.0000
1950	11	04	249.5438	 77.0161	 5.3921	 1.0000
1950	11	05	251.2924	 75.9047	 5.5509	 1.0000
1950	11	06	251.6469	 74.5548	 5.5437	 1.0000
1950	11	07	253.5824	 74.2690	 5.5536	 1.0000
1950	11	08	253.5811	 73.4024	 5.5100	 1.0000
1950	11	09	253.5690	 72.7206	 5.4576	 1.0000
1950	11	10	253.5956	 72.0351	 5.4458	 1.0000
1950	11	11	254.2378	 71.8072	 5.4293	 1.0000
1950	11	12	254.2369	 71.2059	 5.3701	 1.0000
1950	11	13	256.6907	 73.0433	 5.3810	 1.0000
1950	11	14	266.9843	 81.0961	 5.3714	 1.0000
1950	11	15	289.6975	 95.8560	 5.4747	 1.0000
1950	11	16	302.0239	 98.6606	 5.3709	 1.0000
1950	11	17	313.2889	 102.9542	 5.3317	 1.0000
1950	11	18	316.2566	 103.0856	 5.3065	 1.0000
1950	11	19	347.6574	 127.8230	 5.2947	 1.0000
1950	11	20	397.3988	 149.1828	 5.3415	 1.0000
1950	11	21	431.5549	 151.4712	 5.3637	 1.0000
1950	11	22	451.2907	 146.3624	 5.4703	 1.0000
1950	11	23	475.7449	 147.3373	 5.3491	 1.0000
1950	11	24	506.3581	 152.1721	 5.2995	 1.0000
1950	11	25	534.0162	 157.7747	 5.3607	 1.0000
1950	11	26	542.7848	 156.1140	 5.5440	 1.0000
1950	11	27	544.3853	 152.7821	 5.5992	 1.0000
1950	11	28	544.3910	 150.3083	 5.5998	 1.0000
1950	11	29	553.4676	 154.6127	 5.6092	 1.0000
1950	11	30	563.4870	 159.5988	 5.5392	 1.0000
1950	12	01	565.0522	 158.3222	 5.2449	 1.0000
1950	12	02	567.0805	 157.5744	 5.2045	 1.0000
1950	12	03	569.1577	 156.8349	 5.1613	 1.0000
1950	12	04	569.5383	 154.8417	 5.1608	 1.0000
1950	12	05	589.7397	 168.5510	 5.0667	 1.0000
1950	12	06	603.5883	 177.9063	 5.0245	 1.0000
1950	12	07	609.2305	 177.5150	 5.0022	 1.0000
1950	12	08	617.3880	 177.6436	 5.0809	 1.0000
1950	12	09	631.9490	 180.8663	 5.1625	 1.0000
1950	12	10	636.6781	 178.1173	 5.2654	 1.0000
1950	12	11	637.4341	 174.2212	 5.2747	 1.0000
1950	12	12	637.4909	 171.0740	 5.2765	 1.0000
1950	12	13	639.8979	 170.8966	 5.2669	 1.0000
1950	12	14	653.1097	 179.4560	 5.2205	 1.0000
1950	12	15	664.9581	 183.5079	 5.2522	 1.0000
1950	12	16	679.0343	 188.2542	 5.2432	 1.0000
1950	12	17	682.4436	 186.0658	 5.2436	 1.0000
1950	12	18	692.3259	 187.5220	 5.2399	 1.0000
1950	12	19	706.1366	 191.0187	 5.2154	 1.0000
1950	12	20	711.9513	 189.7285	 5.1919	 1.0000
1950	12	21	724.6533	 191.1968	 5.3616	 1.0000
1950	12	22	740.2490	 194.2923	 5.3334	 1.0000
1950	12	23	749.7222	 195.1887	 5.3522	 1.0000
1950	12	24	756.7412	 194.8252	 5.3683	 1.0000
1950	12	25	764.8437	 196.3439	 5.3977	 1.0000
1950	12	26	771.4419	 197.0957	 5.4065	 1.0000
1950	12	27	779.5204	 199.1711	 5.3939	 1.0000
1950	12	28	783.0951	 198.4298	 5.3957	 1.0000
1950	12	29	785.5943	 197.0402	 5.3835	 1.0000
1950	12	30	786.3647	 195.0070	 5.3010	 1.0000
1950	12	31	798.3203	 198.5676	 5.3195	 1.0000
1951	01	01	821.1102	 206.0329	 5.1457	 1.0000
1951	01	02	859.1675	 221.5541	 5.0923	 1.0000
1951	01	03	869.6912	 223.3560	 5.0242	 1.0000
1951	01	04	872.3022	 221.4469	 5.0357	 1.0000
1951	01	05	873.3697	 219.8440	 5.0339	 1.0000
1951	01	06	873.4395	 217.8900	 5.0432	 1.0000
1951	01	07	874.5438	 217.0688	 4.9853	 1.0000
1951	01	08	875.3961	 216.3582	 4.9793	 1.0000
1951	01	09	879.6266	 218.9530	 4.9824	 1.0000
1951	01	10	884.0085	 220.1456	 4.9465	 1.0000
1951	01	11	884.2445	 217.8952	 4.9162	 1.0000
1951	01	12	912.2320	 233.4836	 5.0717	 1.0000
1951	01	13	949.0924	 250.8000	 4.9682	 1.0000
1951	01	14	996.2817	 269.1438	 4.9916	 1.0000
1951	01	15	1045.9060	 286.9286	 4.8659	 1.0000
1951	01	16	1089.9888	 304.2871	 4.7785	 1.0000
1951	01	17	1106.0285	 304.8494	 4.6467	 1.0000
1951	01	18	1112.6657	 302.7263	 4.6321	 1.0000
1951	01	19	1142.4169	 317.0966	 4.5918	 1.0000
1951	01	20	1184.0570	 334.3295	 4.5385	 1.0000
1951	01	21	1201.1632	 331.4556	 4.3644	 1.0000
1951	01	22	1204.5381	 322.7573	 4.3180	 1.0000
1951	01	23	1217.3310	 321.5189	 4.2836	 1.0000
1951	01	24	1232.0048	 320.0247	 4.7634	 1.0000
1951	01	25	1247.5938	 318.1089	 4.7304	 1.0000
1951	01	26	1252.4310	 315.6706	 4.5971	 1.0000
1951	01	27	1252.3531	 312.8348	 4.5586	 1.0000
1951	01	28	1252.2104	 311.1906	 4.4395	 1.0000
1951	01	29	1252.1901	 309.8022	 4.4432	 1.0000
1951	01	30	1252.1990	 308.4741	 4.4568	 1.0000
1951	01	31	1256.7373	 312.9161	 4.4467	 1.0000
1951	02	01	1289.4367	 350.6434	 4.3816	 1.0000
1951	02	02	1329.9705	 379.7117	 4.2375	 1.0000
1951	02	03	1346.4586	 377.9258	 4.1222	 1.0000
1951	02	04	1346.5502	 366.2175	 4.0554	 1.0000
1951	02	05	1346.5519	 356.6336	 4.0380	 1.0000
1951	02	06	1359.8660	 359.6951	 4.0838	 1.0000
1951	02	07	1398.2110	 371.9452	 4.0474	 1.0000
1951	02	08	1479.6201	 395.1610	 4.4027	 1.0000
1951	02	09	1569.1244	 406.5952	 4.2943	 1.0000
1951	02	10	1607.6011	 401.2855	 4.5684	 1.0000
1951	02	11	1609.8596	 392.8844	 4.5022	 1.0000
1951	02	12	1611.2452	 388.2079	 4.5305	 1.0000
1951	02	13	1611.1822	 384.0672	 4.4806	 1.0000
1951	02	14	1612.1153	 380.9402	 4.3927	 1.0000
1951	02	15	1613.2110	 377.6337	 4.4033	 1.0000
1951	02	16	1613.6302	 374.3014	 4.4257	 1.0000
1951	02	17	1614.1493	 370.7839	 4.4018	 1.0000
1951	02	18	1618.2073	 369.2990	 4.4396	 1.0000
1951	02	19	1632.4606	 373.3490	 4.4238	 1.0000
1951	02	20	1643.1809	 375.5358	 4.4050	 1.0000
1951	02	21	1644.0541	 372.7107	 4.3729	 1.0000
1951	02	22	1643.9525	 369.7148	 4.1614	 1.0000
1951	02	23	1643.8836	 367.3152	 4.1429	 1.0000
1951	02	24	1644.4341	 365.4744	 4.0953	 1.0000
1951	02	25	1644.3793	 363.3272	 4.0085	 1.0000
1951	02	26	1644.3101	 361.4439	 3.9780	 1.0000
1951	02	27	1644.2402	 359.7866	 3.9439	 1.0000
1951	02	28	1644.2087	 358.1948	 3.9415	 1.0000
1951	03	01	1644.1682	 356.6252	 3.9380	 1.0000
1951	03	02	1644.0670	 355.0828	 3.8699	 1.0000
1951	03	03	1681.6582	 384.5708	 3.8674	 1.0000
1951	03	04	1703.7229	 397.0275	 3.6410	 1.0000
1951	03	05	1710.9347	 399.2666	 3.4486	 1.0000
1951	03	06	1715.3979	 399.8252	 3.3808	 1.0000
1951	03	07	1723.4668	 404.4025	 3.3709	 1.0000
1951	03	08	1735.1838	 409.7532	 3.3331	 1.0000
1951	03	09	1739.4215	 408.8556	 3.2128	 1.0000
1951	03	10	1742.6396	 408.3177	 3.1657	 1.0000
1951	03	11	1762.6013	 424.0420	 3.1990	 1.0000
1951	03	12	1781.3365	 430.7037	 3.1883	 1.0000
1951	03	13	1786.2467	 427.1266	 3.2268	 1.0000
1951	03	14	1817.7061	 429.2746	 3.9980	 1.0000
1951	03	15	1849.0707	 434.2960	 4.6106	 1.0000
1951	03	16	1877.0079	 444.4343	 4.4580	 1.0000
1951	03	17	1877.2005	 438.1059	 4.4253	 1.0000
1951	03	18	1877.2216	 432.5975	 4.3597	 1.0000
1951	03	19	1877.0228	 427.1534	 4.3498	 1.0000
1951	03	20	1876.4544	 421.2458	 4.3312	 1.0000
1951	03	21	1878.7612	 416.7919	 4.5138	 1.0000
1951	03	22	1880.0191	 412.5308	 4.4810	 1.0000
1951	03	23	1879.5826	 408.2511	 4.4099	 1.0000
1951	03	24	1878.8832	 404.2156	 4.3671	 1.0000
1951	03	25	1877.9324	 400.3794	 4.2635	 1.0000
1951	03	26	1876.9881	 396.7112	 3.8731	 1.0000
1951	03	27	1876.0007	 393.4630	 3.6262	 1.0000
1951	03	28	1880.5038	 393.0531	 4.0173	 1.0000
1951	03	29	1883.7554	 392.3632	 4.0584	 1.0000
1951	03	30	1883.4564	 390.2306	 3.8719	 1.0000
1951	03	31	1882.8360	 387.8756	 3.6078	 1.0000
1951	04	01	1882.3456	 385.4759	 3.1039	 1.0000
1951	04	02	1881.6503	 383.1601	 2.6631	 1.0000
1951	04	03	1880.2789	 380.5676	 1.7334	 1.0000
1951	04	04	1877.3936	 377.6763	 0.7607	 1.0000
1951	04	05	1873.7798	 374.6588	 0.3498	 1.0000
1951	04	06	1870.0868	 371.7990	 0.0000	 1.0000
1951	04	07	1866.2371	 369.0693	 0.0000	 1.0000
1951	04	08	1861.5961	 366.2420	 0.0000	 1.0000
1951	04	09	1856.7775	 363.5670	 0.0000	 1.0000
1951	04	10	1852.5473	 361.1648	 0.0000	 1.0000
1951	04	11	1847.3954	 358.5799	 0.0000	 1.0000
1951	04	12	1841.0522	 355.7745	 0.0000	 1.0000
1951	04	13	1832.8478	 352.7146	 0.0000	 1.0000
1951	04	14	1825.2574	 349.9328	 0.0000	 1.0000
1951	04	15	1817.3685	 347.1293	 0.0000	 1.0000
1951	04	16	1805.2132	 343.4735	 0.0000	 1.0000
1951	04	17	1792.7636	 339.8175	 0.0000	 1.0000
1951	04	18	1782.7482	 336.7913	 0.0000	 1.0000
1951	04	19	1778.3548	 335.1372	 0.0000	 1.0000
1951	04	20	1774.2500	 333.5762	 0.0000	 1.0000
1951	04	21	1766.8959	 331.3103	 0.0000	 1.0000
1951	04	22	1756.7562	 328.4560	 0.0000	 1.0000
1951	04	23	1746.8397	 325.7030	 0.0000	 1.0000
1951	04	24	1734.9820	 322.5963	 0.0000	 0.9926
1951	04	25	1716.7815	 318.2635	 0.0000	 0.9926
1951	04	26	1707.4509	 315.6421	 0.0223	 0.9880
1951	04	27	1705.8134	 314.7686	 0.5598	 0.9880
1951	04	28	1704.2431	 313.8806	 0.5567	 0.9880
1951	04	29	1700.7401	 312.5000	 0.0684	 0.9880
1951	04	30	1696.3677	 311.0261	 0.0000	 0.9880
1951	05	01	1690.9393	 309.3068	 0.0000	 0.9880
1951	05	02	1681.0023	 306.7803	 0.0000	 0.9880
1951	05	03	1668.7279	 303.8254	 0.0000	 0.9880
1951	05	04	1656.6420	 300.9273	 0.1523	 0.9880
1951	05	05	1646.1768	 298.4236	 0.0734	 0.9880
1951	05	06	1633.6169	 295.4626	 0.0653	 0.9880
1951	05	07	1622.7315	 292.9031	 0.1985	 0.9880
1951	05	08	1607.2110	 289.4359	 0.0451	 0.9880
1951	05	09	1583.7691	 284.5764	 0.0000	 0.9880
1951	05	10	1564.6834	 280.7210	 0.2794	 0.9880
1951	05	11	1550.9656	 278.5514	 0.8373	 0.9880
1951	05	12	1547.2768	 277.6475	 0.4323	 0.9163
1951	05	13	1536.4327	 275.1469	 0.0000	 0.9163
1951	05	14	1519.7881	 271.6034	 0.0000	 0.9163
1951	05	15	1494.7455	 266.5811	 0.0000	 0.9163
1951	05	16	1470.8788	 261.7965	 0.0000	 0.9163
1951	05	17	1451.5661	 257.8882	 0.0000	 0.7950
1951	05	18	1439.9032	 255.3850	 0.0000	 0.7950
1951	05	19	1424.5832	 252.2663	 0.0000	 0.7950
1951	05	20	1407.7224	 248.8805	 0.0000	 0.7950
1951	05	21	1386.1133	 244.6744	 0.0000	 0.7950
1951	05	22	1363.2822	 240.2666	 0.0000	 0.7950
1951	05	23	1345.3205	 236.7439	 0.3827	 0.7950
1951	05	24	1345.1183	 236.6339	 0.4935	 0.7950
1951	05	25	1341.7374	 235.8418	 0.2966	 0.7878
1951	05	26	1328.0087	 233.2256	 0.0000	 0.7878
1951	05	27	1317.7349	 231.1055	 0.0000	 0.7878
1951	05	28	1313.3965	 230.0526	 0.0000	 0.7878
1951	05	29	1306.8373	 228.6284	 0.0000	 0.7833
1951	05	30	1299.4975	 227.0756	 0.0000	 0.7833
1951	05	31	1289.3546	 225.0354	 0.0000	 0.7833
1951	06	01	1274.9042	 222.2335	 0.0000	 0.7833
1951	06	02	1251.3065	 217.8452	 0.0000	 0.7833
1951	06	03	1234.7235	 214.6947	 0.0468	 0.7833
1951	06	04	1223.2519	 212.5909	 0.1617	 0.7833
1951	06	05	1215.0643	 210.9854	 0.2563	 0.7833
1951	06	06	1206.5074	 209.3909	 0.2376	 0.7833
1951	06	07	1197.6881	 207.6249	 0.1694	 0.7833
1951	06	08	1186.3620	 205.4534	 0.0079	 0.7833
1951	06	09	1161.0985	 200.8557	 0.0000	 0.7833
1951	06	10	1140.0627	 196.9980	 0.0000	 0.7833
1951	06	11	1119.3065	 193.1978	 0.0000	 0.7833
1951	06	12	1099.0872	 189.5003	 0.0000	 0.7833
1951	06	13	1079.1610	 185.8639	 0.0000	 0.7833
1951	06	14	1056.4385	 181.7555	 0.0000	 0.7833
1951	06	15	1036.5123	 178.1389	 0.0000	 0.7762
1951	06	16	1017.5776	 174.7063	 0.0000	 0.7762
1951	06	17	997.5538	 171.0964	 0.0000	 0.7717
1951	06	18	979.0637	 167.7595	 0.0000	 0.7717
1951	06	19	961.2211	 164.5424	 0.0000	 0.7717
1951	06	20	944.0394	 161.4466	 0.0000	 0.7717
1951	06	21	920.6016	 157.2854	 0.0000	 0.7717
1951	06	22	896.3868	 152.9989	 0.0000	 0.7717
1951	06	23	874.1318	 149.0504	 0.0000	 0.7717
1951	06	24	855.5860	 145.7501	 0.0000	 0.7645
1951	06	25	825.2747	 140.4498	 0.0000	 0.7600
1951	06	26	803.7570	 136.6618	 0.0000	 0.7600
1951	06	27	781.9766	 132.8354	 0.0000	 0.7600
1951	06	28	759.8577	 128.9564	 0.0000	 0.7600
1951	06	29	737.9351	 125.1172	 0.0000	 0.7600
1951	06	30	709.3911	 120.1580	 0.0000	 0.7530
1951	07	01	686.0493	 116.0957	 0.0000	 0.7487
1951	07	02	663.6397	 112.2000	 0.0000	 0.6787
1951	07	03	645.3530	 109.0380	 0.0000	 0.5603
1951	07	04	636.1619	 107.4217	 0.0664	 0.5717
1951	07	05	631.0299	 106.5700	 0.0644	 0.5833
1951	07	06	622.2903	 105.0818	 0.0715	 0.5833
1951	07	07	611.9017	 103.2784	 0.0000	 0.5603
1951	07	08	600.3374	 101.2671	 0.0000	 0.5603
1951	07	09	587.6718	 99.0729	 0.0000	 0.5603
1951	07	10	578.0573	 97.4005	 0.0000	 0.5603
1951	07	11	566.0601	 95.3247	 0.0000	 0.5603
1951	07	12	551.4147	 92.8060	 0.0000	 0.5603
1951	07	13	532.3877	 89.5529	 0.0000	 0.5603
1951	07	14	514.8761	 86.5591	 0.0000	 0.5603
1951	07	15	498.2934	 83.7256	 0.0000	 0.5603
1951	07	16	481.3510	 80.8351	 0.0000	 0.5603
1951	07	17	462.2673	 77.5876	 0.0000	 0.5603
1951	07	18	444.3878	 74.5461	 0.0000	 0.5603
1951	07	19	431.0945	 72.2789	 0.0000	 0.5603
1951	07	20	418.4430	 70.1212	 0.0000	 0.5603
1951	07	21	403.2806	 67.5443	 0.0000	 0.5603
1951	07	22	384.0815	 64.2922	 0.0000	 0.5603
1951	07	23	364.1169	 60.9143	 0.0000	 0.5603
1951	07	24	346.2720	 57.8947	 0.0000	 0.5603
1951	07	25	330.0594	 55.1514	 0.0000	 0.5603
1951	07	26	312.2195	 52.1373	 0.0000	 0.5603
1951	07	27	296.7093	 49.5182	 0.0000	 0.4419
1951	07	28	284.7375	 47.5014	 0.0000	 0.3720
1951	07	29	273.6306	 45.6331	 0.0000	 0.3720
1951	07	30	262.4680	 43.7572	 0.0000	 0.3720
1951	07	31	251.5911	 41.9306	 0.0000	 0.3720
1951	08	01	240.2257	 40.0240	 0.0000	 0.3720
1951	08	02	228.3477	 38.0335	 0.0000	 0.3720
1951	08	03	216.5376	 36.0557	 0.0000	 0.3720
1951	08	04	206.1187	 34.3111	 0.0000	 0.3720
1951	08	05	196.8149	 32.7532	 0.0000	 0.3720
1951	08	06	186.9454	 31.1021	 0.0000	 0.3720
1951	08	07	178.5441	 29.6985	 0.0000	 0.3720
1951	08	08	168.7547	 28.0622	 0.0000	 0.3720
1951	08	09	158.2960	 26.3155	 0.0000	 0.3720
1951	08	10	148.4049	 24.6646	 0.0000	 0.3720
1951	08	11	138.8626	 23.0718	 0.0000	 0.3720
1951	08	12	129.5714	 21.5215	 0.0000	 0.3720
1951	08	13	119.6643	 19.8693	 0.0000	 0.3720
1951	08	14	107.8343	 17.8980	 0.0000	 0.3720
1951	08	15	96.7307	 16.0480	 0.0000	 0.3720
1951	08	16	89.5779	 14.8571	 0.0000	 0.2536
1951	08	17	84.0696	 13.9405	 0.0000	 0.1836
1951	08	18	79.5689	 13.1919	 0.0000	 0.1836
1951	08	19	75.5110	 12.5172	 0.0000	 0.1836
1951	08	20	71.3789	 11.8304	 0.0000	 0.1836
1951	08	21	65.6012	 10.8713	 0.0000	 0.1836
1951	08	22	61.0217	 10.1111	 0.0000	 0.1836
1951	08	23	57.9041	 9.5933	 0.0000	 0.1836
1951	08	24	55.4948	 9.1931	 0.0000	 0.1836
1951	08	25	52.0849	 8.6273	 0.0000	 0.1836
1951	08	26	48.0704	 7.9615	 0.0000	 0.1836
1951	08	27	46.2761	 7.7358	 0.0000	 0.1836
1951	08	28	45.6199	 7.7802	 0.1086	 0.1950
1951	08	29	45.4674	 7.9051	 0.0158	 0.1950
1951	08	30	44.4563	 7.7683	 0.0670	 0.1950
1951	08	31	42.5836	 7.4650	 0.0131	 0.1950
1951	09	01	39.5654	 6.9386	 0.0000	 0.1836
1951	09	02	37.5114	 6.5799	 0.0000	 0.1836
1951	09	03	35.8746	 6.2918	 0.0000	 0.1836
1951	09	04	34.1007	 5.9797	 0.0000	 0.1836
1951	09	05	32.0146	 5.6131	 0.0000	 0.1836
1951	09	06	29.7432	 5.2598	 0.0000	 0.1836
1951	09	07	26.5754	 4.6986	 0.0000	 0.1836
1951	09	08	24.4860	 4.3388	 0.0489	 0.1950
1951	09	09	22.1396	 3.9361	 0.0083	 0.1836
1951	09	10	21.4391	 3.8184	 0.0000	 0.1836
1951	09	11	20.6235	 3.6801	 0.0174	 0.1836
1951	09	12	18.7380	 3.3471	 0.0000	 0.1836
1951	09	13	17.0125	 3.0380	 0.0000	 0.1836
1951	09	14	15.1157	 2.6984	 0.0000	 0.1836
1951	09	15	13.1949	 2.3546	 0.0000	 0.1836
1951	09	16	10.7007	 1.9083	 0.0000	 0.1836
1951	09	17	7.4659	 1.3298	 0.0000	 0.1836
1951	09	18	3.9537	 0.7016	 0.0000	 0.1836
1951	09	19	2.1863	 0.3866	 0.0000	 0.0682
1951	09	20	1.2358	 0.2185	 0.0000	 0.0682
1951	09	21	0.1033	 0.0183	 0.0000	 0.0682
1951	09	22	0.0000	 0.0000	 0.0000	 0.0000
1951	09	23	0.0000	 0.0000	 0.0000	 0.0000
1951	09	24	0.0000	 0.0000	 0.0000	 0.0000
1951	09	25	0.0107	 0.0091	 0.4695	 0.1995
1951	09	26	0.0002	 0.0002	 0.0924	 0.0159
1951	09	27	0.2338	 0.1736	 0.2192	 0.3950
1951	09	28	0.7642	 0.4487	 0.2174	 0.3950
1951	09	29	1.0877	 0.5637	 0.0214	 0.1950
1951	09	30	0.5331	 0.2596	 0.0000	 0.1836
1951	10	01	0.0000	 0.0000	 0.0000	 0.0000
1951	10	02	0.0013	 0.0009	 0.0266	 0.0114
1951	10	03	0.0481	 0.0337	 0.0399	 0.1950
1951	10	04	0.0000	 0.0000	 0.0111	 0.0000
1951	10	05	0.0038	 0.0024	 0.0046	 0.0114
1951	10	06	0.0000	 0.0000	 0.0002	 0.0000
1951	10	07	0.0011	 0.0009	 0.0174	 0.1950
1951	10	08	0.0000	 0.0000	 0.0000	 0.0000
1951	10	09	0.0000	 0.0000	 0.0000	 0.0000
1951	10	10	0.0000	 0.0000	 0.0000	 0.0000
1951	10	11	0.0055	 0.0037	 0.0449	 0.1950
1951	10	12	0.0027	 0.0020	 0.1381	 0.1950
1951	10	13	0.6504	 0.4015	 0.4946	 0.4067
1951	10	14	2.6710	 1.7186	 1.1743	 0.6067
1951	10	15	7.6593	 4.6853	 2.0310	 0.7950
1951	10	16	10.8084	 6.4107	 2.3647	 0.7950
1951	10	17	19.5699	 11.2115	 3.0825	 1.0000
1951	10	18	39.2782	 18.9264	 3.3360	 0.8070
1951	10	19	60.6274	 26.8436	 3.2465	 0.8070
1951	10	20	68.4493	 28.0294	 3.3673	 0.7950
1951	10	21	68.4048	 26.7702	 3.2400	 0.7950
1951	10	22	90.0730	 35.2090	 4.3849	 0.9283
1951	10	23	100.4253	 38.5897	 5.1556	 1.0000
1951	10	24	100.4493	 37.1081	 5.1688	 0.9283
1951	10	25	100.4466	 36.1360	 5.1295	 0.8070
1951	10	26	100.4319	 35.3948	 5.0988	 0.8070
1951	10	27	100.4244	 34.7233	 5.0308	 0.7950
1951	10	28	104.0222	 35.5029	 4.7899	 0.7950
1951	10	29	105.0503	 35.3282	 4.6358	 0.7950
1951	10	30	105.0238	 34.8532	 4.5827	 0.7950
1951	10	31	105.0216	 34.4939	 4.5886	 0.7950
1951	11	01	105.4100	 34.6632	 4.2150	 0.7950
1951	11	02	113.7189	 41.2238	 4.6437	 1.0000
1951	11	03	124.2579	 47.0274	 5.3529	 1.0000
1951	11	04	123.8564	 45.0139	 5.1628	 1.0000
1951	11	05	123.6653	 43.6485	 5.1670	 0.9283
1951	11	06	123.5627	 42.5058	 5.1343	 0.9163
1951	11	07	123.4442	 41.5534	 5.1325	 0.9163
1951	11	08	123.6564	 40.8825	 5.0128	 0.7950
1951	11	09	131.1671	 43.6175	 5.2389	 0.9163
1951	11	10	148.7184	 50.2608	 5.2854	 0.9880
1951	11	11	167.8430	 57.9092	 5.4733	 0.9926
1951	11	12	180.5471	 62.3325	 5.4508	 1.0000
1951	11	13	186.9080	 63.3127	 5.5166	 1.0000
1951	11	14	187.6440	 61.9746	 5.4907	 1.0000
1951	11	15	187.6397	 60.8067	 5.5124	 1.0000
1951	11	16	187.6513	 59.9179	 5.4603	 1.0000
1951	11	17	187.6364	 59.0809	 5.3637	 0.9926
1951	11	18	187.6553	 58.3469	 5.3091	 0.9926
1951	11	19	187.6839	 57.6126	 5.2258	 0.9926
1951	11	20	188.0121	 57.1748	 5.2257	 0.9926
1951	11	21	188.1906	 56.6833	 5.2361	 0.9926
1951	11	22	188.2274	 56.2155	 5.2525	 0.9926
1951	11	23	188.2757	 55.8129	 5.2735	 0.9926
1951	11	24	192.1799	 58.6323	 5.3081	 0.9926
1951	11	25	218.9120	 76.0702	 5.1786	 1.0000
1951	11	26	240.7553	 85.2502	 5.3908	 1.0000
1951	11	27	257.7477	 91.7845	 5.3768	 1.0000
1951	11	28	287.9888	 101.7319	 5.3584	 1.0000
1951	11	29	317.7862	 110.1366	 5.3066	 1.0000
1951	11	30	338.0509	 114.5449	 5.2489	 1.0000
1951	12	01	347.2366	 113.7384	 5.0612	 1.0000
1951	12	02	354.4055	 114.2071	 5.0915	 1.0000
1951	12	03	371.0535	 120.0720	 5.0196	 1.0000
1951	12	04	378.7230	 120.6577	 4.9291	 1.0000
1951	12	05	380.3372	 117.8458	 4.7213	 1.0000
1951	12	06	380.2832	 115.2089	 4.6602	 1.0000
1951	12	07	380.2926	 113.5890	 4.6807	 1.0000
1951	12	08	380.3400	 112.0935	 4.6738	 1.0000
1951	12	09	380.4226	 110.7943	 4.6972	 1.0000
1951	12	10	380.4977	 109.4657	 4.7201	 1.0000
1951	12	11	380.5990	 108.0719	 4.7337	 1.0000
1951	12	12	380.6564	 106.6472	 4.7230	 1.0000
1951	12	13	380.6885	 105.5779	 4.7289	 1.0000
1951	12	14	382.4351	 106.5298	 4.7266	 1.0000
1951	12	15	388.9444	 111.6249	 4.6735	 1.0000
1951	12	16	392.5303	 113.1864	 4.5989	 1.0000
1951	12	17	409.3702	 124.5539	 4.6883	 1.0000
1951	12	18	426.3038	 135.8997	 4.4581	 1.0000
1951	12	19	427.2765	 133.2468	 4.4082	 1.0000
1951	12	20	440.3254	 145.6534	 4.3740	 1.0000
1951	12	21	463.4759	 166.9275	 4.3252	 1.0000
1951	12	22	468.9907	 164.5122	 4.1373	 1.0000
1951	12	23	468.9560	 159.8676	 4.1444	 1.0000
1951	12	24	468.9684	 156.6326	 4.1620	 1.0000
1951	12	25	471.4608	 156.1004	 4.1476	 1.0000
1951	12	26	477.6953	 160.0486	 4.0901	 1.0000
1951	12	27	479.4120	 158.0955	 4.0863	 1.0000
1951	12	28	482.7325	 157.5323	 4.0988	 1.0000
1951	12	29	499.1913	 166.4598	 3.9272	 1.0000
1951	12	30	500.3747	 163.2569	 3.9197	 1.0000
1951	12	31	501.0076	 161.2454	 3.9212	 1.0000
