1949	01	01	729.1059	 225.2629	 2.8769	 1.0000
1949	01	02	729.1153	 221.6685	 2.7617	 1.0000
1949	01	03	729.1011	 219.2812	 2.7641	 1.0000
1949	01	04	729.0983	 216.9431	 2.7783	 1.0000
1949	01	05	733.6727	 220.0143	 2.9076	 1.0000
1949	01	06	742.2957	 225.6128	 2.9217	 1.0000
1949	01	07	744.9732	 222.6331	 2.7287	 1.0000
1949	01	08	745.6835	 220.5197	 2.7158	 1.0000
1949	01	09	745.7568	 218.6981	 2.6327	 1.0000
1949	01	10	745.7555	 217.1639	 2.6364	 1.0000
1949	01	11	745.7575	 215.5994	 2.6482	 1.0000
1949	01	12	745.7636	 213.7306	 2.6742	 1.0000
1949	01	13	745.9914	 211.7086	 2.7125	 1.0000
1949	01	14	746.2270	 209.4139	 2.7329	 1.0000
1949	01	15	746.2841	 206.8376	 2.6893	 1.0000
1949	01	16	747.1484	 205.8784	 2.7451	 1.0000
1949	01	17	748.0573	 204.8492	 2.7387	 1.0000
1949	01	18	748.0931	 203.4459	 2.6457	 1.0000
1949	01	19	748.0832	 202.2338	 2.6471	 1.0000
1949	01	20	750.2028	 204.0414	 2.7618	 1.0000
1949	01	21	751.5924	 204.6298	 2.7518	 1.0000
1949	01	22	751.6006	 203.3786	 2.6495	 1.0000
1949	01	23	751.5222	 202.4128	 2.6321	 1.0000
1949	01	24	751.8536	 201.7811	 2.6646	 1.0000
1949	01	25	755.3349	 205.4688	 2.7588	 1.0000
1949	01	26	758.8109	 208.6873	 2.7647	 1.0000
1949	01	27	758.8969	 207.1435	 2.6786	 1.0000
1949	01	28	758.8991	 205.5674	 2.6921	 1.0000
1949	01	29	758.9757	 203.8571	 2.6790	 1.0000
1949	01	30	758.9529	 202.2850	 2.6704	 1.0000
1949	01	31	758.9385	 201.0245	 2.6760	 1.0000
1949	02	01	758.9532	 199.6485	 2.6510	 1.0000
1949	02	02	761.8165	 201.9464	 2.7282	 1.0000
1949	02	03	767.7021	 207.6564	 2.7378	 1.0000
1949	02	04	770.6894	 208.9934	 2.6835	 1.0000
1949	02	05	789.4569	 229.7885	 2.6988	 1.0000
1949	02	06	802.1076	 240.1273	 2.6456	 1.0000
1949	02	07	817.0749	 249.6656	 2.5856	 1.0000
1949	02	08	832.1654	 255.3217	 2.5391	 1.0000
1949	02	09	868.5333	 272.7843	 2.5341	 1.0000
1949	02	10	890.3135	 278.1219	 2.3977	 1.0000
1949	02	11	890.9236	 272.0230	 2.3591	 1.0000
1949	02	12	890.9278	 266.3791	 2.2651	 1.0000
1949	02	13	901.8078	 275.7210	 2.3721	 1.0000
1949	02	14	913.3101	 281.0385	 2.3234	 1.0000
1949	02	15	1125.1328	 380.7113	 2.2810	 1.0000
1949	02	16	1302.4003	 401.6002	 2.2215	 1.0000
1949	02	17	1337.9808	 390.0857	 2.1312	 1.0000
1949	02	18	1352.7730	 384.7312	 2.0864	 1.0000
1949	02	19	1372.5120	 391.5740	 2.0896	 1.0000
1949	02	20	1402.6976	 402.8780	 2.0819	 1.0000
1949	02	21	1454.3749	 423.4424	 2.0864	 1.0000
1949	02	22	1478.5321	 414.1951	 2.0753	 1.0000
1949	02	23	1480.0670	 397.5053	 2.0651	 1.0000
1949	02	24	1479.9824	 384.7081	 1.9649	 1.0000
1949	02	25	1479.8407	 376.1831	 1.9509	 1.0000
1949	02	26	1479.6136	 369.8888	 1.8833	 1.0000
1949	02	27	1479.3918	 364.5746	 1.8306	 1.0000
1949	02	28	1479.3266	 360.0519	 1.6098	 1.0000
1949	03	01	1479.1425	 355.7063	 1.5934	 1.0000
1949	03	02	1478.8876	 351.1803	 1.5856	 1.0000
1949	03	03	1478.5986	 346.6042	 1.5732	 1.0000
1949	03	04	1478.5311	 342.5594	 1.5778	 1.0000
1949	03	05	1478.3857	 338.3054	 1.5817	 1.0000
1949	03	06	1478.1766	 334.6456	 1.5823	 1.0000
1949	03	07	1478.3156	 331.5931	 1.6131	 1.0000
1949	03	08	1484.3041	 331.7614	 2.1756	 1.0000
1949	03	09	1484.1907	 329.6408	 1.8970	 1.0000
1949	03	10	1483.8493	 327.9011	 1.7937	 1.0000
1949	03	11	1488.7593	 329.1968	 2.0298	 1.0000
1949	03	12	1505.5647	 335.4574	 2.0308	 1.0000
1949	03	13	1512.6617	 336.7985	 2.0205	 1.0000
1949	03	14	1516.8291	 336.7137	 1.9560	 1.0000
1949	03	15	1531.3425	 343.4001	 1.9510	 1.0000
1949	03	16	1546.0633	 347.9321	 1.9498	 1.0000
1949	03	17	1553.1085	 347.9122	 1.9169	 1.0000
1949	03	18	1577.8217	 354.8470	 2.4051	 1.0000
1949	03	19	1593.6507	 358.2040	 2.3453	 1.0000
1949	03	20	1597.7170	 356.8067	 2.4738	 1.0000
1949	03	21	1599.1340	 354.3789	 2.5438	 1.0000
1949	03	22	1598.9833	 351.7515	 2.3778	 1.0000
1949	03	23	1598.7205	 349.2140	 2.2585	 1.0000
1949	03	24	1598.3693	 346.6176	 2.1148	 1.0000
1949	03	25	1604.9497	 347.2152	 2.4905	 1.0000
1949	03	26	1614.8027	 350.4573	 2.4085	 1.0000
1949	03	27	1616.5793	 349.8164	 2.2109	 1.0000
1949	03	28	1616.4852	 347.8619	 2.0511	 1.0000
1949	03	29	1616.3749	 345.6067	 2.0369	 1.0000
1949	03	30	1616.5327	 343.5821	 2.0017	 1.0000
1949	03	31	1616.4289	 341.7117	 1.9142	 1.0000
1949	04	01	1616.3492	 339.8288	 1.8970	 1.0000
1949	04	02	1616.0321	 337.7467	 1.5449	 1.0000
1949	04	03	1616.0671	 335.8315	 1.2850	 1.0000
1949	04	04	1616.4823	 333.7920	 0.4361	 1.0000
1949	04	05	1615.5846	 331.6658	 0.3683	 1.0000
1949	04	06	1615.1817	 329.8029	 0.2723	 1.0000
1949	04	07	1615.1510	 327.9885	 0.0000	 1.0000
1949	04	08	1614.1735	 326.0573	 0.0000	 1.0000
1949	04	09	1613.6580	 324.3792	 0.0000	 1.0000
1949	04	10	1611.7398	 322.4385	 0.0000	 1.0000
1949	04	11	1609.2799	 320.4077	 0.0000	 1.0000
1949	04	12	1605.9689	 318.3581	 0.0000	 1.0000
1949	04	13	1601.9837	 316.1811	 0.0000	 1.0000
1949	04	14	1596.9837	 314.0274	 0.0000	 1.0000
1949	04	15	1591.0615	 311.6771	 0.0000	 1.0000
1949	04	16	1581.4428	 308.5774	 0.0000	 1.0000
1949	04	17	1579.3504	 307.0218	 0.0043	 1.0000
1949	04	18	1575.6194	 305.1594	 0.0000	 1.0000
1949	04	19	1569.3360	 302.8382	 0.1685	 1.0000
1949	04	20	1572.9391	 303.2373	 0.9809	 1.0000
1949	04	21	1576.7172	 303.7849	 0.9804	 1.0000
1949	04	22	1581.0713	 304.8631	 0.9989	 1.0000
1949	04	23	1586.5949	 306.2398	 1.1387	 1.0000
1949	04	24	1587.3343	 305.6664	 0.5730	 1.0000
1949	04	25	1584.0514	 304.1715	 0.0000	 1.0000
1949	04	26	1576.5436	 301.8045	 0.0000	 1.0000
1949	04	27	1568.2738	 299.2862	 0.0102	 1.0000
1949	04	28	1558.9304	 296.5907	 0.0000	 1.0000
1949	04	29	1556.4217	 295.2972	 0.0168	 1.0000
1949	04	30	1568.3645	 298.7989	 1.7766	 1.0000
1949	05	01	1580.1772	 302.3714	 3.1248	 1.0000
1949	05	02	1581.1634	 301.7816	 1.3507	 1.0000
1949	05	03	1580.2389	 300.8876	 0.8996	 1.0000
1949	05	04	1576.6043	 299.5154	 0.4795	 1.0000
1949	05	05	1566.6499	 296.8173	 0.0000	 1.0000
1949	05	06	1552.8409	 293.3863	 0.0000	 1.0000
1949	05	07	1533.6905	 288.9631	 0.0000	 1.0000
1949	05	08	1510.8749	 283.8970	 0.0000	 1.0000
1949	05	09	1483.1335	 277.9567	 0.0000	 1.0000
1949	05	10	1452.6572	 271.5616	 0.0000	 1.0000
1949	05	11	1419.1784	 264.6661	 0.0000	 1.0000
1949	05	12	1383.6704	 257.4479	 0.0000	 1.0000
1949	05	13	1349.4487	 250.5235	 0.0000	 1.0000
1949	05	14	1314.5104	 243.5197	 0.0000	 1.0000
1949	05	15	1279.3073	 236.5003	 0.0000	 1.0000
1949	05	16	1246.9243	 230.0302	 0.0000	 1.0000
1949	05	17	1236.9261	 227.7778	 0.1346	 1.0000
1949	05	18	1225.2281	 225.2685	 0.0000	 1.0000
1949	05	19	1214.5813	 222.9464	 0.0173	 1.0000
1949	05	20	1204.2543	 220.7553	 0.0000	 1.0000
1949	05	21	1184.1666	 216.7003	 0.0000	 1.0000
1949	05	22	1164.3493	 212.7102	 0.0000	 1.0000
1949	05	23	1140.6756	 208.0402	 0.0000	 1.0000
1949	05	24	1117.5855	 203.4991	 0.0000	 1.0000
1949	05	25	1086.4905	 197.5265	 0.0000	 1.0000
1949	05	26	1058.9700	 192.2192	 0.0000	 1.0000
1949	05	27	1029.5797	 186.5891	 0.0000	 0.9895
1949	05	28	1007.4414	 182.2982	 0.0000	 0.9895
1949	05	29	988.2712	 178.5809	 0.0000	 0.9760
1949	05	30	967.4907	 174.5839	 0.0000	 0.9401
1949	05	31	951.6010	 171.5003	 0.0462	 0.9401
1949	06	01	936.1711	 168.4958	 0.0000	 0.9401
1949	06	02	916.2021	 164.6777	 0.0000	 0.9401
1949	06	03	896.2398	 160.8834	 0.0000	 0.9294
1949	06	04	867.9423	 155.5942	 0.0000	 0.9156
1949	06	05	841.1103	 150.5896	 0.0000	 0.8789
1949	06	06	806.7952	 144.2757	 0.0000	 0.8789
1949	06	07	781.3184	 139.5510	 0.0000	 0.8789
1949	06	08	759.1135	 135.4300	 0.0000	 0.8789
1949	06	09	732.3708	 130.5079	 0.0000	 0.8789
1949	06	10	707.5637	 125.9442	 0.0000	 0.8690
1949	06	11	686.8233	 122.1198	 0.0000	 0.8562
1949	06	12	669.5849	 118.9422	 0.0000	 0.8222
1949	06	13	649.0839	 115.1942	 0.0000	 0.8222
1949	06	14	627.7363	 111.3029	 0.0000	 0.8222
1949	06	15	610.7611	 108.2009	 0.0000	 0.8222
1949	06	16	606.4810	 107.4599	 0.5218	 0.8789
1949	06	17	603.5662	 106.9714	 0.2852	 0.8789
1949	06	18	596.6652	 105.8050	 0.0000	 0.8222
1949	06	19	584.5763	 103.5767	 0.0000	 0.8222
1949	06	20	566.0519	 100.2024	 0.0000	 0.8222
1949	06	21	550.4743	 97.3574	 0.0000	 0.8222
1949	06	22	531.8398	 93.9751	 0.0000	 0.8222
1949	06	23	515.1818	 90.9470	 0.0000	 0.8222
1949	06	24	500.1322	 88.2111	 0.0000	 0.8222
1949	06	25	489.0762	 86.1897	 0.0000	 0.8222
1949	06	26	478.5538	 84.2632	 0.0000	 0.8222
1949	06	27	466.3742	 82.0517	 0.0000	 0.8222
1949	06	28	459.7033	 80.8225	 0.0014	 0.8222
1949	06	29	451.1538	 79.2533	 0.0000	 0.8222
1949	06	30	436.5141	 76.6111	 0.0000	 0.8222
1949	07	01	422.5290	 74.0849	 0.0000	 0.8222
1949	07	02	405.7240	 71.0657	 0.0000	 0.6575
1949	07	03	391.6419	 68.5407	 0.0000	 0.5451
1949	07	04	377.2983	 65.9824	 0.0000	 0.5451
1949	07	05	364.1723	 63.6418	 0.0000	 0.5451
1949	07	06	352.0362	 61.4784	 0.0000	 0.5451
1949	07	07	338.2445	 59.0280	 0.0000	 0.5451
1949	07	08	324.5156	 56.5913	 0.0000	 0.5451
1949	07	09	307.7273	 53.6214	 0.0000	 0.5451
1949	07	10	289.7101	 50.4407	 0.0000	 0.5451
1949	07	11	272.5767	 47.4183	 0.0000	 0.5451
1949	07	12	255.4235	 44.3955	 0.0000	 0.5451
1949	07	13	236.6131	 41.0859	 0.0000	 0.5451
1949	07	14	216.9007	 37.6215	 0.0000	 0.5451
1949	07	15	199.8347	 34.6225	 0.0000	 0.5451
1949	07	16	190.4573	 32.9773	 0.0000	 0.5451
1949	07	17	180.1499	 31.2569	 0.0000	 0.5451
1949	07	18	170.0521	 29.4901	 0.0000	 0.3770
1949	07	19	164.2945	 28.4676	 0.0000	 0.3770
1949	07	20	157.7242	 27.3039	 0.0000	 0.3770
1949	07	21	148.5479	 25.6956	 0.0000	 0.2623
1949	07	22	142.5298	 24.6459	 0.0000	 0.2623
1949	07	23	136.7911	 23.6456	 0.0000	 0.2623
1949	07	24	132.7496	 22.9395	 0.0000	 0.2623
1949	07	25	129.6487	 22.3979	 0.0000	 0.2623
1949	07	26	125.4725	 21.6698	 0.0000	 0.2623
1949	07	27	120.5332	 20.8106	 0.0000	 0.2623
1949	07	28	115.5652	 19.9472	 0.0000	 0.2623
1949	07	29	109.6016	 18.9128	 0.0000	 0.2623
1949	07	30	101.4762	 17.5061	 0.0000	 0.2623
1949	07	31	92.5182	 15.9569	 0.0000	 0.2623
1949	08	01	83.7850	 14.4474	 0.0000	 0.2623
1949	08	02	76.4083	 13.1727	 0.0000	 0.2623
1949	08	03	69.3393	 11.9518	 0.0000	 0.2623
1949	08	04	62.9342	 10.8458	 0.0000	 0.2623
1949	08	05	58.8270	 10.1545	 0.0000	 0.2623
1949	08	06	52.8560	 9.1223	 0.0000	 0.2623
1949	08	07	50.3810	 8.7518	 0.0000	 0.2623
1949	08	08	46.3739	 8.0863	 0.0000	 0.2623
1949	08	09	42.9222	 7.4876	 0.0000	 0.2623
1949	08	10	38.1801	 6.6589	 0.0000	 0.2623
1949	08	11	32.3117	 5.6338	 0.0000	 0.2623
1949	08	12	28.2260	 4.9202	 0.0000	 0.2623
1949	08	13	24.5976	 4.2864	 0.0000	 0.2623
1949	08	14	20.4821	 3.5675	 0.0000	 0.2623
1949	08	15	14.6740	 2.5534	 0.0000	 0.2623
1949	08	16	9.2575	 1.6080	 0.0000	 0.2623
1949	08	17	7.1140	 1.2352	 0.0000	 0.1063
1949	08	18	4.8997	 0.8507	 0.0000	 0.1063
1949	08	19	2.6504	 0.4602	 0.0000	 0.1063
1949	08	20	0.3082	 0.0535	 0.0000	 0.1063
1949	08	21	0.0000	 0.0000	 0.0000	 0.0000
1949	08	22	0.0000	 0.0000	 0.0000	 0.0000
1949	08	23	0.0000	 0.0000	 0.0000	 0.0000
1949	08	24	0.0000	 0.0000	 0.0000	 0.0000
1949	08	25	0.0000	 0.0000	 0.0071	 0.0000
1949	08	26	0.0000	 0.0000	 0.0000	 0.0000
1949	08	27	0.0000	 0.0000	 0.0000	 0.0000
1949	08	28	0.0000	 0.0000	 0.0000	 0.0000
1949	08	29	0.0000	 0.0000	 0.0000	 0.0000
1949	08	30	0.0000	 0.0000	 0.0000	 0.0000
1949	08	31	0.0000	 0.0000	 0.0000	 0.0000
1949	09	01	0.0000	 0.0000	 0.0000	 0.0000
1949	09	02	0.0000	 0.0000	 0.0000	 0.0000
1949	09	03	0.0000	 0.0000	 0.0000	 0.0000
1949	09	04	0.0000	 0.0000	 0.0000	 0.0000
1949	09	05	0.0000	 0.0000	 0.0000	 0.0000
1949	09	06	0.0000	 0.0000	 0.0000	 0.0000
1949	09	07	0.0000	 0.0000	 0.0000	 0.0000
1949	09	08	0.0000	 0.0000	 0.0000	 0.0000
1949	09	09	0.0000	 0.0000	 0.0000	 0.0000
1949	09	10	0.0000	 0.0000	 0.0039	 0.0000
1949	09	11	0.0000	 0.0000	 0.0000	 0.0000
1949	09	12	0.0000	 0.0000	 0.0000	 0.0000
1949	09	13	0.1664	 0.1223	 0.2168	 0.3802
1949	09	14	3.5154	 1.9022	 0.0579	 0.6630
1949	09	15	4.1290	 2.0463	 0.9571	 0.6630
1949	09	16	3.7989	 1.8331	 0.0754	 0.3190
1949	09	17	1.8777	 0.8843	 0.0733	 0.3190
1949	09	18	0.8628	 0.4166	 0.0228	 0.3190
1949	09	19	0.0075	 0.0064	 0.2674	 0.2242
1949	09	20	0.0000	 0.0000	 0.0000	 0.0000
1949	09	21	0.0000	 0.0000	 0.0000	 0.0000
1949	09	22	0.0000	 0.0000	 0.0000	 0.0000
1949	09	23	0.0000	 0.0000	 0.0000	 0.0000
1949	09	24	0.0000	 0.0000	 0.0000	 0.0000
1949	09	25	0.0000	 0.0000	 0.0000	 0.0000
1949	09	26	0.0000	 0.0000	 0.0000	 0.0000
1949	09	27	0.0000	 0.0000	 0.0000	 0.0000
1949	09	28	0.0000	 0.0000	 0.0000	 0.0000
1949	09	29	0.0000	 0.0000	 0.0000	 0.0000
1949	09	30	0.0000	 0.0000	 0.0000	 0.0000
1949	10	01	0.0000	 0.0000	 0.0000	 0.0000
1949	10	02	0.0000	 0.0000	 0.0000	 0.0000
1949	10	03	0.0105	 0.0070	 0.0485	 0.0567
1949	10	04	0.3598	 0.3004	 0.3777	 0.5483
1949	10	05	0.5582	 0.4645	 0.5836	 0.4872
1949	10	06	0.7033	 0.5547	 0.5170	 0.3190
1949	10	07	0.6715	 0.5293	 0.3847	 0.2963
1949	10	08	6.3727	 4.7970	 1.8998	 1.0000
1949	10	09	10.0455	 5.9265	 2.0617	 1.0000
1949	10	10	11.6909	 6.3755	 1.8712	 0.9401
1949	10	11	11.3973	 5.9654	 1.3454	 0.7753
1949	10	12	11.1772	 5.6851	 1.2528	 0.6630
1949	10	13	10.9777	 5.4830	 1.2354	 0.6630
1949	10	14	11.1698	 5.5617	 1.3483	 0.6630
1949	10	15	10.9087	 5.3096	 1.2234	 0.6630
1949	10	16	10.6850	 5.1074	 1.1862	 0.6630
1949	10	17	10.5343	 4.9600	 1.1521	 0.6630
1949	10	18	10.3788	 4.8213	 1.0850	 0.6263
1949	10	19	10.4282	 4.8027	 0.8198	 0.6018
1949	10	20	9.5853	 4.3397	 0.7973	 0.6018
1949	10	21	8.4460	 3.7464	 0.7544	 0.6018
1949	10	22	7.1188	 3.0801	 0.7384	 0.4337
1949	10	23	6.7846	 2.8928	 0.7220	 0.4337
1949	10	24	6.0919	 2.5443	 0.5193	 0.2623
1949	10	25	6.0444	 2.4948	 0.5183	 0.2623
1949	10	26	7.8376	 3.5800	 0.6490	 0.3802
1949	10	27	29.2124	 13.2994	 3.6639	 1.0000
1949	10	28	52.2804	 21.8145	 4.4855	 1.0000
1949	10	29	52.9970	 21.6501	 4.7009	 1.0000
1949	10	30	52.9380	 21.1680	 4.6569	 1.0000
1949	10	31	52.8835	 20.7513	 4.6030	 1.0000
1949	11	01	53.1661	 20.5982	 4.2706	 1.0000
1949	11	02	52.9542	 20.1554	 4.1875	 1.0000
1949	11	03	52.6238	 19.6904	 4.1040	 1.0000
1949	11	04	52.2405	 19.2408	 4.0346	 1.0000
1949	11	05	51.7222	 18.7681	 3.9369	 1.0000
1949	11	06	51.2902	 18.3661	 3.8568	 1.0000
1949	11	07	51.3980	 18.2457	 3.8572	 1.0000
1949	11	08	61.7688	 23.1700	 4.4355	 1.0000
1949	11	09	68.7977	 26.1197	 4.6496	 1.0000
1949	11	10	107.7384	 42.5529	 4.6125	 1.0000
1949	11	11	178.3454	 67.1365	 4.5884	 1.0000
1949	11	12	213.9188	 76.0098	 4.5194	 1.0000
1949	11	13	235.2351	 79.1426	 4.5737	 1.0000
1949	11	14	245.8390	 79.9508	 4.5826	 1.0000
1949	11	15	245.7995	 78.0104	 4.5980	 1.0000
1949	11	16	245.7473	 76.3312	 4.5401	 1.0000
1949	11	17	245.7582	 74.9867	 4.5002	 1.0000
1949	11	18	246.0047	 73.8754	 4.5314	 1.0000
1949	11	19	245.9696	 72.7104	 4.5216	 1.0000
1949	11	20	245.9348	 71.9269	 4.5136	 1.0000
1949	11	21	254.2088	 77.4127	 4.5144	 1.0000
1949	11	22	273.0681	 87.3412	 4.4882	 1.0000
1949	11	23	315.4045	 105.6329	 4.4559	 1.0000
1949	11	24	356.1111	 116.9361	 4.6487	 1.0000
1949	11	25	402.6752	 128.3281	 4.4739	 1.0000
1949	11	26	495.3475	 154.5946	 4.2597	 1.0000
1949	11	27	566.6253	 171.3504	 4.5288	 1.0000
1949	11	28	592.2374	 175.2479	 4.5716	 1.0000
1949	11	29	604.9566	 175.3580	 4.5634	 1.0000
1949	11	30	615.8016	 175.2750	 4.5629	 1.0000
1949	12	01	652.2375	 186.9028	 4.4410	 1.0000
1949	12	02	672.5476	 192.1839	 4.3075	 1.0000
1949	12	03	682.9990	 195.4462	 4.3264	 1.0000
1949	12	04	691.2096	 196.3301	 4.2868	 1.0000
1949	12	05	692.7580	 193.4623	 4.2134	 1.0000
1949	12	06	692.7590	 190.5338	 4.2530	 1.0000
1949	12	07	692.7627	 187.8902	 4.2632	 1.0000
1949	12	08	693.2715	 186.3668	 4.2736	 1.0000
1949	12	09	693.4191	 184.4192	 4.2138	 1.0000
1949	12	10	693.3964	 182.7764	 4.2342	 1.0000
1949	12	11	693.4060	 181.5978	 4.2559	 1.0000
1949	12	12	693.4144	 180.2611	 4.2740	 1.0000
1949	12	13	693.4591	 178.8927	 4.2970	 1.0000
1949	12	14	699.6042	 182.3444	 4.2787	 1.0000
1949	12	15	704.9748	 184.7096	 4.2265	 1.0000
1949	12	16	713.3834	 190.4336	 4.2312	 1.0000
1949	12	17	723.6290	 197.0418	 4.1362	 1.0000
1949	12	18	727.7642	 198.7961	 4.0726	 1.0000
1949	12	19	728.7761	 198.5510	 4.0658	 1.0000
1949	12	20	730.0436	 198.7945	 4.0667	 1.0000
1949	12	21	735.3372	 202.7804	 4.0893	 1.0000
1949	12	22	752.5305	 211.5133	 4.0207	 1.0000
1949	12	23	768.3971	 216.9334	 3.9316	 1.0000
1949	12	24	779.5514	 222.7575	 3.8121	 1.0000
1949	12	25	792.7405	 230.6010	 3.7865	 1.0000
1949	12	26	805.7341	 233.1435	 3.7376	 1.0000
1949	12	27	846.5522	 247.8083	 3.6201	 1.0000
1949	12	28	860.1538	 244.7069	 3.4476	 1.0000
1949	12	29	864.4684	 240.3952	 3.2797	 1.0000
1949	12	30	876.3756	 246.1728	 3.2369	 1.0000
1949	12	31	883.1770	 249.5014	 3.1363	 1.0000
1950	01	01	885.5981	 249.3399	 3.0455	 1.0000
1950	01	02	885.6750	 246.8712	 2.9504	 1.0000
1950	01	03	885.6481	 245.2678	 2.9450	 1.0000
1950	01	04	892.1008	 252.5523	 3.0445	 1.0000
1950	01	05	912.3039	 275.9779	 3.0528	 1.0000
1950	01	06	929.0657	 290.0289	 3.0544	 1.0000
1950	01	07	930.8261	 283.6136	 3.0114	 1.0000
1950	01	08	933.9039	 279.8689	 3.0364	 1.0000
1950	01	09	959.7047	 298.2947	 3.0544	 1.0000
1950	01	10	979.0569	 303.7565	 2.9767	 1.0000
1950	01	11	983.0164	 298.8466	 2.9474	 1.0000
1950	01	12	987.5293	 297.3851	 2.8970	 1.0000
1950	01	13	991.7354	 298.2074	 2.8922	 1.0000
1950	01	14	995.4542	 299.6609	 2.8928	 1.0000
1950	01	15	1005.2556	 308.3614	 2.8865	 1.0000
1950	01	16	1005.3541	 303.6825	 2.8888	 1.0000
1950	01	17	1005.4387	 299.2694	 2.7984	 1.0000
1950	01	18	1034.2105	 329.7963	 2.8958	 1.0000
1950	01	19	1092.0849	 382.8401	 2.9022	 1.0000
1950	01	20	1131.6078	 391.8432	 2.9211	 1.0000
1950	01	21	1169.2197	 380.7053	 2.9462	 1.0000
1950	01	22	1191.2130	 362.7590	 2.8780	 1.0000
1950	01	23	1195.3828	 350.9169	 2.7917	 1.0000
1950	01	24	1195.9156	 345.3043	 2.6877	 1.0000
1950	01	25	1205.1115	 353.7436	 2.7554	 1.0000
1950	01	26	1212.8293	 358.1974	 2.7373	 1.0000
1950	01	27	1213.7463	 354.6827	 2.7393	 1.0000
1950	01	28	1213.8222	 350.3036	 2.6450	 1.0000
1950	01	29	1213.8134	 346.9540	 2.6444	 1.0000
1950	01	30	1213.7748	 343.9533	 2.6343	 1.0000
1950	01	31	1213.7645	 341.0846	 2.6346	 1.0000
1950	02	01	1213.7718	 338.3033	 2.6250	 1.0000
1950	02	02	1213.7184	 334.8409	 2.6247	 1.0000
1950	02	03	1235.7347	 358.4488	 2.7301	 1.0000
1950	02	04	1252.1696	 369.9372	 2.7042	 1.0000
1950	02	05	1273.7059	 381.7754	 2.7147	 1.0000
1950	02	06	1291.0083	 377.8975	 2.7154	 1.0000
1950	02	07	1317.3676	 373.5122	 2.7038	 1.0000
1950	02	08	1330.5609	 365.1878	 2.6513	 1.0000
1950	02	09	1332.0735	 355.7940	 2.6104	 1.0000
1950	02	10	1332.3809	 349.4844	 2.6054	 1.0000
1950	02	11	1336.3133	 345.1349	 2.6235	 1.0000
1950	02	12	1366.2448	 354.5068	 2.6405	 1.0000
1950	02	13	1382.2286	 354.1743	 2.6309	 1.0000
1950	02	14	1390.6301	 350.3910	 2.6256	 1.0000
1950	02	15	1397.8625	 347.0224	 2.5937	 1.0000
1950	02	16	1399.8700	 342.0475	 2.5907	 1.0000
1950	02	17	1399.9311	 337.5779	 2.5328	 1.0000
1950	02	18	1399.8156	 332.9361	 2.5159	 1.0000
1950	02	19	1399.7225	 328.8179	 2.5145	 1.0000
1950	02	20	1399.6581	 325.6657	 2.5281	 1.0000
1950	02	21	1399.7642	 322.7807	 2.5254	 1.0000
1950	02	22	1424.8882	 331.8781	 2.8896	 1.0000
1950	02	23	1483.1867	 356.8717	 2.8632	 1.0000
1950	02	24	1535.2460	 376.3405	 2.7562	 1.0000
1950	02	25	1557.7091	 379.9748	 2.7043	 1.0000
1950	02	26	1561.0203	 374.5094	 2.6845	 1.0000
1950	02	27	1560.7972	 369.4729	 2.5637	 1.0000
1950	02	28	1560.7125	 365.8057	 2.5547	 1.0000
1950	03	01	1560.4350	 362.4892	 2.4548	 1.0000
1950	03	02	1561.1083	 359.5025	 2.5080	 1.0000
1950	03	03	1577.0419	 361.4970	 2.8261	 1.0000
1950	03	04	1617.9083	 370.9667	 3.2121	 1.0000
1950	03	05	1632.5976	 371.4378	 3.5234	 1.0000
1950	03	06	1631.8516	 366.5731	 3.1565	 1.0000
1950	03	07	1638.5911	 366.7576	 3.8591	 1.0000
1950	03	08	1642.9905	 366.2219	 3.8504	 1.0000
1950	03	09	1645.2661	 364.4188	 3.8078	 1.0000
1950	03	10	1645.9483	 361.8312	 3.7542	 1.0000
1950	03	11	1645.7151	 359.4055	 3.6643	 1.0000
1950	03	12	1645.9552	 358.0233	 3.6747	 1.0000
1950	03	13	1645.9571	 356.1463	 3.6656	 1.0000
1950	03	14	1645.9160	 353.9349	 3.6751	 1.0000
1950	03	15	1668.6655	 361.2045	 3.9927	 1.0000
1950	03	16	1704.0234	 372.5141	 3.9519	 1.0000
1950	03	17	1726.6303	 378.2484	 3.9878	 1.0000
1950	03	18	1768.6473	 394.3349	 3.9948	 1.0000
1950	03	19	1787.2133	 402.0815	 3.8422	 1.0000
1950	03	20	1790.1994	 400.5724	 3.7987	 1.0000
1950	03	21	1793.7172	 398.4681	 3.8972	 1.0000
1950	03	22	1811.3318	 402.4334	 3.8548	 1.0000
1950	03	23	1829.3752	 408.9045	 3.7771	 1.0000
1950	03	24	1833.9048	 407.0480	 3.7992	 1.0000
1950	03	25	1833.8163	 403.4269	 3.7493	 1.0000
1950	03	26	1842.2599	 404.4135	 3.7180	 1.0000
1950	03	27	1847.4762	 403.3345	 3.5505	 1.0000
1950	03	28	1847.1776	 400.2076	 3.3208	 1.0000
1950	03	29	1853.4352	 401.1268	 3.4472	 1.0000
1950	03	30	1856.1304	 399.2102	 3.4973	 1.0000
1950	03	31	1865.8926	 400.8592	 3.5809	 1.0000
1950	04	01	1870.7444	 399.7718	 3.5569	 1.0000
1950	04	02	1870.4527	 396.7687	 3.4213	 1.0000
1950	04	03	1869.9617	 393.9707	 3.1961	 1.0000
1950	04	04	1869.6845	 391.6688	 3.0210	 1.0000
1950	04	05	1870.3124	 389.8282	 3.0511	 1.0000
1950	04	06	1872.9460	 388.9250	 3.2158	 1.0000
1950	04	07	1877.9206	 389.7098	 3.6775	 1.0000
1950	04	08	1882.6067	 389.5440	 3.7249	 1.0000
1950	04	09	1882.2840	 387.3224	 3.5572	 1.0000
1950	04	10	1882.5874	 385.1808	 3.1121	 1.0000
1950	04	11	1886.8121	 384.5111	 3.1063	 1.0000
1950	04	12	1888.3347	 383.0378	 3.3250	 1.0000
1950	04	13	1888.1933	 381.2048	 3.0556	 1.0000
1950	04	14	1908.5231	 387.4964	 3.9063	 1.0000
1950	04	15	1927.0235	 392.2380	 4.5750	 1.0000
1950	04	16	1933.7306	 392.9439	 4.8997	 1.0000
1950	04	17	1933.3357	 390.8736	 4.6301	 1.0000
1950	04	18	1933.6246	 389.1600	 4.0896	 1.0000
1950	04	19	1935.8036	 387.4691	 1.3095	 1.0000
1950	04	20	1936.4774	 385.3741	 0.0000	 1.0000
1950	04	21	1946.9974	 387.0876	 1.7029	 1.0000
1950	04	22	1952.7560	 388.1178	 2.3348	 1.0000
1950	04	23	1953.1547	 387.0287	 2.1334	 1.0000
1950	04	24	1953.6253	 385.6738	 1.6108	 1.0000
1950	04	25	1953.3880	 383.9885	 1.1243	 1.0000
1950	04	26	1953.6461	 382.8547	 1.1556	 1.0000
1950	04	27	1954.2249	 381.7243	 1.2180	 1.0000
1950	04	28	1955.6192	 380.5780	 0.1950	 1.0000
1950	04	29	1955.9397	 379.1210	 0.2974	 1.0000
1950	04	30	1975.6224	 384.4558	 1.1830	 1.0000
1950	05	01	1991.0230	 386.3592	 0.9629	 1.0000
1950	05	02	1994.8786	 385.8605	 1.3862	 1.0000
1950	05	03	2006.9583	 387.8122	 1.8386	 1.0000
1950	05	04	2011.8593	 387.6221	 1.5624	 1.0000
1950	05	05	2011.6531	 386.2625	 1.0976	 1.0000
1950	05	06	2011.7732	 384.8371	 0.2980	 1.0000
1950	05	07	2010.9883	 383.3312	 0.0000	 1.0000
1950	05	08	2008.9016	 381.5429	 0.0000	 1.0000
1950	05	09	2006.5328	 379.6780	 0.0000	 1.0000
1950	05	10	2000.0219	 377.0998	 0.0000	 1.0000
1950	05	11	1987.1874	 373.4225	 0.0000	 1.0000
1950	05	12	1971.0667	 369.2018	 0.0000	 1.0000
1950	05	13	1957.3597	 365.4948	 0.0000	 1.0000
1950	05	14	1943.6073	 361.8507	 0.0000	 1.0000
1950	05	15	1927.3837	 357.7987	 0.0000	 1.0000
1950	05	16	1908.1084	 353.2742	 0.0000	 1.0000
1950	05	17	1891.6528	 349.2965	 0.0000	 1.0000
1950	05	18	1882.8630	 346.8256	 0.0000	 1.0000
1950	05	19	1869.0849	 343.4688	 0.0000	 1.0000
1950	05	20	1849.2262	 338.9949	 0.0000	 1.0000
1950	05	21	1824.1637	 333.6149	 0.0000	 1.0000
1950	05	22	1804.6773	 329.3073	 0.0000	 1.0000
1950	05	23	1788.3217	 325.6771	 0.0000	 1.0000
1950	05	24	1768.8937	 321.5173	 0.0000	 1.0000
1950	05	25	1742.7528	 316.1334	 0.0000	 1.0000
1950	05	26	1709.2654	 309.4403	 0.0000	 1.0000
1950	05	27	1677.8529	 303.1600	 0.0000	 1.0000
1950	05	28	1659.4495	 299.2988	 0.0000	 1.0000
1950	05	29	1644.1420	 296.0178	 0.0000	 1.0000
1950	05	30	1622.7649	 291.6892	 0.0000	 1.0000
1950	05	31	1594.4640	 286.1215	 0.0000	 1.0000
1950	06	01	1561.2349	 279.6747	 0.0000	 1.0000
1950	06	02	1535.3303	 274.5842	 0.0000	 1.0000
1950	06	03	1501.2972	 268.0597	 0.0000	 1.0000
1950	06	04	1467.2901	 261.5681	 0.0000	 1.0000
1950	06	05	1448.7965	 257.8915	 0.0305	 1.0000
1950	06	06	1444.0998	 256.9294	 0.3486	 1.0000
1950	06	07	1441.5328	 256.5199	 0.4501	 1.0000
1950	06	08	1434.7678	 255.0915	 0.4146	 1.0000
1950	06	09	1422.9004	 252.6655	 0.2991	 1.0000
1950	06	10	1410.6142	 250.1374	 0.0050	 1.0000
1950	06	11	1386.9653	 245.6131	 0.0000	 0.9895
1950	06	12	1357.6957	 240.0745	 0.0000	 0.9895
1950	06	13	1331.2890	 235.0720	 0.0000	 0.9760
1950	06	14	1305.7012	 230.2440	 0.0000	 0.9760
1950	06	15	1282.4540	 225.8768	 0.0000	 0.9401
1950	06	16	1259.9634	 221.6564	 0.0000	 0.9401
1950	06	17	1234.9492	 216.9992	 0.0000	 0.9401
1950	06	18	1210.7342	 212.4999	 0.0596	 0.9401
1950	06	19	1180.1155	 206.8951	 0.0000	 0.9401
1950	06	20	1144.6345	 200.4393	 0.0000	 0.9401
1950	06	21	1116.4938	 195.2606	 0.0000	 0.9401
1950	06	22	1098.8442	 191.9454	 0.0386	 0.9401
1950	06	23	1083.1936	 189.0136	 0.0000	 0.9294
1950	06	24	1066.0736	 185.8230	 0.0000	 0.9294
1950	06	25	1046.8388	 182.2747	 0.0000	 0.9156
1950	06	26	1022.8508	 177.9074	 0.0000	 0.8789
1950	06	27	997.2905	 173.2905	 0.0000	 0.8789
1950	06	28	965.6333	 167.6237	 0.0000	 0.8789
1950	06	29	934.6208	 162.0770	 0.0000	 0.8789
1950	06	30	903.9463	 156.5969	 0.0000	 0.8789
1950	07	01	874.4275	 151.3277	 0.0000	 0.8690
1950	07	02	845.7304	 146.2205	 0.0000	 0.8562
1950	07	03	815.8282	 140.9278	 0.0000	 0.8222
1950	07	04	785.8615	 135.6508	 0.0000	 0.8222
1950	07	05	757.4229	 130.6474	 0.0000	 0.8222
1950	07	06	730.8207	 125.9698	 0.0000	 0.8222
1950	07	07	710.2871	 122.3473	 0.0000	 0.8222
1950	07	08	692.0446	 119.1460	 0.0000	 0.8222
1950	07	09	673.6820	 115.9075	 0.0000	 0.8222
1950	07	10	657.1455	 112.9876	 0.0000	 0.8222
1950	07	11	637.4922	 109.5360	 0.0000	 0.8222
1950	07	12	618.1160	 106.1359	 0.0000	 0.8222
1950	07	13	583.8320	 100.1764	 0.0000	 0.8222
1950	07	14	561.2761	 96.2409	 0.0000	 0.8222
1950	07	15	542.4921	 92.9582	 0.0000	 0.8222
1950	07	16	521.0003	 89.2132	 0.0000	 0.8222
1950	07	17	500.0476	 85.5682	 0.0000	 0.8222
1950	07	18	476.5591	 81.5058	 0.0000	 0.8222
1950	07	19	462.3990	 79.0383	 0.0000	 0.6575
1950	07	20	440.3216	 75.2191	 0.0000	 0.6575
1950	07	21	422.8412	 72.1906	 0.0000	 0.6575
1950	07	22	405.5919	 69.2109	 0.0000	 0.5451
1950	07	23	391.6183	 66.7964	 0.0000	 0.5451
1950	07	24	373.7479	 63.7199	 0.0000	 0.5451
1950	07	25	357.0866	 60.8529	 0.0000	 0.5451
1950	07	26	340.8796	 58.0665	 0.0000	 0.5451
1950	07	27	326.6206	 55.6149	 0.0000	 0.5451
1950	07	28	314.8656	 53.5923	 0.0000	 0.5451
1950	07	29	305.3438	 51.9520	 0.0000	 0.5451
1950	07	30	293.4424	 49.9078	 0.0000	 0.5451
1950	07	31	280.1806	 47.6336	 0.0000	 0.5451
1950	08	01	261.5839	 44.4534	 0.0000	 0.5451
1950	08	02	247.3691	 42.0208	 0.0000	 0.5451
1950	08	03	236.4022	 40.1429	 0.0000	 0.5451
1950	08	04	226.3993	 38.4302	 0.0000	 0.5451
1950	08	05	218.9225	 37.1512	 0.0000	 0.5451
1950	08	06	208.7677	 35.4143	 0.0000	 0.5451
1950	08	07	195.3894	 33.1302	 0.0000	 0.5451
1950	08	08	184.5257	 31.2745	 0.0000	 0.5451
1950	08	09	172.2675	 29.1827	 0.0000	 0.5451
1950	08	10	158.3139	 26.8037	 0.0000	 0.5451
1950	08	11	144.5771	 24.4628	 0.0000	 0.3770
1950	08	12	134.7512	 22.7925	 0.0000	 0.3770
1950	08	13	127.3393	 21.5617	 0.0000	 0.3770
1950	08	14	117.7755	 19.9327	 0.0000	 0.3770
1950	08	15	110.3966	 18.6753	 0.0000	 0.3770
1950	08	16	101.3808	 17.1406	 0.0000	 0.2623
1950	08	17	95.6655	 16.1711	 0.0000	 0.2623
1950	08	18	89.4795	 15.1226	 0.0000	 0.2623
1950	08	19	83.1511	 14.0505	 0.0000	 0.2623
1950	08	20	75.2851	 12.7190	 0.0000	 0.2623
1950	08	21	68.4748	 11.5665	 0.0000	 0.2623
1950	08	22	61.6050	 10.4043	 0.0000	 0.2623
1950	08	23	56.3125	 9.5090	 0.0000	 0.2623
1950	08	24	51.0037	 8.6112	 0.0000	 0.2623
1950	08	25	44.7948	 7.5617	 0.0000	 0.2623
1950	08	26	38.5087	 6.4993	 0.0000	 0.2623
1950	08	27	32.6171	 5.5038	 0.0000	 0.2623
1950	08	28	25.1833	 4.2480	 0.0000	 0.2623
1950	08	29	18.4863	 3.1168	 0.0000	 0.2623
1950	08	30	13.0134	 2.1922	 0.0000	 0.2623
1950	08	31	10.3490	 1.7431	 0.0000	 0.1063
1950	09	01	7.1291	 1.2007	 0.0000	 0.1063
1950	09	02	4.1230	 0.6944	 0.0000	 0.1063
1950	09	03	1.1595	 0.1953	 0.0000	 0.1063
1950	09	04	0.0000	 0.0000	 0.0000	 0.0000
1950	09	05	0.0000	 0.0000	 0.0000	 0.0000
1950	09	06	0.0000	 0.0000	 0.0000	 0.0000
1950	09	07	0.0000	 0.0000	 0.0000	 0.0000
1950	09	08	0.0000	 0.0000	 0.0000	 0.0000
1950	09	09	0.0000	 0.0000	 0.0000	 0.0000
1950	09	10	0.0000	 0.0000	 0.0000	 0.0000
1950	09	11	0.0000	 0.0000	 0.0000	 0.0000
1950	09	12	0.0000	 0.0000	 0.0000	 0.0000
1950	09	13	0.0000	 0.0000	 0.0000	 0.0000
1950	09	14	0.0000	 0.0000	 0.0000	 0.0000
1950	09	15	0.0000	 0.0000	 0.0000	 0.0000
1950	09	16	0.0000	 0.0000	 0.0000	 0.0000
1950	09	17	0.0000	 0.0000	 0.0000	 0.0000
1950	09	18	0.0000	 0.0000	 0.0000	 0.0000
1950	09	19	0.0000	 0.0000	 0.0000	 0.0000
1950	09	20	0.0000	 0.0000	 0.0000	 0.0000
1950	09	21	0.0000	 0.0000	 0.0000	 0.0000
1950	09	22	0.0000	 0.0000	 0.0000	 0.0000
1950	09	23	0.0000	 0.0000	 0.0000	 0.0000
1950	09	24	0.0000	 0.0000	 0.0000	 0.0000
1950	09	25	0.0084	 0.0056	 0.0571	 0.0567
1950	09	26	0.0000	 0.0000	 0.2391	 0.0000
1950	09	27	0.0000	 0.0000	 0.0000	 0.0000
1950	09	28	0.0000	 0.0000	 0.0000	 0.0000
1950	09	29	0.0000	 0.0000	 0.0000	 0.0000
1950	09	30	0.0000	 0.0000	 0.1732	 0.0000
1950	10	01	0.0003	 0.0003	 0.2246	 0.0468
1950	10	02	0.0027	 0.0032	 0.3129	 0.3557
1950	10	03	4.2719	 2.9866	 1.8281	 1.0000
1950	10	04	14.1338	 8.4945	 2.1739	 1.0000
1950	10	05	20.6963	 10.6937	 2.6485	 1.0000
1950	10	06	23.6784	 11.6767	 1.5534	 1.0000
1950	10	07	27.0569	 12.2134	 1.9881	 1.0000
1950	10	08	28.7462	 12.3611	 1.7314	 0.7229
1950	10	09	69.4546	 29.9686	 4.3452	 1.0000
1950	10	10	86.4531	 34.9001	 2.7596	 1.0000
1950	10	11	90.1668	 34.8001	 2.2141	 1.0000
1950	10	12	91.5697	 33.7046	 1.3529	 1.0000
1950	10	13	92.0782	 32.4954	 0.5341	 1.0000
1950	10	14	90.4270	 30.7511	 0.3095	 1.0000
1950	10	15	89.1788	 29.7607	 0.0000	 1.0000
1950	10	16	89.1086	 29.3574	 0.5139	 1.0000
1950	10	17	98.1530	 33.0021	 2.0860	 1.0000
1950	10	18	109.7176	 36.8130	 3.2828	 1.0000
1950	10	19	113.7657	 37.6833	 3.5677	 1.0000
1950	10	20	114.8370	 37.5149	 3.8470	 1.0000
1950	10	21	114.7946	 36.9973	 3.8416	 1.0000
1950	10	22	114.7897	 36.5919	 3.8598	 1.0000
1950	10	23	117.0356	 37.4699	 4.6632	 1.0000
1950	10	24	141.7930	 49.6930	 4.9184	 1.0000
1950	10	25	156.3072	 53.3520	 5.1739	 1.0000
1950	10	26	193.4282	 68.1670	 5.2315	 1.0000
1950	10	27	250.9895	 84.4169	 4.9786	 1.0000
1950	10	28	273.1678	 89.8584	 5.0230	 1.0000
1950	10	29	277.4602	 88.7251	 5.0359	 1.0000
1950	10	30	278.4098	 86.8432	 5.0046	 1.0000
1950	10	31	317.4158	 104.1771	 4.9437	 1.0000
1950	11	01	346.3858	 114.9226	 4.5140	 1.0000
1950	11	02	347.7774	 111.3424	 4.5573	 1.0000
1950	11	03	350.9132	 108.6564	 4.5536	 1.0000
1950	11	04	358.7272	 108.4304	 4.5006	 1.0000
1950	11	05	361.5900	 107.0955	 4.6422	 1.0000
1950	11	06	361.8902	 105.1636	 4.6404	 1.0000
1950	11	07	361.8773	 103.3941	 4.6417	 1.0000
1950	11	08	361.7948	 102.1495	 4.6200	 1.0000
1950	11	09	361.6924	 101.1882	 4.6014	 1.0000
1950	11	10	361.7377	 100.3289	 4.5830	 1.0000
1950	11	11	363.1761	 100.5398	 4.5750	 1.0000
1950	11	12	363.1190	 99.6926	 4.5027	 1.0000
1950	11	13	366.7241	 102.6882	 4.5129	 1.0000
1950	11	14	380.8288	 114.0535	 4.5094	 1.0000
1950	11	15	398.8724	 126.2106	 4.4468	 1.0000
1950	11	16	412.8200	 129.4730	 4.2993	 1.0000
1950	11	17	426.2056	 134.6375	 4.2181	 1.0000
1950	11	18	430.4961	 135.6105	 4.2017	 1.0000
1950	11	19	479.2383	 175.9975	 4.2009	 1.0000
1950	11	20	543.2457	 205.0942	 4.1862	 1.0000
1950	11	21	584.5545	 204.9733	 4.1173	 1.0000
1950	11	22	614.3911	 196.8296	 4.5970	 1.0000
1950	11	23	635.0026	 193.2464	 4.8124	 1.0000
1950	11	24	678.2566	 200.9958	 4.7839	 1.0000
1950	11	25	706.7288	 205.2760	 4.7598	 1.0000
1950	11	26	721.3896	 204.3492	 4.7948	 1.0000
1950	11	27	747.0803	 209.6352	 4.7692	 1.0000
1950	11	28	747.0630	 205.8611	 4.7968	 1.0000
1950	11	29	760.2495	 212.2422	 4.8181	 1.0000
1950	11	30	772.0131	 217.6188	 4.7798	 1.0000
1950	12	01	774.4455	 215.9983	 4.5393	 1.0000
1950	12	02	776.7841	 214.5846	 4.5377	 1.0000
1950	12	03	778.2885	 212.2751	 4.5274	 1.0000
1950	12	04	778.3778	 209.0382	 4.5307	 1.0000
1950	12	05	798.8377	 223.3311	 4.4666	 1.0000
1950	12	06	816.0076	 235.7622	 4.4559	 1.0000
1950	12	07	821.5562	 234.4304	 4.4589	 1.0000
1950	12	08	831.5952	 234.7296	 4.4496	 1.0000
1950	12	09	844.6141	 236.6356	 4.4114	 1.0000
1950	12	10	850.2095	 233.2384	 4.3869	 1.0000
1950	12	11	850.8322	 228.1112	 4.3871	 1.0000
1950	12	12	850.8450	 223.9249	 4.3964	 1.0000
1950	12	13	854.2936	 224.0161	 4.3985	 1.0000
1950	12	14	868.1926	 233.1961	 4.3872	 1.0000
1950	12	15	881.4405	 237.8758	 4.3650	 1.0000
1950	12	16	895.9438	 243.0411	 4.3615	 1.0000
1950	12	17	899.4744	 239.9905	 4.3504	 1.0000
1950	12	18	912.2121	 242.2692	 4.3296	 1.0000
1950	12	19	926.9496	 245.8580	 4.2946	 1.0000
1950	12	20	931.6027	 243.4966	 4.2816	 1.0000
1950	12	21	947.3044	 246.3479	 4.2596	 1.0000
1950	12	22	963.7256	 250.2479	 4.1995	 1.0000
1950	12	23	973.0795	 251.0470	 4.1871	 1.0000
1950	12	24	980.4863	 250.2319	 4.1325	 1.0000
1950	12	25	991.2915	 252.7037	 4.1519	 1.0000
1950	12	26	999.6839	 254.1007	 4.1555	 1.0000
1950	12	27	1008.3047	 255.7661	 4.1303	 1.0000
1950	12	28	1012.5265	 254.7306	 4.1279	 1.0000
1950	12	29	1015.4660	 252.8355	 4.1095	 1.0000
1950	12	30	1016.5313	 250.1281	 4.0333	 1.0000
1950	12	31	1033.0055	 255.6203	 4.0200	 1.0000
1951	01	01	1064.5777	 266.8492	 4.2102	 1.0000
1951	01	02	1107.7417	 284.9466	 4.1570	 1.0000
1951	01	03	1121.1353	 287.4609	 4.0022	 1.0000
1951	01	04	1124.4181	 285.0883	 3.9958	 1.0000
1951	01	05	1125.0535	 282.4135	 4.0012	 1.0000
1951	01	06	1125.0982	 279.8755	 4.0030	 1.0000
1951	01	07	1126.9367	 279.2033	 3.9767	 1.0000
1951	01	08	1127.8062	 277.9943	 3.9777	 1.0000
1951	01	09	1134.0663	 282.5224	 3.9951	 1.0000
1951	01	10	1139.1887	 283.5717	 3.9987	 1.0000
1951	01	11	1139.2326	 280.2720	 3.9904	 1.0000
1951	01	12	1178.9402	 305.7693	 4.0018	 1.0000
1951	01	13	1217.5508	 324.1699	 3.9463	 1.0000
1951	01	14	1277.7759	 347.4326	 3.9371	 1.0000
1951	01	15	1339.8746	 368.7093	 3.7957	 1.0000
1951	01	16	1388.7507	 388.5151	 3.7170	 1.0000
1951	01	17	1409.4251	 388.6489	 3.5954	 1.0000
1951	01	18	1417.1051	 385.4070	 3.6055	 1.0000
1951	01	19	1460.2351	 407.7839	 3.6013	 1.0000
1951	01	20	1513.0625	 430.9933	 3.5852	 1.0000
1951	01	21	1536.4659	 427.4686	 3.4895	 1.0000
1951	01	22	1539.0321	 414.0060	 3.4720	 1.0000
1951	01	23	1556.8509	 413.9605	 3.4675	 1.0000
1951	01	24	1575.8867	 412.1689	 3.4755	 1.0000
1951	01	25	1592.9269	 407.8488	 3.4267	 1.0000
1951	01	26	1597.6418	 401.9579	 3.2834	 1.0000
1951	01	27	1597.6132	 397.9121	 3.1564	 1.0000
1951	01	28	1597.3601	 395.5962	 3.0745	 1.0000
1951	01	29	1597.3309	 393.7553	 3.0760	 1.0000
1951	01	30	1597.3234	 391.9855	 3.0846	 1.0000
1951	01	31	1601.7822	 395.8176	 3.1814	 1.0000
1951	02	01	1656.8512	 459.5118	 3.1596	 1.0000
1951	02	02	1705.1376	 493.5079	 3.1046	 1.0000
1951	02	03	1717.5161	 483.2296	 3.0469	 1.0000
1951	02	04	1719.1254	 468.5500	 3.0320	 1.0000
1951	02	05	1720.5136	 456.8180	 3.0181	 1.0000
1951	02	06	1744.1710	 466.7561	 3.0509	 1.0000
1951	02	07	1805.3857	 487.7511	 3.0681	 1.0000
1951	02	08	1940.4459	 528.0970	 3.0725	 1.0000
1951	02	09	2063.1613	 542.4410	 3.0515	 1.0000
1951	02	10	2098.4962	 528.6973	 2.9824	 1.0000
1951	02	11	2100.8841	 515.1715	 2.8859	 1.0000
1951	02	12	2101.6940	 507.7605	 2.8980	 1.0000
1951	02	13	2101.6062	 501.8780	 2.7851	 1.0000
1951	02	14	2102.6708	 497.1798	 2.8124	 1.0000
1951	02	15	2103.3522	 491.7322	 2.8324	 1.0000
1951	02	16	2103.4165	 486.6606	 2.7781	 1.0000
1951	02	17	2103.8233	 481.5315	 2.8125	 1.0000
1951	02	18	2110.3840	 480.1447	 2.8560	 1.0000
1951	02	19	2132.8130	 488.5308	 2.8715	 1.0000
1951	02	20	2145.4625	 489.8620	 2.8596	 1.0000
1951	02	21	2145.4523	 484.8124	 2.7680	 1.0000
1951	02	22	2145.0638	 480.3509	 2.6673	 1.0000
1951	02	23	2144.9570	 477.0730	 2.6494	 1.0000
1951	02	24	2145.1500	 474.1613	 2.6292	 1.0000
1951	02	25	2145.0147	 471.1533	 2.5759	 1.0000
1951	02	26	2144.9213	 468.5709	 2.5519	 1.0000
1951	02	27	2144.9654	 466.3740	 2.3701	 1.0000
1951	02	28	2144.8867	 464.0668	 2.3684	 1.0000
1951	03	01	2144.7752	 461.7372	 2.3656	 1.0000
1951	03	02	2144.5292	 459.5228	 2.3387	 1.0000
1951	03	03	2198.8220	 504.4191	 2.7076	 1.0000
1951	03	04	2232.6771	 523.8161	 2.6199	 1.0000
1951	03	05	2243.7927	 527.5893	 2.5224	 1.0000
1951	03	06	2251.9857	 529.7627	 2.4957	 1.0000
1951	03	07	2268.3608	 540.8101	 2.5023	 1.0000
1951	03	08	2288.2467	 549.9211	 2.4879	 1.0000
1951	03	09	2292.9487	 546.1896	 2.4095	 1.0000
1951	03	10	2298.6830	 545.8452	 2.3854	 1.0000
1951	03	11	2334.1045	 573.8834	 2.3934	 1.0000
1951	03	12	2357.0577	 578.5183	 2.3744	 1.0000
1951	03	13	2361.3609	 570.2101	 2.3870	 1.0000
1951	03	14	2420.1302	 574.5042	 3.0430	 1.0000
1951	03	15	2469.7393	 580.5621	 2.8501	 1.0000
1951	03	16	2489.0810	 581.8530	 2.6209	 1.0000
1951	03	17	2489.1724	 573.5720	 2.5888	 1.0000
1951	03	18	2489.1828	 566.5561	 2.4859	 1.0000
1951	03	19	2489.1018	 559.7308	 2.4789	 1.0000
1951	03	20	2488.9551	 552.2351	 2.4721	 1.0000
1951	03	21	2493.1293	 546.9500	 2.5816	 1.0000
1951	03	22	2494.9897	 541.5651	 2.3997	 1.0000
1951	03	23	2495.0252	 535.9606	 2.2042	 1.0000
1951	03	24	2494.8599	 530.6433	 2.1951	 1.0000
1951	03	25	2494.8831	 526.0811	 2.2003	 1.0000
1951	03	26	2494.3679	 521.2593	 2.0556	 1.0000
1951	03	27	2493.7813	 517.0289	 1.9316	 1.0000
1951	03	28	2503.0585	 517.7703	 2.2736	 1.0000
1951	03	29	2509.6162	 517.6647	 2.2020	 1.0000
1951	03	30	2509.4147	 514.5917	 1.9016	 1.0000
1951	03	31	2509.1040	 511.3169	 1.8184	 1.0000
1951	04	01	2508.8774	 508.0749	 1.7427	 1.0000
1951	04	02	2508.6968	 504.9595	 1.6200	 1.0000
1951	04	03	2508.8990	 501.8668	 1.1627	 1.0000
1951	04	04	2509.1319	 498.7305	 0.6837	 1.0000
1951	04	05	2508.5819	 495.5250	 0.4908	 1.0000
1951	04	06	2508.3438	 492.7041	 0.3494	 1.0000
1951	04	07	2508.3033	 489.9946	 0.0000	 1.0000
1951	04	08	2507.6814	 487.1971	 0.0000	 1.0000
1951	04	09	2506.6256	 484.5512	 0.0000	 1.0000
1951	04	10	2506.1019	 482.2660	 0.0000	 1.0000
1951	04	11	2504.9788	 479.8524	 0.0000	 1.0000
1951	04	12	2502.8294	 477.2250	 0.0000	 1.0000
1951	04	13	2499.7826	 474.5840	 0.0000	 1.0000
1951	04	14	2494.9715	 471.8529	 0.0000	 1.0000
1951	04	15	2490.1448	 469.1912	 0.0000	 1.0000
1951	04	16	2483.3554	 466.0781	 0.0000	 1.0000
1951	04	17	2474.7532	 462.6568	 0.0000	 1.0000
1951	04	18	2466.2210	 459.4377	 0.0000	 1.0000
1951	04	19	2462.7264	 457.6311	 0.0000	 1.0000
1951	04	20	2459.1517	 455.8724	 0.0000	 1.0000
1951	04	21	2452.3929	 453.3958	 0.0000	 1.0000
1951	04	22	2444.2710	 450.5871	 0.0000	 1.0000
1951	04	23	2435.2380	 447.6966	 0.0000	 1.0000
1951	04	24	2425.5286	 444.7182	 0.0000	 1.0000
1951	04	25	2412.4457	 441.0279	 0.0000	 1.0000
1951	04	26	2408.8813	 439.1414	 0.0529	 1.0000
1951	04	27	2409.5975	 438.3312	 0.7030	 1.0000
1951	04	28	2410.6627	 437.5712	 0.5447	 1.0000
1951	04	29	2410.2667	 436.5070	 0.0519	 1.0000
1951	04	30	2408.2486	 435.1892	 0.0000	 1.0000
1951	05	01	2404.2341	 433.4391	 0.0000	 1.0000
1951	05	02	2396.8054	 431.1412	 0.0000	 1.0000
1951	05	03	2386.6816	 428.3715	 0.0000	 1.0000
1951	05	04	2382.7136	 426.9152	 0.1637	 1.0000
1951	05	05	2380.2295	 425.7864	 0.0020	 1.0000
1951	05	06	2375.6078	 423.9725	 0.0324	 1.0000
1951	05	07	2371.7021	 422.3952	 0.1048	 1.0000
1951	05	08	2357.5356	 418.9673	 0.0486	 1.0000
1951	05	09	2336.6886	 414.4163	 0.0000	 1.0000
1951	05	10	2324.3141	 411.8609	 0.3697	 1.0000
1951	05	11	2317.0355	 410.6340	 1.3747	 1.0000
1951	05	12	2315.5793	 409.8194	 0.2666	 1.0000
1951	05	13	2303.4109	 406.9332	 0.0000	 1.0000
1951	05	14	2281.4688	 402.2741	 0.0000	 1.0000
1951	05	15	2254.1829	 396.7359	 0.0000	 1.0000
1951	05	16	2228.2454	 391.4664	 0.0000	 1.0000
1951	05	17	2202.2052	 386.2052	 0.0000	 1.0000
1951	05	18	2184.0707	 382.3718	 0.0000	 1.0000
1951	05	19	2162.3880	 377.9762	 0.0000	 1.0000
1951	05	20	2138.8367	 373.2590	 0.0000	 1.0000
1951	05	21	2110.2494	 367.6914	 0.0000	 1.0000
1951	05	22	2079.8420	 361.7978	 0.0000	 1.0000
1951	05	23	2054.2040	 356.7999	 0.5547	 1.0000
1951	05	24	2057.1759	 357.3706	 0.7084	 1.0000
1951	05	25	2051.6518	 355.9828	 0.5527	 1.0000
1951	05	26	2035.5403	 352.9214	 0.0000	 1.0000
1951	05	27	2021.0667	 349.9288	 0.0000	 1.0000
1951	05	28	2014.5606	 348.3512	 0.0000	 1.0000
1951	05	29	2003.1347	 345.9542	 0.0000	 1.0000
1951	05	30	1991.0802	 343.4605	 0.0000	 1.0000
1951	05	31	1974.8591	 340.2508	 0.0000	 1.0000
1951	06	01	1954.0893	 336.2446	 0.0000	 1.0000
1951	06	02	1920.9491	 330.1220	 0.0000	 1.0000
1951	06	03	1900.8898	 326.2978	 0.0521	 1.0000
1951	06	04	1889.4385	 324.2290	 0.1317	 1.0000
1951	06	05	1879.0891	 322.1984	 0.2705	 1.0000
1951	06	06	1870.3804	 320.5415	 0.0946	 1.0000
1951	06	07	1855.3696	 317.5932	 0.1180	 1.0000
1951	06	08	1840.5445	 314.7066	 0.0188	 1.0000
1951	06	09	1810.9816	 309.3199	 0.0000	 1.0000
1951	06	10	1783.8361	 304.3460	 0.0000	 1.0000
1951	06	11	1755.5240	 299.1781	 0.0000	 1.0000
1951	06	12	1726.4623	 293.8920	 0.0000	 1.0000
1951	06	13	1696.9491	 288.5422	 0.0000	 1.0000
1951	06	14	1664.2216	 282.6627	 0.0000	 1.0000
1951	06	15	1635.3097	 277.4439	 0.0000	 0.9895
1951	06	16	1608.0621	 272.5267	 0.0000	 0.9895
1951	06	17	1578.3991	 267.2112	 0.0000	 0.9760
1951	06	18	1550.2126	 262.1604	 0.0000	 0.9760
1951	06	19	1525.7847	 257.7755	 0.0000	 0.9401
1951	06	20	1503.1553	 253.7120	 0.0000	 0.9401
1951	06	21	1472.8498	 248.3635	 0.0000	 0.9401
1951	06	22	1450.3009	 244.3606	 0.0000	 0.9401
1951	06	23	1423.7920	 239.6661	 0.0479	 0.9401
1951	06	24	1403.3030	 236.0232	 0.0000	 0.9401
1951	06	25	1367.8151	 229.8624	 0.0000	 0.9401
1951	06	26	1340.8034	 225.1275	 0.0000	 0.9401
1951	06	27	1313.8555	 220.4132	 0.0000	 0.9401
1951	06	28	1286.8085	 215.6879	 0.0000	 0.9401
1951	06	29	1260.2248	 211.0487	 0.0000	 0.9294
1951	06	30	1226.1113	 205.1629	 0.0000	 0.9294
1951	07	01	1196.6885	 200.0688	 0.0000	 0.9294
1951	07	02	1168.5268	 195.1991	 0.0000	 0.9156
1951	07	03	1138.1944	 189.9772	 0.0000	 0.8789
1951	07	04	1122.0039	 187.2036	 0.1336	 0.8789
1951	07	05	1115.3934	 186.3020	 0.1213	 0.8789
1951	07	06	1100.4236	 183.7759	 0.1661	 0.9401
1951	07	07	1083.2085	 180.8147	 0.0000	 0.8789
1951	07	08	1065.3274	 177.7080	 0.0000	 0.8789
1951	07	09	1045.8845	 174.3485	 0.0000	 0.8789
1951	07	10	1030.0842	 171.5906	 0.0050	 0.8789
1951	07	11	1011.6961	 168.4077	 0.0000	 0.8789
1951	07	12	987.2752	 164.2087	 0.0000	 0.8789
1951	07	13	956.0804	 158.8882	 0.0000	 0.8789
1951	07	14	926.4658	 153.8346	 0.0000	 0.8690
1951	07	15	898.8433	 149.1268	 0.0000	 0.8690
1951	07	16	871.2265	 144.4319	 0.0000	 0.8562
1951	07	17	840.3619	 139.2024	 0.0000	 0.8562
1951	07	18	813.3141	 134.6405	 0.0000	 0.8222
1951	07	19	793.0463	 131.2108	 0.0000	 0.8222
1951	07	20	774.0093	 127.9881	 0.0000	 0.8222
1951	07	21	750.9116	 124.0955	 0.0000	 0.8222
1951	07	22	722.0164	 119.2457	 0.0000	 0.8222
1951	07	23	691.8809	 114.1948	 0.0000	 0.8222
1951	07	24	664.9339	 109.6766	 0.0000	 0.8222
1951	07	25	640.2093	 105.5306	 0.0000	 0.8222
1951	07	26	613.1847	 101.0074	 0.0000	 0.8222
1951	07	27	587.7814	 96.7555	 0.0000	 0.8222
1951	07	28	567.6766	 93.4005	 0.0000	 0.5451
1951	07	29	550.8690	 90.6011	 0.0000	 0.5451
1951	07	30	534.1528	 87.8198	 0.0000	 0.5451
1951	07	31	517.8090	 85.1024	 0.0000	 0.5451
1951	08	01	500.6733	 82.2577	 0.0000	 0.5451
1951	08	02	482.9710	 79.3225	 0.0000	 0.5451
1951	08	03	465.5862	 76.4421	 0.0000	 0.5451
1951	08	04	450.0885	 73.8741	 0.0000	 0.5451
1951	08	05	435.5059	 71.4584	 0.0000	 0.5451
1951	08	06	420.1968	 68.9254	 0.0000	 0.5451
1951	08	07	407.2867	 66.7903	 0.0000	 0.5451
1951	08	08	392.2336	 64.3024	 0.0000	 0.5451
1951	08	09	376.4317	 61.6937	 0.0000	 0.5451
1951	08	10	361.0743	 59.1605	 0.0000	 0.5451
1951	08	11	346.9617	 56.8320	 0.0000	 0.5451
1951	08	12	331.9756	 54.3616	 0.0000	 0.5451
1951	08	13	316.0572	 51.7399	 0.0000	 0.5451
1951	08	14	297.9536	 48.7617	 0.0000	 0.5451
1951	08	15	280.8506	 45.9489	 0.0000	 0.5451
1951	08	16	264.0059	 43.1797	 0.0000	 0.5451
1951	08	17	248.3025	 40.5986	 0.0000	 0.5451
1951	08	18	233.2677	 38.1281	 0.0000	 0.5451
1951	08	19	219.7755	 35.9110	 0.0000	 0.5451
1951	08	20	206.3454	 33.7049	 0.0000	 0.5451
1951	08	21	188.1742	 30.7236	 0.0000	 0.5451
1951	08	22	173.1709	 28.2618	 0.0000	 0.5451
1951	08	23	161.8126	 26.3974	 0.0000	 0.3770
1951	08	24	155.5104	 25.3627	 0.0000	 0.3770
1951	08	25	148.4536	 24.2060	 0.0000	 0.2623
1951	08	26	142.9686	 23.3078	 0.0000	 0.2623
1951	08	27	140.3621	 22.9781	 0.0000	 0.2623
1951	08	28	139.7244	 23.0341	 0.0629	 0.3190
1951	08	29	138.2982	 22.8801	 0.0000	 0.2623
1951	08	30	135.3472	 22.4134	 0.0387	 0.3190
1951	08	31	132.4660	 21.9501	 0.0544	 0.2623
1951	09	01	129.4078	 21.4500	 0.0000	 0.2623
1951	09	02	126.4116	 20.9607	 0.0000	 0.2623
1951	09	03	123.8278	 20.5287	 0.0000	 0.2623
1951	09	04	121.1393	 20.0796	 0.0000	 0.2623
1951	09	05	118.0698	 19.5677	 0.0000	 0.2623
1951	09	06	115.1930	 19.1616	 0.0000	 0.2623
1951	09	07	110.8793	 18.4409	 0.0000	 0.2623
1951	09	08	106.9579	 17.7899	 0.0160	 0.2623
1951	09	09	103.6177	 17.2409	 0.0000	 0.2623
1951	09	10	102.5183	 17.0623	 0.0000	 0.2623
1951	09	11	100.6936	 16.7606	 0.0042	 0.2623
1951	09	12	98.0462	 16.3184	 0.0000	 0.2623
1951	09	13	95.6936	 15.9246	 0.0000	 0.2623
1951	09	14	93.3833	 15.5381	 0.0000	 0.2623
1951	09	15	91.1616	 15.1665	 0.0000	 0.2623
1951	09	16	88.1176	 14.6582	 0.0000	 0.2623
1951	09	17	83.7350	 13.9273	 0.0000	 0.2623
1951	09	18	79.2900	 13.1864	 0.0000	 0.2623
1951	09	19	76.2388	 12.6776	 0.0000	 0.2623
1951	09	20	73.9757	 12.3000	 0.0000	 0.2623
1951	09	21	70.9255	 11.7916	 0.0000	 0.2623
1951	09	22	66.9453	 11.1288	 0.0000	 0.2623
1951	09	23	61.8435	 10.2796	 0.0000	 0.2623
1951	09	24	59.6278	 9.9105	 0.0000	 0.2623
1951	09	25	59.3250	 9.8989	 0.1189	 0.2623
1951	09	26	59.3025	 9.9057	 0.0428	 0.2623
1951	09	27	60.9052	 10.6231	 0.5956	 0.6630
1951	09	28	64.2988	 12.1687	 0.1892	 0.6630
1951	09	29	66.9665	 13.4105	 0.0000	 0.5483
1951	09	30	65.8716	 13.1288	 0.0000	 0.3190
1951	10	01	63.6727	 12.6386	 0.0000	 0.2623
1951	10	02	61.3823	 12.1764	 0.0000	 0.2623
1951	10	03	60.2271	 11.9920	 0.0105	 0.2750
1951	10	04	60.0305	 11.9460	 0.0001	 0.2623
1951	10	05	59.6045	 11.9444	 0.0000	 0.2623
1951	10	06	58.2466	 11.6938	 0.0000	 0.2623
1951	10	07	56.5423	 11.3436	 0.0097	 0.2623
1951	10	08	56.4187	 11.3140	 0.0000	 0.2623
1951	10	09	56.1430	 11.2513	 0.0000	 0.2623
1951	10	10	56.2654	 11.3470	 0.0000	 0.2623
1951	10	11	56.2037	 11.3771	 0.0247	 0.3190
1951	10	12	56.1062	 11.3692	 0.1074	 0.2623
1951	10	13	58.9119	 12.5722	 0.6869	 0.6630
1951	10	14	62.0886	 14.4855	 1.5510	 0.7229
1951	10	15	66.2166	 17.1414	 2.2844	 1.0000
1951	10	16	68.2817	 18.3556	 2.6698	 1.0000
1951	10	17	84.5626	 28.3317	 2.9939	 1.0000
1951	10	18	123.1055	 44.3036	 3.1523	 1.0000
1951	10	19	153.7383	 55.5217	 3.0883	 1.0000
1951	10	20	160.8416	 55.7862	 4.1203	 1.0000
1951	10	21	160.4576	 53.7188	 3.9721	 1.0000
1951	10	22	189.5488	 64.6228	 4.7954	 1.0000
1951	10	23	207.5219	 70.4722	 4.8397	 1.0000
1951	10	24	208.7303	 68.7360	 4.8793	 1.0000
1951	10	25	208.6848	 67.2535	 4.8812	 1.0000
1951	10	26	208.6845	 66.1518	 4.8942	 1.0000
1951	10	27	208.7035	 65.1438	 4.9469	 1.0000
1951	10	28	214.1365	 66.1286	 5.0310	 1.0000
1951	10	29	216.2840	 66.0259	 5.0952	 1.0000
1951	10	30	216.2380	 65.2725	 5.0929	 1.0000
1951	10	31	216.1981	 64.6902	 5.0717	 1.0000
1951	11	01	216.6549	 64.8327	 4.5401	 1.0000
1951	11	02	231.4168	 76.6140	 4.5011	 1.0000
1951	11	03	241.7541	 81.9005	 4.5126	 1.0000
1951	11	04	241.6927	 79.3713	 4.4579	 1.0000
1951	11	05	241.6182	 77.5500	 4.4684	 1.0000
1951	11	06	241.5911	 75.9409	 4.4677	 1.0000
1951	11	07	241.5810	 74.6178	 4.4891	 1.0000
1951	11	08	241.6159	 73.4543	 4.4362	 1.0000
1951	11	09	255.7154	 79.0031	 4.5464	 1.0000
1951	11	10	289.8334	 91.1542	 4.4621	 1.0000
1951	11	11	321.3183	 102.2258	 4.4630	 1.0000
1951	11	12	337.2101	 106.6186	 4.3947	 1.0000
1951	11	13	343.1939	 106.1933	 4.2934	 1.0000
1951	11	14	343.0501	 103.6989	 4.2765	 1.0000
1951	11	15	343.0207	 102.0733	 4.2939	 1.0000
1951	11	16	342.9186	 100.7357	 4.2815	 1.0000
1951	11	17	342.7331	 99.3949	 4.2353	 1.0000
1951	11	18	342.5869	 98.2127	 4.2234	 1.0000
1951	11	19	342.4433	 97.0538	 4.1812	 1.0000
1951	11	20	342.6448	 96.2576	 4.1856	 1.0000
1951	11	21	342.7464	 95.4779	 4.1889	 1.0000
1951	11	22	342.7617	 94.8097	 4.2045	 1.0000
1951	11	23	342.7899	 94.2249	 4.2262	 1.0000
1951	11	24	349.4308	 99.4740	 4.2372	 1.0000
1951	11	25	382.4891	 122.1115	 4.1742	 1.0000
1951	11	26	412.2749	 136.3677	 4.0533	 1.0000
1951	11	27	435.6303	 146.7420	 4.0168	 1.0000
1951	11	28	474.8418	 160.0563	 3.9682	 1.0000
1951	11	29	516.4112	 170.5459	 3.8943	 1.0000
1951	11	30	543.0691	 175.5941	 3.8197	 1.0000
1951	12	01	550.5089	 171.5403	 3.6651	 1.0000
1951	12	02	560.4197	 172.7282	 3.6847	 1.0000
1951	12	03	579.6030	 179.1827	 3.6035	 1.0000
1951	12	04	589.9351	 180.4007	 3.5562	 1.0000
1951	12	05	591.6561	 176.0444	 3.3788	 1.0000
1951	12	06	591.4512	 172.1622	 3.3600	 1.0000
1951	12	07	591.4424	 169.8767	 3.3857	 1.0000
1951	12	08	591.4567	 167.7126	 3.4060	 1.0000
1951	12	09	591.4936	 165.7653	 3.4371	 1.0000
1951	12	10	591.5381	 163.7852	 3.4702	 1.0000
1951	12	11	591.5369	 161.7257	 3.4907	 1.0000
1951	12	12	591.5070	 159.7331	 3.4962	 1.0000
1951	12	13	591.5097	 158.1729	 3.5101	 1.0000
1951	12	14	593.8733	 159.5780	 3.5198	 1.0000
1951	12	15	601.0511	 165.4854	 3.4957	 1.0000
1951	12	16	604.6365	 167.0804	 3.4615	 1.0000
1951	12	17	626.5330	 184.3080	 3.4421	 1.0000
1951	12	18	642.6086	 194.7622	 3.3021	 1.0000
1951	12	19	643.5892	 191.1569	 3.2819	 1.0000
1951	12	20	661.6228	 209.6409	 3.2705	 1.0000
1951	12	21	685.7398	 232.5729	 3.2585	 1.0000
1951	12	22	691.4448	 229.1271	 3.1268	 1.0000
1951	12	23	691.5135	 223.8023	 3.0221	 1.0000
1951	12	24	691.5048	 219.8804	 3.0329	 1.0000
1951	12	25	694.9050	 219.7195	 3.1475	 1.0000
1951	12	26	701.4816	 223.2661	 3.1329	 1.0000
1951	12	27	703.5586	 220.8256	 3.1409	 1.0000
1951	12	28	707.0269	 219.9668	 3.1562	 1.0000
1951	12	29	721.5802	 228.8763	 3.0264	 1.0000
1951	12	30	722.1780	 224.7847	 3.0164	 1.0000
1951	12	31	722.2707	 222.0983	 2.9099	 1.0000
