1949	01	01	340.6509	 117.0258	 4.1716	 1.0000
1949	01	02	340.6193	 114.6899	 4.0998	 1.0000
1949	01	03	340.6030	 112.8667	 4.1090	 1.0000
1949	01	04	340.6135	 111.2446	 4.1231	 1.0000
1949	01	05	341.1018	 110.1355	 4.1538	 1.0000
1949	01	06	345.7704	 111.2811	 4.4559	 1.0000
1949	01	07	347.9759	 110.9068	 4.2666	 1.0000
1949	01	08	347.8416	 109.5063	 4.2450	 1.0000
1949	01	09	347.8360	 108.6252	 4.2495	 1.0000
1949	01	10	347.8382	 107.9101	 4.2582	 1.0000
1949	01	11	347.8428	 107.1926	 4.2789	 1.0000
1949	01	12	347.8498	 106.3779	 4.3046	 1.0000
1949	01	13	347.8888	 105.5046	 4.3290	 1.0000
1949	01	14	348.4985	 104.9752	 4.3124	 1.0000
1949	01	15	348.8511	 103.9785	 4.2870	 1.0000
1949	01	16	349.4994	 103.4286	 4.2718	 1.0000
1949	01	17	349.5590	 102.4027	 4.1941	 1.0000
1949	01	18	349.5139	 101.5529	 4.1926	 1.0000
1949	01	19	349.5129	 100.9161	 4.1993	 1.0000
1949	01	20	350.0976	 101.1807	 4.1855	 1.0000
1949	01	21	351.0614	 102.0210	 4.1353	 1.0000
1949	01	22	351.0607	 101.4535	 4.1239	 1.0000
1949	01	23	351.0489	 100.9205	 4.0915	 1.0000
1949	01	24	351.0729	 100.4561	 4.0739	 1.0000
1949	01	25	351.3825	 100.3914	 4.0515	 1.0000
1949	01	26	351.7731	 100.4120	 4.0395	 1.0000
1949	01	27	351.7912	 99.8646	 4.0536	 1.0000
1949	01	28	351.8143	 99.3042	 4.0703	 1.0000
1949	01	29	351.8538	 98.6931	 4.0357	 1.0000
1949	01	30	351.8696	 98.0707	 4.0348	 1.0000
1949	01	31	351.8697	 97.5336	 4.0420	 1.0000
1949	02	01	351.9395	 97.0958	 3.9869	 1.0000
1949	02	02	352.5590	 97.4241	 3.9212	 1.0000
1949	02	03	354.9765	 100.0490	 3.8829	 1.0000
1949	02	04	355.2325	 99.6491	 3.7740	 1.0000
1949	02	05	365.0650	 111.1786	 3.8001	 1.0000
1949	02	06	371.3981	 116.6022	 3.7107	 1.0000
1949	02	07	374.6138	 117.2862	 3.6087	 1.0000
1949	02	08	386.1974	 124.0251	 3.5995	 1.0000
1949	02	09	408.4688	 135.8845	 3.5823	 1.0000
1949	02	10	423.3447	 144.3125	 3.3772	 1.0000
1949	02	11	423.2978	 140.4348	 3.3282	 1.0000
1949	02	12	423.3227	 137.9147	 3.2548	 1.0000
1949	02	13	434.1871	 146.0024	 3.4303	 1.0000
1949	02	14	448.3618	 151.3188	 3.4233	 1.0000
1949	02	15	484.7552	 162.9110	 3.7601	 1.0000
1949	02	16	546.3446	 172.5762	 4.3856	 1.0000
1949	02	17	556.9862	 172.1520	 4.2447	 1.0000
1949	02	18	560.9919	 171.3604	 4.1185	 1.0000
1949	02	19	576.4619	 183.2550	 4.1091	 1.0000
1949	02	20	587.7645	 186.7460	 4.0651	 1.0000
1949	02	21	611.7588	 196.7978	 4.0375	 1.0000
1949	02	22	621.6935	 190.5288	 4.2090	 1.0000
1949	02	23	622.3272	 182.9743	 4.2063	 1.0000
1949	02	24	622.3139	 177.0152	 4.1615	 1.0000
1949	02	25	622.2656	 172.4643	 4.1210	 1.0000
1949	02	26	622.1601	 169.0501	 3.9975	 1.0000
1949	02	27	622.0492	 166.0004	 3.9226	 1.0000
1949	02	28	621.9317	 163.3577	 3.8442	 1.0000
1949	03	01	621.8539	 161.0088	 3.8117	 1.0000
1949	03	02	621.7509	 158.6656	 3.7736	 1.0000
1949	03	03	621.7175	 156.5323	 3.7053	 1.0000
1949	03	04	621.7575	 154.5802	 3.5801	 1.0000
1949	03	05	621.6890	 152.6442	 3.1764	 1.0000
1949	03	06	621.0143	 150.7392	 2.9095	 1.0000
1949	03	07	621.3067	 149.5528	 2.9676	 1.0000
1949	03	08	629.4602	 154.0135	 3.7835	 1.0000
1949	03	09	629.3678	 153.0150	 3.6449	 1.0000
1949	03	10	629.2179	 152.0332	 3.4624	 1.0000
1949	03	11	630.1228	 151.6504	 3.5460	 1.0000
1949	03	12	639.7734	 155.4155	 3.7172	 1.0000
1949	03	13	641.8294	 155.4466	 3.7519	 1.0000
1949	03	14	643.4933	 155.5061	 3.6976	 1.0000
1949	03	15	648.1103	 157.3796	 3.8551	 1.0000
1949	03	16	651.1926	 157.6025	 3.9549	 1.0000
1949	03	17	654.6348	 157.6886	 3.9277	 1.0000
1949	03	18	668.3722	 161.5138	 4.2727	 1.0000
1949	03	19	674.1056	 162.5227	 4.6992	 1.0000
1949	03	20	675.7465	 162.3930	 4.7251	 1.0000
1949	03	21	676.2909	 161.4918	 4.7355	 1.0000
1949	03	22	676.3660	 160.2351	 4.4737	 1.0000
1949	03	23	676.3433	 159.0969	 4.3294	 1.0000
1949	03	24	676.3774	 157.9672	 4.0768	 1.0000
1949	03	25	677.0768	 157.3942	 3.9532	 1.0000
1949	03	26	682.6658	 160.2870	 4.0416	 1.0000
1949	03	27	684.4156	 161.1656	 3.8014	 1.0000
1949	03	28	684.3764	 160.2936	 3.7489	 1.0000
1949	03	29	684.6055	 159.4143	 3.7712	 1.0000
1949	03	30	684.5652	 158.3964	 3.5929	 1.0000
1949	03	31	685.0217	 157.4634	 2.9669	 1.0000
1949	04	01	685.1762	 156.4768	 2.4603	 1.0000
1949	04	02	684.5474	 155.3737	 2.2155	 1.0000
1949	04	03	682.1831	 153.7010	 0.4785	 1.0000
1949	04	04	677.0249	 151.4431	 0.0000	 1.0000
1949	04	05	674.5677	 149.9731	 0.0340	 1.0000
1949	04	06	669.9256	 148.0487	 0.0000	 1.0000
1949	04	07	664.8731	 146.0663	 0.0000	 1.0000
1949	04	08	660.5280	 144.3434	 0.0000	 1.0000
1949	04	09	653.4577	 142.0628	 0.0000	 1.0000
1949	04	10	643.7541	 139.2317	 0.0000	 1.0000
1949	04	11	637.3682	 137.2031	 0.0000	 1.0000
1949	04	12	632.1561	 135.4804	 0.0000	 1.0000
1949	04	13	624.9014	 133.3669	 0.0000	 1.0000
1949	04	14	615.7505	 130.8762	 0.0000	 1.0000
1949	04	15	601.0081	 127.2060	 0.0000	 0.9927
1949	04	16	583.0443	 122.9020	 0.0000	 0.9927
1949	04	17	566.3765	 118.9240	 0.0590	 0.9927
1949	04	18	548.2610	 114.6900	 0.0000	 0.9927
1949	04	19	544.0140	 113.4485	 0.2420	 0.9927
1949	04	20	542.6887	 113.0217	 0.5917	 0.9927
1949	04	21	542.3788	 112.8989	 0.6774	 0.9927
1949	04	22	539.3678	 112.1059	 0.4922	 0.9927
1949	04	23	539.7840	 112.2469	 0.3811	 0.9927
1949	04	24	535.8171	 111.1234	 0.2260	 0.9332
1949	04	25	527.0521	 108.9947	 0.0000	 0.9332
1949	04	26	511.2984	 105.3632	 0.0000	 0.9332
1949	04	27	495.3263	 101.7963	 0.0754	 0.7950
1949	04	28	491.5474	 100.7607	 0.1371	 0.7950
1949	04	29	491.0640	 100.4387	 0.0215	 0.7950
1949	04	30	492.3146	 100.7136	 0.7230	 0.7950
1949	05	01	501.1207	 104.5895	 3.2493	 0.7950
1949	05	02	502.8512	 104.9744	 2.4605	 0.7950
1949	05	03	502.9158	 104.8530	 2.1705	 0.7950
1949	05	04	502.9673	 104.6354	 1.1277	 0.7950
1949	05	05	494.6127	 102.5521	 0.0000	 0.7950
1949	05	06	477.7629	 98.7494	 0.0000	 0.7950
1949	05	07	457.1302	 94.2041	 0.0000	 0.7950
1949	05	08	435.2737	 89.4463	 0.0000	 0.7950
1949	05	09	412.8337	 84.6058	 0.0000	 0.7879
1949	05	10	390.4636	 79.8223	 0.0000	 0.7879
1949	05	11	368.8897	 75.2342	 0.0000	 0.7879
1949	05	12	343.6788	 69.9329	 0.0000	 0.7879
1949	05	13	318.6939	 64.7080	 0.0000	 0.7807
1949	05	14	292.0574	 59.1781	 0.0000	 0.7807
1949	05	15	271.1441	 54.8316	 0.0000	 0.7736
1949	05	16	262.2033	 52.9324	 0.0098	 0.7736
1949	05	17	256.0956	 51.6136	 0.0086	 0.7155
1949	05	18	243.2035	 48.9330	 0.0000	 0.7155
1949	05	19	233.9169	 46.9885	 0.0009	 0.7155
1949	05	20	226.5881	 45.4520	 0.0000	 0.5807
1949	05	21	220.4547	 44.1568	 0.0000	 0.5807
1949	05	22	213.1687	 42.6358	 0.0000	 0.5807
1949	05	23	202.4639	 40.4370	 0.0000	 0.5738
1949	05	24	192.9708	 38.4906	 0.0000	 0.5738
1949	05	25	175.2886	 34.9178	 0.0000	 0.5738
1949	05	26	163.0634	 32.4429	 0.0000	 0.5738
1949	05	27	149.3333	 29.6747	 0.0000	 0.5738
1949	05	28	142.6834	 28.3226	 0.0000	 0.5738
1949	05	29	134.1420	 26.5976	 0.0000	 0.5738
1949	05	30	122.1098	 24.1807	 0.0000	 0.5738
1949	05	31	117.8609	 23.3192	 0.0230	 0.5738
1949	06	01	114.4523	 22.6247	 0.0000	 0.5738
1949	06	02	109.9847	 21.7159	 0.0000	 0.4389
1949	06	03	105.7720	 20.8640	 0.0000	 0.3809
1949	06	04	96.9549	 19.1055	 0.0000	 0.3809
1949	06	05	86.1248	 16.9542	 0.0000	 0.3809
1949	06	06	71.6721	 14.0932	 0.0000	 0.3809
1949	06	07	64.2315	 12.6172	 0.0000	 0.3809
1949	06	08	57.2994	 11.2433	 0.0000	 0.3809
1949	06	09	48.3931	 9.4830	 0.0000	 0.3809
1949	06	10	42.2032	 8.2600	 0.0000	 0.2461
1949	06	11	39.9005	 7.8046	 0.0000	 0.1880
1949	06	12	37.4998	 7.3312	 0.0000	 0.1880
1949	06	13	34.7302	 6.7864	 0.0000	 0.1880
1949	06	14	31.2861	 6.1107	 0.0000	 0.1880
1949	06	15	30.8750	 6.0402	 0.0151	 0.1880
1949	06	16	30.7625	 6.0262	 0.0540	 0.1880
1949	06	17	30.2896	 5.9826	 0.1375	 0.1950
1949	06	18	28.5060	 5.6740	 0.0000	 0.1880
1949	06	19	26.2036	 5.2133	 0.0000	 0.1880
1949	06	20	22.3642	 4.4473	 0.0000	 0.1880
1949	06	21	19.0923	 3.7950	 0.0000	 0.1880
1949	06	22	16.2960	 3.2378	 0.0000	 0.1880
1949	06	23	13.4648	 2.6742	 0.0000	 0.1880
1949	06	24	12.5591	 2.4940	 0.0000	 0.1880
1949	06	25	10.9496	 2.1735	 0.0000	 0.1880
1949	06	26	8.6406	 1.7142	 0.0000	 0.1880
1949	06	27	5.5460	 1.0990	 0.0000	 0.1880
1949	06	28	3.4521	 0.7003	 0.0924	 0.1880
1949	06	29	1.9373	 0.3916	 0.0000	 0.0566
1949	06	30	0.7592	 0.1535	 0.0000	 0.0566
1949	07	01	0.0000	 0.0000	 0.0000	 0.0000
1949	07	02	0.0000	 0.0000	 0.0000	 0.0000
1949	07	03	0.0000	 0.0000	 0.0000	 0.0000
1949	07	04	0.0000	 0.0000	 0.0000	 0.0000
1949	07	05	0.0000	 0.0000	 0.0000	 0.0000
1949	07	06	0.0000	 0.0000	 0.0000	 0.0000
1949	07	07	0.0000	 0.0000	 0.0000	 0.0000
1949	07	08	0.0000	 0.0000	 0.0000	 0.0000
1949	07	09	0.0000	 0.0000	 0.0000	 0.0000
1949	07	10	0.0000	 0.0000	 0.0000	 0.0000
1949	07	11	0.0000	 0.0000	 0.0000	 0.0000
1949	07	12	0.0000	 0.0000	 0.0000	 0.0000
1949	07	13	0.0000	 0.0000	 0.0000	 0.0000
1949	07	14	0.0000	 0.0000	 0.0000	 0.0000
1949	07	15	0.0000	 0.0000	 0.0000	 0.0000
1949	07	16	0.0000	 0.0000	 0.0027	 0.0000
1949	07	17	0.0000	 0.0000	 0.0000	 0.0000
1949	07	18	0.0000	 0.0000	 0.0000	 0.0000
1949	07	19	0.0000	 0.0000	 0.0000	 0.0000
1949	07	20	0.0000	 0.0000	 0.0000	 0.0000
1949	07	21	0.0000	 0.0000	 0.0000	 0.0000
1949	07	22	0.0000	 0.0000	 0.0000	 0.0000
1949	07	23	0.0000	 0.0000	 0.0000	 0.0000
1949	07	24	0.0000	 0.0000	 0.0000	 0.0000
1949	07	25	0.0000	 0.0000	 0.0000	 0.0000
1949	07	26	0.0000	 0.0000	 0.0000	 0.0000
1949	07	27	0.0000	 0.0000	 0.0000	 0.0000
1949	07	28	0.0000	 0.0000	 0.0000	 0.0000
1949	07	29	0.0000	 0.0000	 0.0000	 0.0000
1949	07	30	0.0000	 0.0000	 0.0000	 0.0000
1949	07	31	0.0000	 0.0000	 0.0000	 0.0000
1949	08	01	0.0000	 0.0000	 0.0000	 0.0000
1949	08	02	0.0000	 0.0000	 0.0000	 0.0000
1949	08	03	0.0000	 0.0000	 0.0000	 0.0000
1949	08	04	0.0000	 0.0000	 0.0000	 0.0000
1949	08	05	0.0000	 0.0000	 0.0000	 0.0000
1949	08	06	0.0000	 0.0000	 0.0000	 0.0000
1949	08	07	0.0000	 0.0000	 0.0000	 0.0000
1949	08	08	0.0000	 0.0000	 0.0000	 0.0000
1949	08	09	0.0000	 0.0000	 0.0000	 0.0000
1949	08	10	0.0000	 0.0000	 0.0000	 0.0000
1949	08	11	0.0000	 0.0000	 0.0000	 0.0000
1949	08	12	0.0000	 0.0000	 0.0000	 0.0000
1949	08	13	0.0000	 0.0000	 0.0000	 0.0000
1949	08	14	0.0000	 0.0000	 0.0000	 0.0000
1949	08	15	0.0000	 0.0000	 0.0000	 0.0000
1949	08	16	0.0000	 0.0000	 0.0000	 0.0000
1949	08	17	0.0000	 0.0000	 0.0000	 0.0000
1949	08	18	0.0000	 0.0000	 0.0000	 0.0000
1949	08	19	0.0000	 0.0000	 0.0000	 0.0000
1949	08	20	0.0000	 0.0000	 0.0000	 0.0000
1949	08	21	0.0000	 0.0000	 0.0000	 0.0000
1949	08	22	0.0000	 0.0000	 0.0000	 0.0000
1949	08	23	0.0000	 0.0000	 0.0000	 0.0000
1949	08	24	0.0000	 0.0000	 0.0000	 0.0000
1949	08	25	0.0000	 0.0000	 0.0000	 0.0000
1949	08	26	0.0000	 0.0000	 0.0000	 0.0000
1949	08	27	0.0000	 0.0000	 0.0000	 0.0000
1949	08	28	0.0000	 0.0000	 0.0000	 0.0000
1949	08	29	0.0000	 0.0000	 0.0000	 0.0000
1949	08	30	0.0000	 0.0000	 0.0000	 0.0000
1949	08	31	0.0000	 0.0000	 0.0000	 0.0000
1949	09	01	0.0000	 0.0000	 0.0000	 0.0000
1949	09	02	0.0000	 0.0000	 0.0000	 0.0000
1949	09	03	0.0000	 0.0000	 0.0000	 0.0000
1949	09	04	0.0000	 0.0000	 0.0000	 0.0000
1949	09	05	0.0000	 0.0000	 0.0000	 0.0000
1949	09	06	0.0000	 0.0000	 0.0000	 0.0000
1949	09	07	0.0000	 0.0000	 0.0000	 0.0000
1949	09	08	0.0000	 0.0000	 0.0000	 0.0000
1949	09	09	0.0000	 0.0000	 0.0000	 0.0000
1949	09	10	0.0000	 0.0000	 0.1354	 0.0000
1949	09	11	0.0000	 0.0000	 0.0517	 0.0000
1949	09	12	0.0000	 0.0000	 0.0000	 0.0000
1949	09	13	0.0001	 0.0001	 0.0382	 0.0070
1949	09	14	0.0759	 0.0513	 0.3422	 0.2021
1949	09	15	1.5635	 0.9157	 0.9444	 0.6021
1949	09	16	3.3259	 1.9431	 0.3859	 0.5298
1949	09	17	2.1313	 1.1193	 0.0863	 0.1950
1949	09	18	2.0929	 1.0664	 0.4136	 0.4021
1949	09	19	1.4865	 0.7208	 0.2254	 0.1950
1949	09	20	0.7331	 0.3466	 0.0643	 0.1950
1949	09	21	0.0000	 0.0000	 0.0000	 0.0000
1949	09	22	0.0000	 0.0000	 0.0000	 0.0000
1949	09	23	0.0000	 0.0000	 0.0000	 0.0000
1949	09	24	0.0000	 0.0000	 0.0000	 0.0000
1949	09	25	0.0000	 0.0000	 0.0000	 0.0000
1949	09	26	0.0000	 0.0000	 0.0000	 0.0000
1949	09	27	0.0000	 0.0000	 0.0000	 0.0000
1949	09	28	0.0000	 0.0000	 0.0000	 0.0000
1949	09	29	0.0000	 0.0000	 0.0000	 0.0000
1949	09	30	0.0000	 0.0000	 0.0000	 0.0000
1949	10	01	0.0000	 0.0000	 0.0000	 0.0000
1949	10	02	0.0000	 0.0000	 0.0000	 0.0000
1949	10	03	0.0008	 0.0006	 0.0710	 0.2021
1949	10	04	1.7330	 1.0695	 0.8439	 0.5950
1949	10	05	2.7740	 1.7154	 1.4292	 0.5950
1949	10	06	2.2215	 1.3045	 0.4886	 0.3950
1949	10	07	2.7123	 1.6366	 0.8562	 0.5879
1949	10	08	2.9238	 1.7507	 0.7585	 0.3950
1949	10	09	5.0428	 2.8171	 1.3411	 0.5950
1949	10	10	9.6379	 4.9220	 1.5623	 0.5950
1949	10	11	11.0013	 5.3722	 1.6242	 0.5950
1949	10	12	11.0142	 5.2308	 1.3277	 0.5950
1949	10	13	10.3888	 4.8601	 1.3793	 0.5370
1949	10	14	11.1420	 5.1878	 1.3528	 0.4021
1949	10	15	11.4135	 5.2325	 1.2443	 0.3950
1949	10	16	11.4115	 5.1263	 1.1678	 0.3950
1949	10	17	11.4072	 5.0374	 1.1651	 0.3950
1949	10	18	11.3973	 4.9589	 1.1559	 0.3950
1949	10	19	11.3863	 4.8814	 1.1455	 0.3950
1949	10	20	11.2850	 4.7516	 1.1142	 0.3950
1949	10	21	10.9080	 4.4722	 0.7988	 0.3950
1949	10	22	9.8434	 3.9372	 0.6108	 0.3879
1949	10	23	9.0603	 3.5552	 0.6192	 0.3879
1949	10	24	7.8881	 3.0182	 0.4963	 0.3298
1949	10	25	7.3690	 2.7708	 0.5060	 0.1950
1949	10	26	7.7303	 2.8809	 0.3669	 0.1950
1949	10	27	9.8106	 3.8452	 0.8901	 0.5950
1949	10	28	31.9363	 14.4637	 3.5169	 0.7950
1949	10	29	34.2815	 15.0745	 3.9386	 0.7950
1949	10	30	34.2828	 14.6051	 3.9640	 0.7950
1949	10	31	34.1203	 14.0792	 2.9103	 0.7950
1949	11	01	33.8980	 13.5709	 2.6940	 0.7950
1949	11	02	33.4368	 12.9961	 2.4657	 0.7950
1949	11	03	32.2082	 12.1767	 2.3526	 0.7879
1949	11	04	31.0382	 11.4252	 2.1536	 0.6530
1949	11	05	30.7152	 11.0875	 2.0694	 0.5950
1949	11	06	30.4755	 10.8185	 2.0597	 0.5879
1949	11	07	30.3569	 10.6204	 2.0895	 0.5879
1949	11	08	34.1097	 12.4839	 2.8239	 0.7950
1949	11	09	36.4253	 13.6368	 2.9186	 0.7950
1949	11	10	47.2633	 18.8509	 3.8793	 0.7950
1949	11	11	86.7659	 35.4219	 3.9205	 0.7950
1949	11	12	95.5027	 36.6714	 3.9475	 0.7950
1949	11	13	98.0970	 35.9821	 3.8068	 0.7950
1949	11	14	108.1345	 38.3836	 4.0870	 0.7950
1949	11	15	108.1643	 37.2514	 4.1297	 0.7950
1949	11	16	108.3133	 36.4179	 4.1392	 0.7950
1949	11	17	108.6173	 35.7898	 4.1792	 0.7950
1949	11	18	109.6063	 35.6302	 4.2235	 0.7950
1949	11	19	109.6362	 35.0922	 4.2415	 0.7950
1949	11	20	109.6866	 34.6816	 4.2641	 0.7950
1949	11	21	110.3257	 34.7520	 4.3031	 0.7950
1949	11	22	126.0718	 43.9284	 4.8539	 1.0000
1949	11	23	143.4694	 49.9449	 5.4134	 1.0000
1949	11	24	162.0386	 54.8625	 5.6272	 1.0000
1949	11	25	174.1900	 58.1010	 5.7132	 1.0000
1949	11	26	213.6066	 69.7333	 4.9344	 1.0000
1949	11	27	233.2163	 74.7936	 5.6674	 1.0000
1949	11	28	256.5336	 83.1352	 5.7722	 1.0000
1949	11	29	265.3599	 84.3748	 5.8164	 1.0000
1949	11	30	269.5240	 83.9210	 5.8324	 1.0000
1949	12	01	289.3797	 90.9446	 5.5653	 1.0000
1949	12	02	300.5940	 96.1194	 5.5522	 1.0000
1949	12	03	308.1452	 99.3077	 5.5750	 1.0000
1949	12	04	311.0065	 98.5641	 5.5101	 1.0000
1949	12	05	317.3266	 100.5290	 5.5068	 1.0000
1949	12	06	317.3205	 98.4776	 5.5171	 1.0000
1949	12	07	317.4593	 96.9543	 5.5014	 1.0000
1949	12	08	318.5457	 96.5844	 5.5020	 1.0000
1949	12	09	318.5682	 95.3970	 5.4489	 1.0000
1949	12	10	319.6221	 95.6278	 5.4468	 1.0000
1949	12	11	319.6615	 94.7457	 5.4605	 1.0000
1949	12	12	319.7560	 93.9062	 5.4325	 1.0000
1949	12	13	319.8175	 93.0144	 5.4526	 1.0000
1949	12	14	320.7740	 92.7705	 5.4091	 1.0000
1949	12	15	327.6462	 96.4703	 5.4227	 1.0000
1949	12	16	332.1880	 98.5963	 5.3962	 1.0000
1949	12	17	340.6877	 104.4505	 5.2008	 1.0000
1949	12	18	342.7347	 105.4543	 5.0975	 1.0000
1949	12	19	342.8027	 104.5382	 5.1127	 1.0000
1949	12	20	344.2374	 104.8706	 5.1104	 1.0000
1949	12	21	346.6654	 104.9718	 5.2599	 1.0000
1949	12	22	350.0901	 104.4264	 5.5928	 1.0000
1949	12	23	365.4230	 112.1134	 5.4596	 1.0000
1949	12	24	368.8073	 113.3404	 5.3261	 1.0000
1949	12	25	377.2143	 118.1578	 5.2812	 1.0000
1949	12	26	387.3104	 120.1298	 5.4515	 1.0000
1949	12	27	427.3740	 129.1300	 5.5979	 1.0000
1949	12	28	434.9542	 127.3252	 5.5779	 1.0000
1949	12	29	446.0834	 132.1630	 5.3797	 1.0000
1949	12	30	456.5747	 139.3579	 5.3236	 1.0000
1949	12	31	464.4791	 144.5578	 5.1744	 1.0000
1950	01	01	467.5710	 146.0882	 5.0262	 1.0000
1950	01	02	467.5452	 144.3909	 5.0322	 1.0000
1950	01	03	467.7175	 143.3781	 5.0242	 1.0000
1950	01	04	468.6273	 143.4462	 5.0324	 1.0000
1950	01	05	476.3910	 152.0794	 5.0225	 1.0000
1950	01	06	491.7941	 166.4122	 4.9682	 1.0000
1950	01	07	492.4075	 161.3126	 4.8636	 1.0000
1950	01	08	493.0677	 157.4394	 4.8451	 1.0000
1950	01	09	503.2038	 163.6247	 4.7909	 1.0000
1950	01	10	517.8861	 170.9223	 4.5264	 1.0000
1950	01	11	518.5472	 166.5525	 4.4537	 1.0000
1950	01	12	522.1278	 167.8227	 4.3196	 1.0000
1950	01	13	529.5970	 175.5031	 4.2786	 1.0000
1950	01	14	530.8991	 175.1428	 4.2772	 1.0000
1950	01	15	533.8533	 176.7562	 4.2737	 1.0000
1950	01	16	534.2091	 174.4840	 4.2665	 1.0000
1950	01	17	534.2590	 172.0747	 4.2213	 1.0000
1950	01	18	552.1315	 192.5497	 4.2608	 1.0000
1950	01	19	589.6138	 227.2917	 4.2665	 1.0000
1950	01	20	613.5346	 223.4703	 4.2436	 1.0000
1950	01	21	636.0991	 210.4498	 4.9540	 1.0000
1950	01	22	646.9341	 202.9363	 4.9087	 1.0000
1950	01	23	649.8434	 200.8514	 4.7184	 1.0000
1950	01	24	649.8128	 198.6055	 4.5957	 1.0000
1950	01	25	654.6199	 203.3485	 4.6235	 1.0000
1950	01	26	661.7373	 209.8186	 4.6001	 1.0000
1950	01	27	661.8112	 206.4952	 4.5953	 1.0000
1950	01	28	661.8422	 203.9831	 4.5505	 1.0000
1950	01	29	661.8343	 201.9246	 4.5533	 1.0000
1950	01	30	661.8182	 200.2032	 4.5477	 1.0000
1950	01	31	661.8130	 198.6139	 4.5481	 1.0000
1950	02	01	661.8302	 197.0556	 4.5269	 1.0000
1950	02	02	662.0416	 195.6567	 4.5171	 1.0000
1950	02	03	669.5689	 203.3812	 4.5434	 1.0000
1950	02	04	682.2764	 214.5808	 4.4791	 1.0000
1950	02	05	694.7570	 222.6699	 4.4667	 1.0000
1950	02	06	699.3402	 217.7193	 4.4494	 1.0000
1950	02	07	720.2569	 218.3232	 4.6561	 1.0000
1950	02	08	726.0690	 214.6380	 4.4780	 1.0000
1950	02	09	727.5044	 210.2989	 4.4027	 1.0000
1950	02	10	728.5434	 206.7463	 4.4177	 1.0000
1950	02	11	729.5450	 202.3479	 4.3578	 1.0000
1950	02	12	741.7524	 204.8043	 4.3430	 1.0000
1950	02	13	746.3518	 202.4387	 4.4043	 1.0000
1950	02	14	749.4319	 199.5027	 4.4569	 1.0000
1950	02	15	751.8557	 196.4270	 4.3725	 1.0000
1950	02	16	753.0428	 193.7702	 4.3894	 1.0000
1950	02	17	753.1191	 191.1135	 4.3351	 1.0000
1950	02	18	753.0756	 188.5353	 4.2622	 1.0000
1950	02	19	752.9943	 186.4760	 4.2727	 1.0000
1950	02	20	753.0237	 184.8013	 4.2737	 1.0000
1950	02	21	753.4696	 183.3136	 4.3028	 1.0000
1950	02	22	755.5726	 182.4929	 4.4268	 1.0000
1950	02	23	794.8718	 199.4490	 4.3737	 1.0000
1950	02	24	814.7220	 204.1836	 4.6657	 1.0000
1950	02	25	824.3712	 205.0819	 4.6992	 1.0000
1950	02	26	825.8237	 203.2759	 4.6727	 1.0000
1950	02	27	825.8864	 201.5566	 4.5570	 1.0000
1950	02	28	825.8621	 199.9838	 4.5548	 1.0000
1950	03	01	825.8478	 198.4720	 4.4150	 1.0000
1950	03	02	828.1989	 197.9427	 4.7606	 1.0000
1950	03	03	855.6982	 204.4881	 4.7197	 1.0000
1950	03	04	877.2438	 209.8125	 5.3300	 1.0000
1950	03	05	881.2706	 209.1545	 5.4966	 1.0000
1950	03	06	881.0087	 207.2108	 5.1443	 1.0000
1950	03	07	881.4369	 205.8500	 5.1902	 1.0000
1950	03	08	882.3354	 205.2140	 5.1724	 1.0000
1950	03	09	887.1624	 207.8586	 5.2403	 1.0000
1950	03	10	888.2710	 207.4188	 5.2629	 1.0000
1950	03	11	888.1937	 206.3490	 5.1845	 1.0000
1950	03	12	888.9966	 206.1485	 5.1631	 1.0000
1950	03	13	889.1124	 205.1887	 5.1699	 1.0000
1950	03	14	889.1231	 203.9065	 5.2109	 1.0000
1950	03	15	890.6077	 202.8997	 5.4049	 1.0000
1950	03	16	907.0801	 207.8912	 5.3982	 1.0000
1950	03	17	912.4411	 208.3421	 5.4111	 1.0000
1950	03	18	927.4665	 215.2693	 5.3444	 1.0000
1950	03	19	936.4023	 219.8520	 5.2092	 1.0000
1950	03	20	941.4519	 221.5633	 5.2693	 1.0000
1950	03	21	945.5806	 221.1720	 5.4356	 1.0000
1950	03	22	947.1593	 220.3355	 5.3914	 1.0000
1950	03	23	951.0796	 221.2152	 5.3031	 1.0000
1950	03	24	951.8936	 220.1453	 5.3042	 1.0000
1950	03	25	952.3196	 218.7450	 5.3153	 1.0000
1950	03	26	958.6822	 220.3085	 5.2754	 1.0000
1950	03	27	967.6750	 223.8331	 5.0941	 1.0000
1950	03	28	969.9138	 224.0273	 4.9297	 1.0000
1950	03	29	970.6671	 222.9061	 4.9379	 1.0000
1950	03	30	970.8663	 221.2952	 4.8757	 1.0000
1950	03	31	976.3950	 221.6079	 4.8100	 1.0000
1950	04	01	980.5249	 221.8933	 5.0074	 1.0000
1950	04	02	981.3192	 220.7671	 4.8702	 1.0000
1950	04	03	981.2078	 219.3361	 4.6316	 1.0000
1950	04	04	981.5984	 217.9624	 4.0709	 1.0000
1950	04	05	982.2590	 216.8260	 3.7794	 1.0000
1950	04	06	982.1063	 215.6329	 3.6375	 1.0000
1950	04	07	982.4468	 214.8676	 3.5489	 1.0000
1950	04	08	989.3799	 216.7233	 3.9163	 1.0000
1950	04	09	989.4939	 215.6082	 3.7784	 1.0000
1950	04	10	990.7045	 214.4548	 2.2377	 1.0000
1950	04	11	997.3270	 215.4171	 2.2902	 1.0000
1950	04	12	998.5816	 214.7525	 2.2161	 1.0000
1950	04	13	997.0088	 213.2401	 1.6735	 1.0000
1950	04	14	996.5301	 212.1447	 1.8657	 1.0000
1950	04	15	1000.4032	 212.7068	 2.4767	 1.0000
1950	04	16	1006.2734	 214.2937	 3.1994	 1.0000
1950	04	17	1006.2862	 213.4080	 2.8924	 1.0000
1950	04	18	1005.1092	 212.0130	 1.1344	 1.0000
1950	04	19	1001.8695	 210.1234	 0.0000	 1.0000
1950	04	20	998.5754	 208.3222	 0.0063	 1.0000
1950	04	21	997.1915	 207.1520	 0.3519	 1.0000
1950	04	22	997.4432	 206.6787	 0.6777	 1.0000
1950	04	23	999.2741	 206.9839	 1.1618	 1.0000
1950	04	24	997.1555	 205.7011	 0.0000	 1.0000
1950	04	25	995.6961	 204.6788	 0.0000	 1.0000
1950	04	26	994.9904	 203.9107	 0.3703	 1.0000
1950	04	27	994.3952	 203.1292	 0.3769	 1.0000
1950	04	28	990.9773	 201.7226	 0.0000	 1.0000
1950	04	29	987.2488	 200.2100	 0.0000	 1.0000
1950	04	30	984.4569	 198.9623	 0.4022	 1.0000
1950	05	01	981.8998	 197.8325	 0.4485	 1.0000
1950	05	02	979.9654	 196.8251	 0.1982	 1.0000
1950	05	03	978.2794	 195.9787	 0.6776	 1.0000
1950	05	04	976.8981	 195.1836	 0.4037	 1.0000
1950	05	05	976.0259	 194.5482	 0.4835	 1.0000
1950	05	06	973.4516	 193.5450	 0.1550	 1.0000
1950	05	07	969.0403	 192.0764	 0.0000	 1.0000
1950	05	08	962.4329	 190.1743	 0.0000	 1.0000
1950	05	09	955.6530	 188.2671	 0.0000	 1.0000
1950	05	10	945.5598	 185.6934	 0.0000	 1.0000
1950	05	11	935.1351	 183.0836	 0.0000	 1.0000
1950	05	12	915.9250	 178.7841	 0.0000	 1.0000
1950	05	13	902.3751	 175.6350	 0.0000	 1.0000
1950	05	14	888.5405	 172.4619	 0.0000	 0.9927
1950	05	15	876.0722	 169.5905	 0.0000	 0.9927
1950	05	16	861.3170	 166.3000	 0.0000	 0.9927
1950	05	17	858.8882	 165.4891	 0.0237	 0.9927
1950	05	18	856.0640	 164.6237	 0.0000	 0.9927
1950	05	19	851.1599	 163.3136	 0.0353	 0.9927
1950	05	20	836.9429	 160.1847	 0.0000	 0.9927
1950	05	21	823.4417	 157.2126	 0.0000	 0.8545
1950	05	22	819.8575	 156.2250	 0.0000	 0.7950
1950	05	23	814.2517	 154.8642	 0.0000	 0.7950
1950	05	24	804.6656	 152.7442	 0.0000	 0.7950
1950	05	25	788.9298	 149.4635	 0.0000	 0.7950
1950	05	26	769.1587	 145.4419	 0.0000	 0.7950
1950	05	27	766.5625	 144.7092	 0.0363	 0.7950
1950	05	28	760.7518	 143.3769	 0.0000	 0.7950
1950	05	29	757.7483	 142.5853	 0.0000	 0.7950
1950	05	30	747.5691	 140.4455	 0.0000	 0.7950
1950	05	31	731.9531	 137.2807	 0.0000	 0.7950
1950	06	01	719.0127	 134.6343	 0.0000	 0.7950
1950	06	02	706.6143	 132.1060	 0.0000	 0.7950
1950	06	03	687.0320	 128.2437	 0.0000	 0.7879
1950	06	04	672.1434	 125.2770	 0.0000	 0.7879
1950	06	05	667.6860	 124.2822	 0.0193	 0.7879
1950	06	06	665.8398	 123.7912	 0.1459	 0.7879
1950	06	07	664.6865	 123.4948	 0.4066	 0.7879
1950	06	08	662.9198	 123.1221	 0.3652	 0.7879
1950	06	09	653.1869	 121.1706	 0.0467	 0.7879
1950	06	10	638.5641	 118.3037	 0.0000	 0.7879
1950	06	11	619.1492	 114.5493	 0.0000	 0.7879
1950	06	12	599.5650	 110.7759	 0.0000	 0.7879
1950	06	13	577.4708	 106.5500	 0.0000	 0.7879
1950	06	14	558.7267	 102.9602	 0.0000	 0.7807
1950	06	15	536.2500	 98.6942	 0.0000	 0.7807
1950	06	16	513.5184	 94.3913	 0.0000	 0.7807
1950	06	17	491.5353	 90.2388	 0.0000	 0.7807
1950	06	18	468.4340	 85.8937	 0.0000	 0.7807
1950	06	19	438.3934	 80.2799	 0.0000	 0.7736
1950	06	20	409.1683	 74.8306	 0.0000	 0.7736
1950	06	21	390.9255	 71.4079	 0.0000	 0.7736
1950	06	22	380.7248	 69.4823	 0.0977	 0.6388
1950	06	23	371.8392	 67.8202	 0.0000	 0.6388
1950	06	24	364.6159	 66.4400	 0.0000	 0.5807
1950	06	25	355.4707	 64.7154	 0.0000	 0.5807
1950	06	26	339.8801	 61.8196	 0.0000	 0.5807
1950	06	27	321.6622	 58.4514	 0.0000	 0.5807
1950	06	28	301.1916	 54.6798	 0.0000	 0.5807
1950	06	29	282.2043	 51.1843	 0.0000	 0.5807
1950	06	30	264.3690	 47.9038	 0.0000	 0.5738
1950	07	01	248.0933	 44.9143	 0.0000	 0.5738
1950	07	02	229.8578	 41.5731	 0.0000	 0.5738
1950	07	03	209.0866	 37.7760	 0.0000	 0.5738
1950	07	04	188.5388	 34.0238	 0.0000	 0.5738
1950	07	05	175.5827	 31.6563	 0.0000	 0.4389
1950	07	06	163.1866	 29.3972	 0.0000	 0.4389
1950	07	07	155.0324	 27.9094	 0.0000	 0.3809
1950	07	08	147.1598	 26.4764	 0.0000	 0.3809
1950	07	09	140.7695	 25.3263	 0.0000	 0.3809
1950	07	10	135.7927	 24.4161	 0.0000	 0.3809
1950	07	11	128.4396	 23.0787	 0.0000	 0.3809
1950	07	12	120.3314	 21.6065	 0.0000	 0.3809
1950	07	13	104.6760	 18.7765	 0.0000	 0.3809
1950	07	14	95.0175	 17.0287	 0.0000	 0.3809
1950	07	15	88.0876	 15.7729	 0.0000	 0.3809
1950	07	16	79.5659	 14.2334	 0.0000	 0.2461
1950	07	17	72.6031	 12.9798	 0.0000	 0.2461
1950	07	18	65.2576	 11.6597	 0.0000	 0.1880
1950	07	19	62.5331	 11.1791	 0.0000	 0.1880
1950	07	20	55.7494	 9.9633	 0.0000	 0.1880
1950	07	21	50.1743	 8.9645	 0.0000	 0.1880
1950	07	22	44.1982	 7.8948	 0.0000	 0.1880
1950	07	23	38.9275	 6.9519	 0.0000	 0.1880
1950	07	24	32.9145	 5.8768	 0.0000	 0.1880
1950	07	25	28.0188	 5.0018	 0.0000	 0.1880
1950	07	26	23.8790	 4.2621	 0.0000	 0.1880
1950	07	27	21.5234	 3.8412	 0.0172	 0.1880
1950	07	28	20.4143	 3.6782	 0.0000	 0.1880
1950	07	29	18.4524	 3.3628	 0.0000	 0.1880
1950	07	30	15.4462	 2.8137	 0.0000	 0.1880
1950	07	31	10.5096	 1.9125	 0.0000	 0.1880
1950	08	01	4.4051	 0.7984	 0.0000	 0.1880
1950	08	02	2.7459	 0.4967	 0.0000	 0.0566
1950	08	03	1.9351	 0.3500	 0.0000	 0.0566
1950	08	04	0.8941	 0.1617	 0.0000	 0.0566
1950	08	05	0.1415	 0.0259	 0.0000	 0.0566
1950	08	06	0.0000	 0.0000	 0.0000	 0.0000
1950	08	07	0.0000	 0.0000	 0.0000	 0.0000
1950	08	08	0.0000	 0.0000	 0.0000	 0.0000
1950	08	09	0.0000	 0.0000	 0.0000	 0.0000
1950	08	10	0.0000	 0.0000	 0.0000	 0.0000
1950	08	11	0.0000	 0.0000	 0.0000	 0.0000
1950	08	12	0.0000	 0.0000	 0.0000	 0.0000
1950	08	13	0.0000	 0.0000	 0.0000	 0.0000
1950	08	14	0.0000	 0.0000	 0.0000	 0.0000
1950	08	15	0.0000	 0.0000	 0.0000	 0.0000
1950	08	16	0.0000	 0.0000	 0.0000	 0.0000
1950	08	17	0.0000	 0.0000	 0.0000	 0.0000
1950	08	18	0.0000	 0.0000	 0.0000	 0.0000
1950	08	19	0.0000	 0.0000	 0.0000	 0.0000
1950	08	20	0.0000	 0.0000	 0.0000	 0.0000
1950	08	21	0.0000	 0.0000	 0.0000	 0.0000
1950	08	22	0.0000	 0.0000	 0.0000	 0.0000
1950	08	23	0.0000	 0.0000	 0.0000	 0.0000
1950	08	24	0.0000	 0.0000	 0.0000	 0.0000
1950	08	25	0.0000	 0.0000	 0.0000	 0.0000
1950	08	26	0.0000	 0.0000	 0.0000	 0.0000
1950	08	27	0.0000	 0.0000	 0.0000	 0.0000
1950	08	28	0.0000	 0.0000	 0.0000	 0.0000
1950	08	29	0.0000	 0.0000	 0.0000	 0.0000
1950	08	30	0.0000	 0.0000	 0.0000	 0.0000
1950	08	31	0.0000	 0.0000	 0.0000	 0.0000
1950	09	01	0.0000	 0.0000	 0.0000	 0.0000
1950	09	02	0.0000	 0.0000	 0.0000	 0.0000
1950	09	03	0.0000	 0.0000	 0.0000	 0.0000
1950	09	04	0.0000	 0.0000	 0.0000	 0.0000
1950	09	05	0.0000	 0.0000	 0.0000	 0.0000
1950	09	06	0.0000	 0.0000	 0.0000	 0.0000
1950	09	07	0.0000	 0.0000	 0.0000	 0.0000
1950	09	08	0.0000	 0.0000	 0.0000	 0.0000
1950	09	09	0.0000	 0.0000	 0.0000	 0.0000
1950	09	10	0.0000	 0.0000	 0.0000	 0.0000
1950	09	11	0.0000	 0.0000	 0.0000	 0.0000
1950	09	12	0.0000	 0.0000	 0.0000	 0.0000
1950	09	13	0.0000	 0.0000	 0.0000	 0.0000
1950	09	14	0.0000	 0.0000	 0.0000	 0.0000
1950	09	15	0.0000	 0.0000	 0.0000	 0.0000
1950	09	16	0.0000	 0.0000	 0.0000	 0.0000
1950	09	17	0.0000	 0.0000	 0.0000	 0.0000
1950	09	18	0.0000	 0.0000	 0.0000	 0.0000
1950	09	19	0.0000	 0.0000	 0.0000	 0.0000
1950	09	20	0.0000	 0.0000	 0.0000	 0.0000
1950	09	21	0.0000	 0.0000	 0.0000	 0.0000
1950	09	22	0.0000	 0.0000	 0.0000	 0.0000
1950	09	23	0.0000	 0.0000	 0.0000	 0.0000
1950	09	24	0.0000	 0.0000	 0.0000	 0.0000
1950	09	25	0.0913	 0.0635	 0.0691	 0.1950
1950	09	26	0.0132	 0.0116	 0.4298	 0.3879
1950	09	27	0.0000	 0.0000	 0.0357	 0.0000
1950	09	28	0.0000	 0.0000	 0.0000	 0.0000
1950	09	29	0.0000	 0.0000	 0.0000	 0.0000
1950	09	30	0.5862	 0.4442	 0.3929	 0.7370
1950	10	01	1.5710	 1.1648	 0.9253	 0.7950
1950	10	02	1.2773	 0.9464	 0.7090	 0.3950
1950	10	03	2.1944	 1.5095	 1.1006	 0.5950
1950	10	04	3.3047	 2.0635	 0.6942	 0.4021
1950	10	05	7.0585	 3.7400	 1.0516	 0.5950
1950	10	06	9.2626	 4.5973	 0.7462	 0.5950
1950	10	07	12.0243	 5.5434	 1.1600	 0.5950
1950	10	08	13.2120	 5.8890	 0.9529	 0.5370
1950	10	09	33.3713	 14.7660	 3.4029	 0.7950
1950	10	10	38.5311	 16.3246	 1.8991	 0.7950
1950	10	11	39.3369	 15.7809	 0.8240	 0.7950
1950	10	12	37.6458	 14.2508	 0.2600	 0.5950
1950	10	13	36.7375	 13.4179	 0.1320	 0.5950
1950	10	14	36.5592	 13.0768	 0.4978	 0.6602
1950	10	15	36.2780	 12.8036	 0.2296	 0.5950
1950	10	16	35.7804	 12.3929	 0.2688	 0.5950
1950	10	17	36.6484	 12.6190	 0.7507	 0.5950
1950	10	18	41.6500	 14.7294	 1.4883	 0.5950
1950	10	19	44.3776	 15.7000	 1.7537	 0.7950
1950	10	20	47.0002	 16.7771	 1.8836	 0.6021
1950	10	21	46.9828	 16.4632	 1.8598	 0.5950
1950	10	22	46.9622	 16.1978	 1.8789	 0.5950
1950	10	23	47.0907	 16.0335	 1.9284	 0.5950
1950	10	24	67.9172	 26.3450	 3.7327	 1.0000
1950	10	25	73.5365	 28.0221	 4.7007	 1.0000
1950	10	26	92.2298	 35.5065	 5.1811	 1.0000
1950	10	27	122.9246	 45.3532	 5.2006	 1.0000
1950	10	28	133.9847	 47.9959	 5.2093	 1.0000
1950	10	29	136.1798	 47.4244	 5.4929	 1.0000
1950	10	30	137.1754	 46.6573	 5.5286	 1.0000
1950	10	31	151.0353	 52.4924	 5.4919	 1.0000
1950	11	01	168.8513	 59.6825	 5.0836	 1.0000
1950	11	02	171.2589	 58.6577	 5.2553	 1.0000
1950	11	03	171.8624	 57.1570	 5.2824	 1.0000
1950	11	04	175.1439	 56.9235	 5.2956	 1.0000
1950	11	05	175.3564	 55.7269	 5.4168	 1.0000
1950	11	06	175.6648	 54.7506	 5.4389	 1.0000
1950	11	07	178.3765	 55.4596	 5.4440	 1.0000
1950	11	08	178.3550	 54.8079	 5.4375	 1.0000
1950	11	09	178.3579	 54.2349	 5.3769	 1.0000
1950	11	10	178.3496	 53.6391	 5.3735	 1.0000
1950	11	11	179.2449	 53.7977	 5.3462	 1.0000
1950	11	12	179.2257	 53.3283	 5.3255	 1.0000
1950	11	13	180.2818	 53.9148	 5.3350	 1.0000
1950	11	14	185.4607	 58.0891	 5.3295	 1.0000
1950	11	15	216.0329	 76.5637	 5.4497	 1.0000
1950	11	16	225.8779	 78.4623	 5.3483	 1.0000
1950	11	17	233.2461	 81.0703	 5.3005	 1.0000
1950	11	18	234.0863	 80.0826	 5.2812	 1.0000
1950	11	19	240.8976	 84.8556	 5.3024	 1.0000
1950	11	20	273.8072	 97.7054	 5.4038	 1.0000
1950	11	21	297.0725	 101.3534	 5.5380	 1.0000
1950	11	22	304.2164	 99.1907	 5.6198	 1.0000
1950	11	23	334.9587	 108.2696	 5.7657	 1.0000
1950	11	24	351.2639	 109.7297	 5.6805	 1.0000
1950	11	25	378.7767	 116.9579	 5.6401	 1.0000
1950	11	26	394.5657	 118.5684	 5.8255	 1.0000
1950	11	27	396.5320	 116.2212	 5.9209	 1.0000
1950	11	28	396.5780	 114.2101	 5.9316	 1.0000
1950	11	29	400.8117	 115.3780	 5.9572	 1.0000
1950	11	30	410.5146	 120.4200	 5.8687	 1.0000
1950	12	01	412.0354	 119.7879	 5.5726	 1.0000
1950	12	02	413.2679	 118.8391	 5.5693	 1.0000
1950	12	03	415.6463	 118.9965	 5.5278	 1.0000
1950	12	04	416.3570	 118.0193	 5.5341	 1.0000
1950	12	05	435.4345	 131.6096	 5.4675	 1.0000
1950	12	06	444.7368	 136.8201	 5.4304	 1.0000
1950	12	07	449.4282	 136.4606	 5.4834	 1.0000
1950	12	08	452.8783	 134.8791	 5.5580	 1.0000
1950	12	09	469.7240	 138.9722	 5.6163	 1.0000
1950	12	10	476.6164	 137.9481	 5.5917	 1.0000
1950	12	11	477.6650	 135.1265	 5.6383	 1.0000
1950	12	12	477.7083	 132.8894	 5.6499	 1.0000
1950	12	13	478.1631	 131.6641	 5.6412	 1.0000
1950	12	14	489.4899	 139.3712	 5.5974	 1.0000
1950	12	15	498.3402	 142.1940	 5.6389	 1.0000
1950	12	16	512.0147	 146.5607	 5.6044	 1.0000
1950	12	17	513.7487	 144.6320	 5.6269	 1.0000
1950	12	18	517.6270	 143.9247	 5.6224	 1.0000
1950	12	19	529.0692	 146.5550	 5.6053	 1.0000
1950	12	20	536.7173	 146.2662	 5.7371	 1.0000
1950	12	21	541.6875	 145.0800	 5.6239	 1.0000
1950	12	22	553.0624	 145.7927	 5.4714	 1.0000
1950	12	23	560.9766	 146.0328	 5.4622	 1.0000
1950	12	24	568.4820	 146.8020	 5.6966	 1.0000
1950	12	25	569.9310	 145.8846	 5.7366	 1.0000
1950	12	26	572.1617	 145.6123	 5.7200	 1.0000
1950	12	27	577.8494	 147.9873	 5.7097	 1.0000
1950	12	28	579.5703	 147.4614	 5.7185	 1.0000
1950	12	29	580.9843	 146.7034	 5.7040	 1.0000
1950	12	30	581.1165	 145.3935	 5.5769	 1.0000
1950	12	31	583.0062	 145.1733	 5.6514	 1.0000
1951	01	01	591.7970	 148.1221	 5.5245	 1.0000
1951	01	02	625.0315	 163.8836	 5.4857	 1.0000
1951	01	03	629.6948	 164.0783	 5.3681	 1.0000
1951	01	04	630.5517	 162.5812	 5.3469	 1.0000
1951	01	05	632.0696	 162.6151	 5.3537	 1.0000
1951	01	06	632.1236	 161.3586	 5.3532	 1.0000
1951	01	07	632.2760	 160.4574	 5.2926	 1.0000
1951	01	08	632.7975	 160.0475	 5.2997	 1.0000
1951	01	09	634.0033	 160.1439	 5.2990	 1.0000
1951	01	10	638.2830	 162.2899	 5.2604	 1.0000
1951	01	11	638.5612	 161.0725	 5.2469	 1.0000
1951	01	12	647.0073	 164.8573	 5.4162	 1.0000
1951	01	13	682.8779	 183.6907	 5.2838	 1.0000
1951	01	14	713.0775	 196.8033	 5.3024	 1.0000
1951	01	15	751.9908	 212.7256	 5.1282	 1.0000
1951	01	16	790.0822	 229.7930	 5.1157	 1.0000
1951	01	17	802.2097	 231.4841	 4.9363	 1.0000
1951	01	18	806.4247	 229.0731	 4.9169	 1.0000
1951	01	19	813.2049	 229.3338	 4.8929	 1.0000
1951	01	20	838.3263	 240.3157	 4.8436	 1.0000
1951	01	21	847.4584	 238.8615	 4.6682	 1.0000
1951	01	22	850.1701	 234.1986	 4.6216	 1.0000
1951	01	23	855.3326	 232.0086	 4.5985	 1.0000
1951	01	24	863.7159	 230.3630	 5.5274	 1.0000
1951	01	25	875.1530	 230.3366	 5.4025	 1.0000
1951	01	26	877.7602	 229.5927	 5.2043	 1.0000
1951	01	27	877.6783	 227.9742	 5.1846	 1.0000
1951	01	28	877.5877	 226.8720	 5.0894	 1.0000
1951	01	29	877.5705	 225.8903	 5.0923	 1.0000
1951	01	30	877.5738	 224.9642	 5.1035	 1.0000
1951	01	31	881.8261	 229.7523	 5.0956	 1.0000
1951	02	01	887.5995	 235.9061	 5.0703	 1.0000
1951	02	02	921.4045	 261.8969	 4.8476	 1.0000
1951	02	03	944.9474	 270.7177	 5.0094	 1.0000
1951	02	04	944.9669	 263.0510	 5.0084	 1.0000
1951	02	05	944.9847	 256.8199	 4.9992	 1.0000
1951	02	06	947.1688	 253.3072	 5.0455	 1.0000
1951	02	07	958.9588	 255.1726	 5.0539	 1.0000
1951	02	08	980.1939	 258.5233	 5.0492	 1.0000
1951	02	09	1041.4202	 266.7670	 5.0233	 1.0000
1951	02	10	1076.0645	 267.8667	 4.6330	 1.0000
1951	02	11	1077.2679	 264.2461	 4.5918	 1.0000
1951	02	12	1079.4669	 262.7550	 4.7485	 1.0000
1951	02	13	1079.3977	 260.4181	 4.7102	 1.0000
1951	02	14	1079.8664	 258.6237	 4.6308	 1.0000
1951	02	15	1081.0773	 257.4490	 4.6382	 1.0000
1951	02	16	1081.6297	 255.8493	 4.6768	 1.0000
1951	02	17	1081.9340	 253.8834	 4.6636	 1.0000
1951	02	18	1083.1667	 252.3253	 4.6163	 1.0000
1951	02	19	1086.6905	 252.1693	 4.7338	 1.0000
1951	02	20	1095.7193	 255.9840	 5.0170	 1.0000
1951	02	21	1096.8479	 254.7944	 5.0134	 1.0000
1951	02	22	1096.7208	 253.0786	 4.8151	 1.0000
1951	02	23	1096.6748	 251.5086	 4.7899	 1.0000
1951	02	24	1097.5950	 250.7594	 4.7242	 1.0000
1951	02	25	1097.5107	 249.4395	 4.6261	 1.0000
1951	02	26	1097.4530	 248.2951	 4.5926	 1.0000
1951	02	27	1097.4125	 247.2424	 4.5623	 1.0000
1951	02	28	1097.3979	 246.2236	 4.5585	 1.0000
1951	03	01	1097.3779	 245.2507	 4.5537	 1.0000
1951	03	02	1097.3232	 244.2570	 4.4828	 1.0000
1951	03	03	1120.0482	 261.3965	 4.3745	 1.0000
1951	03	04	1134.7335	 271.3242	 4.1014	 1.0000
1951	03	05	1138.3597	 272.4179	 3.8242	 1.0000
1951	03	06	1140.9396	 273.2776	 3.7425	 1.0000
1951	03	07	1142.0385	 272.5002	 3.7028	 1.0000
1951	03	08	1148.5771	 276.6489	 3.6539	 1.0000
1951	03	09	1152.6182	 278.3327	 3.5127	 1.0000
1951	03	10	1152.9898	 276.7688	 3.4308	 1.0000
1951	03	11	1155.5170	 277.3110	 3.4245	 1.0000
1951	03	12	1169.1178	 284.0909	 3.4131	 1.0000
1951	03	13	1176.2595	 285.2573	 3.4266	 1.0000
1951	03	14	1179.6316	 282.6035	 4.0588	 1.0000
1951	03	15	1197.0841	 287.4318	 4.3475	 1.0000
1951	03	16	1235.9380	 310.8948	 4.3413	 1.0000
1951	03	17	1236.2918	 306.4077	 4.3113	 1.0000
1951	03	18	1236.3647	 301.7973	 4.2280	 1.0000
1951	03	19	1236.2547	 296.8564	 4.2132	 1.0000
1951	03	20	1235.7798	 291.8198	 3.8768	 1.0000
1951	03	21	1235.8850	 287.5110	 3.7162	 1.0000
1951	03	22	1235.8248	 283.6720	 3.3478	 1.0000
1951	03	23	1235.0490	 280.2963	 3.2298	 1.0000
1951	03	24	1232.9749	 276.8290	 3.1450	 1.0000
1951	03	25	1230.1747	 273.3267	 2.5918	 1.0000
1951	03	26	1228.1150	 270.4074	 2.4977	 1.0000
1951	03	27	1226.4037	 267.8866	 2.4391	 1.0000
1951	03	28	1226.6788	 266.2823	 2.4904	 1.0000
1951	03	29	1227.5568	 265.2500	 2.5156	 1.0000
1951	03	30	1227.3979	 263.9455	 2.3314	 1.0000
1951	03	31	1225.7882	 262.0900	 2.3071	 1.0000
1951	04	01	1223.1673	 259.8645	 1.7362	 1.0000
1951	04	02	1220.6462	 257.7437	 1.1330	 1.0000
1951	04	03	1216.2188	 255.0697	 0.2392	 1.0000
1951	04	04	1210.5600	 252.2318	 0.0000	 1.0000
1951	04	05	1203.1799	 249.1938	 0.0000	 1.0000
1951	04	06	1194.7914	 246.0300	 0.0000	 1.0000
1951	04	07	1187.4497	 243.2495	 0.0000	 1.0000
1951	04	08	1180.9185	 240.7237	 0.0000	 1.0000
1951	04	09	1174.8846	 238.4373	 0.0000	 1.0000
1951	04	10	1167.1277	 235.8287	 0.0000	 1.0000
1951	04	11	1158.1619	 233.0023	 0.0000	 1.0000
1951	04	12	1146.4363	 229.6608	 0.0000	 1.0000
1951	04	13	1134.4199	 226.3440	 0.0000	 1.0000
1951	04	14	1120.5696	 222.7316	 0.0000	 1.0000
1951	04	15	1106.6967	 219.1398	 0.0000	 1.0000
1951	04	16	1087.7687	 214.5884	 0.0000	 1.0000
1951	04	17	1069.5785	 210.2493	 0.0000	 1.0000
1951	04	18	1060.1302	 207.8075	 0.0000	 1.0000
1951	04	19	1055.6317	 206.4308	 0.0000	 1.0000
1951	04	20	1053.1697	 205.4976	 0.0000	 0.9927
1951	04	21	1046.2566	 203.6337	 0.0000	 0.9927
1951	04	22	1033.8621	 200.6666	 0.0000	 0.9927
1951	04	23	1023.7514	 198.1753	 0.0000	 0.9927
1951	04	24	1009.3448	 194.8388	 0.0000	 0.9927
1951	04	25	984.3395	 189.4524	 0.0000	 0.9927
1951	04	26	974.1841	 186.9888	 0.0038	 0.9927
1951	04	27	970.3439	 186.0384	 0.5248	 0.9927
1951	04	28	968.3805	 185.3998	 0.6312	 0.9927
1951	04	29	964.4341	 184.2145	 0.0670	 0.9927
1951	04	30	960.3996	 183.0798	 0.0000	 0.9927
1951	05	01	956.4660	 181.9264	 0.0000	 0.9927
1951	05	02	948.9650	 180.0817	 0.0000	 0.9332
1951	05	03	934.5872	 176.9169	 0.0000	 0.9332
1951	05	04	922.7729	 174.2820	 0.0138	 0.9332
1951	05	05	906.0596	 170.7374	 0.1117	 0.9332
1951	05	06	893.9375	 168.0661	 0.0502	 0.9332
1951	05	07	885.5441	 166.3498	 0.3005	 0.7950
1951	05	08	878.8030	 164.7571	 0.1277	 0.7950
1951	05	09	860.7163	 161.0635	 0.0000	 0.7950
1951	05	10	845.8996	 157.9751	 0.1140	 0.7950
1951	05	11	842.2279	 158.6632	 0.3210	 0.7879
1951	05	12	845.5393	 159.6374	 1.0722	 0.7879
1951	05	13	840.2548	 158.2958	 0.0000	 0.7879
1951	05	14	834.0513	 156.8227	 0.0000	 0.7879
1951	05	15	815.4656	 153.0270	 0.0000	 0.7879
1951	05	16	796.4987	 149.1813	 0.0000	 0.7879
1951	05	17	782.3623	 146.2612	 0.0000	 0.7879
1951	05	18	773.7680	 144.4049	 0.0000	 0.7879
1951	05	19	759.0139	 141.4038	 0.0000	 0.7879
1951	05	20	742.5869	 138.1018	 0.0000	 0.7879
1951	05	21	719.9395	 133.6590	 0.0000	 0.7879
1951	05	22	701.2800	 129.9802	 0.0000	 0.7879
1951	05	23	684.6275	 126.8106	 0.0988	 0.7879
1951	05	24	681.4612	 126.1238	 0.3077	 0.7879
1951	05	25	681.3314	 126.1977	 0.4348	 0.7879
1951	05	26	667.6774	 123.5342	 0.0000	 0.7807
1951	05	27	657.3215	 121.4398	 0.0000	 0.7807
1951	05	28	652.4413	 120.3796	 0.0000	 0.7807
1951	05	29	648.6529	 119.5273	 0.0000	 0.7807
1951	05	30	641.3090	 118.0147	 0.0000	 0.7807
1951	05	31	631.3694	 116.0224	 0.0000	 0.7807
1951	06	01	615.5574	 112.9452	 0.0000	 0.7807
1951	06	02	592.6700	 108.5780	 0.0000	 0.7807
1951	06	03	577.3872	 105.6361	 0.0531	 0.7807
1951	06	04	561.9158	 102.7622	 0.0923	 0.7807
1951	06	05	555.3496	 101.5597	 0.2149	 0.7807
1951	06	06	546.9539	 100.1921	 0.6793	 0.7879
1951	06	07	545.0377	 99.8562	 0.2119	 0.7879
1951	06	08	536.6521	 98.1994	 0.0357	 0.7227
1951	06	09	512.0843	 93.5562	 0.0000	 0.7155
1951	06	10	492.6523	 89.8733	 0.0000	 0.5807
1951	06	11	477.7441	 87.0487	 0.0000	 0.5807
1951	06	12	464.0503	 84.4539	 0.0000	 0.5807
1951	06	13	450.3035	 81.8570	 0.0000	 0.5807
1951	06	14	435.7581	 79.1226	 0.0000	 0.5807
1951	06	15	420.9283	 76.3419	 0.0000	 0.5807
1951	06	16	406.7468	 73.6869	 0.0000	 0.5807
1951	06	17	392.4477	 71.0164	 0.0000	 0.5807
1951	06	18	380.1254	 68.7175	 0.0000	 0.5738
1951	06	19	367.6213	 66.3931	 0.0000	 0.5738
1951	06	20	354.1971	 63.9074	 0.0000	 0.5738
1951	06	21	336.9570	 60.7368	 0.0000	 0.5738
1951	06	22	320.0448	 57.6318	 0.0000	 0.5738
1951	06	23	304.3847	 54.7581	 0.0000	 0.5738
1951	06	24	290.7484	 52.2549	 0.0000	 0.5738
1951	06	25	268.7689	 48.2503	 0.0000	 0.5738
1951	06	26	253.5335	 45.4675	 0.0000	 0.5738
1951	06	27	237.3109	 42.5103	 0.0000	 0.5738
1951	06	28	221.9460	 39.7166	 0.0000	 0.3809
1951	06	29	210.1189	 37.5742	 0.0000	 0.3809
1951	06	30	195.2438	 34.8898	 0.0000	 0.3809
1951	07	01	182.6469	 32.6168	 0.0000	 0.3809
1951	07	02	170.8458	 30.4892	 0.0000	 0.3809
1951	07	03	158.2660	 28.2251	 0.0000	 0.3809
1951	07	04	152.5390	 27.2078	 0.0000	 0.3809
1951	07	05	147.4548	 26.3127	 0.0065	 0.3879
1951	07	06	142.1343	 25.4113	 0.0000	 0.3809
1951	07	07	134.7003	 24.0629	 0.0000	 0.3809
1951	07	08	127.1782	 22.6999	 0.0000	 0.3809
1951	07	09	119.4729	 21.3049	 0.0000	 0.3809
1951	07	10	110.6679	 19.7182	 0.0000	 0.3809
1951	07	11	100.1077	 17.8123	 0.0000	 0.3809
1951	07	12	89.8066	 15.9544	 0.0000	 0.3809
1951	07	13	81.0619	 14.3871	 0.0000	 0.1880
1951	07	14	75.5548	 13.4049	 0.0000	 0.1880
1951	07	15	70.0916	 12.4315	 0.0000	 0.1880
1951	07	16	64.4550	 11.4283	 0.0000	 0.1880
1951	07	17	58.2492	 10.3251	 0.0000	 0.1880
1951	07	18	52.5606	 9.3145	 0.0000	 0.1880
1951	07	19	48.4866	 8.5906	 0.0000	 0.1880
1951	07	20	44.0100	 7.7958	 0.0000	 0.1880
1951	07	21	39.2388	 6.9494	 0.0000	 0.1880
1951	07	22	33.0087	 5.8451	 0.0000	 0.1880
1951	07	23	26.3200	 4.6601	 0.0000	 0.1880
1951	07	24	20.4444	 3.6194	 0.0000	 0.1880
1951	07	25	15.0142	 2.6579	 0.0000	 0.1880
1951	07	26	9.1258	 1.6155	 0.0000	 0.1880
1951	07	27	3.3880	 0.5998	 0.0000	 0.1880
1951	07	28	0.0864	 0.0153	 0.0000	 0.0566
1951	07	29	0.0000	 0.0000	 0.0000	 0.0000
1951	07	30	0.0000	 0.0000	 0.0000	 0.0000
1951	07	31	0.0000	 0.0000	 0.0000	 0.0000
1951	08	01	0.0000	 0.0000	 0.0000	 0.0000
1951	08	02	0.0000	 0.0000	 0.0000	 0.0000
1951	08	03	0.0000	 0.0000	 0.0000	 0.0000
1951	08	04	0.0000	 0.0000	 0.0000	 0.0000
1951	08	05	0.0000	 0.0000	 0.0000	 0.0000
1951	08	06	0.0000	 0.0000	 0.0000	 0.0000
1951	08	07	0.0000	 0.0000	 0.0000	 0.0000
1951	08	08	0.0000	 0.0000	 0.0000	 0.0000
1951	08	09	0.0000	 0.0000	 0.0000	 0.0000
1951	08	10	0.0000	 0.0000	 0.0000	 0.0000
1951	08	11	0.0000	 0.0000	 0.0000	 0.0000
1951	08	12	0.0000	 0.0000	 0.0000	 0.0000
1951	08	13	0.0000	 0.0000	 0.0000	 0.0000
1951	08	14	0.0000	 0.0000	 0.0000	 0.0000
1951	08	15	0.0000	 0.0000	 0.0000	 0.0000
1951	08	16	0.0000	 0.0000	 0.0000	 0.0000
1951	08	17	0.0000	 0.0000	 0.0000	 0.0000
1951	08	18	0.0000	 0.0000	 0.0000	 0.0000
1951	08	19	0.0000	 0.0000	 0.0000	 0.0000
1951	08	20	0.0000	 0.0000	 0.0000	 0.0000
1951	08	21	0.0000	 0.0000	 0.0000	 0.0000
1951	08	22	0.0000	 0.0000	 0.0000	 0.0000
1951	08	23	0.0000	 0.0000	 0.0000	 0.0000
1951	08	24	0.0000	 0.0000	 0.0000	 0.0000
1951	08	25	0.0000	 0.0000	 0.0000	 0.0000
1951	08	26	0.0000	 0.0000	 0.0000	 0.0000
1951	08	27	0.0000	 0.0000	 0.0000	 0.0000
1951	08	28	0.0000	 0.0000	 0.0000	 0.0000
1951	08	29	0.1051	 0.0681	 0.1928	 0.1950
1951	08	30	0.0053	 0.0034	 0.0166	 0.0070
1951	08	31	0.0000	 0.0000	 0.0000	 0.0000
1951	09	01	0.0000	 0.0000	 0.0000	 0.0000
1951	09	02	0.0000	 0.0000	 0.0000	 0.0000
1951	09	03	0.0000	 0.0000	 0.0000	 0.0000
1951	09	04	0.0000	 0.0000	 0.0000	 0.0000
1951	09	05	0.0000	 0.0000	 0.0000	 0.0000
1951	09	06	0.0000	 0.0000	 0.0000	 0.0000
1951	09	07	0.0000	 0.0000	 0.0000	 0.0000
1951	09	08	0.0000	 0.0000	 0.0000	 0.0000
1951	09	09	0.0000	 0.0000	 0.0000	 0.0000
1951	09	10	0.0000	 0.0000	 0.0000	 0.0000
1951	09	11	0.0000	 0.0000	 0.0184	 0.0000
1951	09	12	0.0000	 0.0000	 0.0000	 0.0000
1951	09	13	0.0000	 0.0000	 0.0000	 0.0000
1951	09	14	0.0000	 0.0000	 0.0000	 0.0000
1951	09	15	0.0000	 0.0000	 0.0000	 0.0000
1951	09	16	0.0000	 0.0000	 0.0000	 0.0000
1951	09	17	0.0000	 0.0000	 0.0000	 0.0000
1951	09	18	0.0000	 0.0000	 0.0000	 0.0000
1951	09	19	0.0000	 0.0000	 0.0000	 0.0000
1951	09	20	0.0000	 0.0000	 0.0000	 0.0000
1951	09	21	0.0000	 0.0000	 0.0000	 0.0000
1951	09	22	0.0000	 0.0000	 0.0000	 0.0000
1951	09	23	0.0000	 0.0000	 0.0000	 0.0000
1951	09	24	0.0000	 0.0000	 0.0065	 0.0000
1951	09	25	0.0005	 0.0004	 0.3734	 0.0070
1951	09	26	0.0299	 0.0236	 0.0857	 0.2021
1951	09	27	0.0000	 0.0000	 0.0801	 0.0070
1951	09	28	0.0071	 0.0046	 0.0278	 0.1950
1951	09	29	0.0000	 0.0000	 0.0000	 0.0000
1951	09	30	0.0000	 0.0000	 0.0000	 0.0000
1951	10	01	0.0000	 0.0000	 0.0000	 0.0000
1951	10	02	0.0005	 0.0003	 0.0216	 0.0070
1951	10	03	0.1000	 0.0715	 0.0372	 0.1950
1951	10	04	0.0000	 0.0000	 0.0253	 0.0000
1951	10	05	0.0000	 0.0000	 0.0000	 0.0000
1951	10	06	0.0007	 0.0004	 0.0115	 0.0070
1951	10	07	0.0001	 0.0001	 0.0228	 0.0070
1951	10	08	0.0000	 0.0000	 0.0000	 0.0000
1951	10	09	0.0000	 0.0000	 0.0000	 0.0000
1951	10	10	0.0000	 0.0000	 0.0000	 0.0000
1951	10	11	0.0000	 0.0000	 0.0000	 0.0000
1951	10	12	0.0010	 0.0008	 0.0974	 0.1950
1951	10	13	0.1218	 0.0943	 0.1851	 0.4021
1951	10	14	0.8481	 0.6423	 1.0559	 0.5950
1951	10	15	8.0446	 4.9136	 2.5797	 0.8023
1951	10	16	12.5446	 7.4500	 3.1408	 0.9332
1951	10	17	13.9683	 8.0001	 3.3540	 0.9332
1951	10	18	20.9712	 11.0124	 3.7963	 0.9332
1951	10	19	37.3935	 17.7936	 4.1075	 0.9927
1951	10	20	47.6912	 20.8236	 4.2002	 0.9332
1951	10	21	47.6086	 19.9800	 3.6737	 0.7950
1951	10	22	65.7447	 27.3431	 4.2928	 1.0000
1951	10	23	70.9874	 28.5561	 4.8930	 1.0000
1951	10	24	70.9682	 27.6175	 4.9092	 1.0000
1951	10	25	71.0133	 26.9611	 4.9064	 1.0000
1951	10	26	70.9368	 26.3765	 4.9283	 1.0000
1951	10	27	70.7512	 25.7707	 4.9830	 0.9405
1951	10	28	72.5743	 26.0599	 4.9951	 0.9927
1951	10	29	72.3413	 25.5156	 4.3523	 0.9332
1951	10	30	72.2905	 25.1683	 4.3451	 0.7950
1951	10	31	72.2916	 24.9035	 4.3251	 0.7950
1951	11	01	72.4421	 24.8383	 4.1685	 0.7950
1951	11	02	73.5722	 25.5223	 4.1969	 0.9332
1951	11	03	83.6785	 31.2024	 4.6875	 1.0000
1951	11	04	83.3476	 30.1796	 4.6366	 0.9405
1951	11	05	83.2317	 29.4619	 4.6528	 0.9332
1951	11	06	83.0609	 28.7939	 4.6540	 0.9332
1951	11	07	83.0567	 28.3050	 4.4685	 0.7950
1951	11	08	83.3828	 27.9807	 4.0376	 0.7950
1951	11	09	84.6780	 28.1080	 4.1108	 0.7950
1951	11	10	90.4693	 30.5014	 4.1102	 0.7950
1951	11	11	100.8304	 35.9014	 4.8435	 1.0000
1951	11	12	107.3668	 39.1026	 5.1719	 1.0000
1951	11	13	113.6616	 41.8429	 5.2245	 1.0000
1951	11	14	114.8101	 41.4441	 5.1967	 1.0000
1951	11	15	114.7916	 40.6171	 5.2195	 1.0000
1951	11	16	114.7723	 39.9564	 5.1970	 1.0000
1951	11	17	114.7217	 39.3810	 5.1371	 1.0000
1951	11	18	114.6976	 38.8415	 5.1187	 0.9927
1951	11	19	114.6941	 38.3058	 5.0831	 0.9927
1951	11	20	115.1840	 38.1583	 5.1164	 0.9927
1951	11	21	115.5440	 37.9462	 5.1466	 0.9927
1951	11	22	115.5638	 37.5622	 5.1848	 0.9927
1951	11	23	115.5858	 37.2250	 5.2236	 0.9927
1951	11	24	116.1597	 37.3582	 5.2285	 0.9927
1951	11	25	135.6972	 51.0920	 5.1474	 1.0000
1951	11	26	148.3943	 55.5878	 5.3863	 1.0000
1951	11	27	159.9610	 59.6746	 5.3890	 1.0000
1951	11	28	179.5804	 66.4703	 5.3960	 1.0000
1951	11	29	199.9693	 72.7916	 5.3676	 1.0000
1951	11	30	213.7661	 76.2279	 5.3189	 1.0000
1951	12	01	224.6893	 78.0085	 5.2092	 1.0000
1951	12	02	226.2333	 76.2929	 5.2395	 1.0000
1951	12	03	239.4073	 81.5821	 5.1794	 1.0000
1951	12	04	245.1348	 82.5375	 5.0641	 1.0000
1951	12	05	246.8107	 81.2089	 4.8522	 1.0000
1951	12	06	246.7502	 79.5512	 4.8116	 1.0000
1951	12	07	246.7555	 78.4733	 4.8339	 1.0000
1951	12	08	246.7842	 77.5208	 4.8453	 1.0000
1951	12	09	246.8400	 76.6773	 4.8840	 1.0000
1951	12	10	246.9020	 75.8166	 4.9446	 1.0000
1951	12	11	246.9944	 74.8174	 5.0031	 1.0000
1951	12	12	247.0223	 73.7050	 5.0202	 1.0000
1951	12	13	247.0211	 72.9209	 5.0371	 1.0000
1951	12	14	247.3138	 72.6001	 5.0287	 1.0000
1951	12	15	250.8179	 75.4538	 5.0051	 1.0000
1951	12	16	252.8606	 76.1570	 4.9709	 1.0000
1951	12	17	259.8212	 80.7683	 5.1385	 1.0000
1951	12	18	278.9303	 95.9983	 4.8908	 1.0000
1951	12	19	279.4034	 94.0007	 4.8287	 1.0000
1951	12	20	282.0344	 95.7083	 4.8025	 1.0000
1951	12	21	305.0749	 119.8790	 4.7692	 1.0000
1951	12	22	310.8578	 119.1715	 4.5498	 1.0000
1951	12	23	310.8253	 114.9724	 4.5707	 1.0000
1951	12	24	310.8373	 112.0043	 4.5970	 1.0000
1951	12	25	311.2528	 109.9184	 4.5806	 1.0000
1951	12	26	317.2613	 114.8833	 4.5377	 1.0000
1951	12	27	318.8951	 113.6609	 4.5355	 1.0000
1951	12	28	321.6895	 113.4255	 4.5463	 1.0000
1951	12	29	335.0517	 120.8864	 4.3485	 1.0000
1951	12	30	336.1354	 118.4774	 4.3393	 1.0000
1951	12	31	336.5644	 116.7286	 4.3399	 1.0000
