1949	01	01	546.6317	 170.5428	 3.3017	 1.0000
1949	01	02	546.5949	 167.5186	 3.2616	 1.0000
1949	01	03	546.5796	 165.4000	 3.2726	 1.0000
1949	01	04	546.6032	 163.4374	 3.2904	 1.0000
1949	01	05	549.0465	 163.9984	 3.3129	 1.0000
1949	01	06	556.8091	 166.6027	 3.2813	 1.0000
1949	01	07	562.3549	 167.3604	 3.1724	 1.0000
1949	01	08	562.3114	 165.2131	 3.0808	 1.0000
1949	01	09	562.3028	 163.8031	 3.0840	 1.0000
1949	01	10	562.3027	 162.6536	 3.0920	 1.0000
1949	01	11	562.3031	 161.4777	 3.1128	 1.0000
1949	01	12	562.2983	 160.1175	 3.1457	 1.0000
1949	01	13	562.4221	 158.7148	 3.1794	 1.0000
1949	01	14	562.9776	 157.4363	 3.2203	 1.0000
1949	01	15	563.6807	 156.0653	 3.2089	 1.0000
1949	01	16	564.5405	 155.2907	 3.2239	 1.0000
1949	01	17	564.8152	 153.9584	 3.1652	 1.0000
1949	01	18	564.8262	 152.8436	 3.0939	 1.0000
1949	01	19	564.8200	 151.9192	 3.0989	 1.0000
1949	01	20	566.1376	 152.8863	 3.1662	 1.0000
1949	01	21	568.3552	 155.0227	 3.1537	 1.0000
1949	01	22	568.4097	 154.1558	 3.0509	 1.0000
1949	01	23	568.3570	 153.3391	 3.0367	 1.0000
1949	01	24	568.5150	 152.7093	 3.0361	 1.0000
1949	01	25	570.1914	 154.1725	 3.0973	 1.0000
1949	01	26	571.6199	 155.0825	 3.1032	 1.0000
1949	01	27	571.7289	 154.1314	 3.0209	 1.0000
1949	01	28	571.7481	 153.0596	 3.0361	 1.0000
1949	01	29	571.7616	 151.8684	 3.0115	 1.0000
1949	01	30	571.7517	 150.7698	 3.0118	 1.0000
1949	01	31	571.7406	 149.8689	 3.0185	 1.0000
1949	02	01	571.8018	 149.0277	 2.9487	 1.0000
1949	02	02	573.2510	 149.8469	 2.9773	 1.0000
1949	02	03	578.4751	 154.8837	 2.9959	 1.0000
1949	02	04	579.4493	 154.5553	 2.9090	 1.0000
1949	02	05	593.9690	 169.5363	 2.9511	 1.0000
1949	02	06	607.2292	 180.2544	 2.8881	 1.0000
1949	02	07	615.8241	 183.5064	 2.8133	 1.0000
1949	02	08	633.2197	 190.7539	 2.7739	 1.0000
1949	02	09	665.0903	 203.0669	 2.7423	 1.0000
1949	02	10	689.0060	 213.2404	 2.5287	 1.0000
1949	02	11	689.2069	 208.2827	 2.4891	 1.0000
1949	02	12	689.3199	 204.5762	 2.2984	 1.0000
1949	02	13	701.8126	 214.2414	 2.5219	 1.0000
1949	02	14	718.4642	 221.4369	 2.5231	 1.0000
1949	02	15	823.0909	 260.2722	 2.9030	 1.0000
1949	02	16	941.9396	 274.6881	 3.6703	 1.0000
1949	02	17	966.5769	 272.9573	 3.5183	 1.0000
1949	02	18	975.7643	 271.6779	 3.4161	 1.0000
1949	02	19	996.5616	 283.3052	 3.4114	 1.0000
1949	02	20	1016.3748	 289.4243	 3.3644	 1.0000
1949	02	21	1059.9267	 306.4127	 3.3200	 1.0000
1949	02	22	1081.7783	 300.1041	 3.4522	 1.0000
1949	02	23	1083.3767	 289.3965	 3.5422	 1.0000
1949	02	24	1083.3693	 280.8985	 3.4585	 1.0000
1949	02	25	1083.2860	 274.6812	 3.4332	 1.0000
1949	02	26	1083.1288	 269.9626	 3.3403	 1.0000
1949	02	27	1082.9481	 265.8592	 3.2825	 1.0000
1949	02	28	1082.7735	 262.3301	 3.2177	 1.0000
1949	03	01	1082.6456	 259.1350	 3.1922	 1.0000
1949	03	02	1082.4854	 255.8932	 3.1774	 1.0000
1949	03	03	1082.3306	 252.7710	 3.1604	 1.0000
1949	03	04	1082.2932	 249.9661	 3.1600	 1.0000
1949	03	05	1082.2771	 247.2060	 3.1242	 1.0000
1949	03	06	1082.2074	 244.7216	 3.0874	 1.0000
1949	03	07	1082.6594	 242.8228	 3.2145	 1.0000
1949	03	08	1093.1959	 246.2143	 3.7201	 1.0000
1949	03	09	1093.0698	 244.7132	 3.5465	 1.0000
1949	03	10	1092.8013	 243.3536	 3.4039	 1.0000
1949	03	11	1095.3391	 243.3482	 3.7878	 1.0000
1949	03	12	1111.5590	 248.3129	 3.8758	 1.0000
1949	03	13	1117.4576	 249.3071	 3.8715	 1.0000
1949	03	14	1121.1643	 249.5899	 3.8853	 1.0000
1949	03	15	1131.5252	 253.2275	 3.8965	 1.0000
1949	03	16	1140.9956	 255.0293	 3.9761	 1.0000
1949	03	17	1147.8393	 255.3865	 4.1168	 1.0000
1949	03	18	1171.7314	 261.0764	 3.9904	 1.0000
1949	03	19	1186.5464	 263.9866	 4.2936	 1.0000
1949	03	20	1190.5420	 263.7828	 4.4449	 1.0000
1949	03	21	1192.6497	 262.7167	 4.4660	 1.0000
1949	03	22	1192.6219	 260.9189	 4.2625	 1.0000
1949	03	23	1192.5820	 259.3127	 4.1506	 1.0000
1949	03	24	1192.6002	 257.7145	 3.9355	 1.0000
1949	03	25	1196.2178	 257.6557	 4.2152	 1.0000
1949	03	26	1207.7244	 262.0022	 4.1907	 1.0000
1949	03	27	1211.2774	 263.2006	 4.1022	 1.0000
1949	03	28	1211.1993	 261.8088	 4.0524	 1.0000
1949	03	29	1211.7396	 260.5281	 4.1911	 1.0000
1949	03	30	1211.7892	 259.0233	 3.9834	 1.0000
1949	03	31	1212.0597	 257.6390	 3.5766	 1.0000
1949	04	01	1212.3924	 256.2934	 3.0396	 1.0000
1949	04	02	1212.3161	 254.7784	 2.1482	 1.0000
1949	04	03	1211.1227	 253.0651	 0.9601	 1.0000
1949	04	04	1207.5718	 250.8307	 0.1270	 1.0000
1949	04	05	1205.0357	 248.9585	 0.0795	 1.0000
1949	04	06	1200.9533	 246.8694	 0.0000	 1.0000
1949	04	07	1196.2804	 244.6857	 0.0000	 1.0000
1949	04	08	1191.4642	 242.5607	 0.0000	 1.0000
1949	04	09	1184.5830	 240.1002	 0.0000	 1.0000
1949	04	10	1175.5592	 237.2325	 0.0000	 1.0000
1949	04	11	1167.7995	 234.6897	 0.0000	 1.0000
1949	04	12	1160.5902	 232.3318	 0.0000	 1.0000
1949	04	13	1151.0704	 229.5529	 0.0000	 1.0000
1949	04	14	1141.7013	 226.8997	 0.0000	 1.0000
1949	04	15	1128.1581	 223.4243	 0.0000	 1.0000
1949	04	16	1111.1495	 219.2979	 0.0000	 1.0000
1949	04	17	1099.5680	 216.2988	 0.0829	 1.0000
1949	04	18	1082.8391	 212.3381	 0.0000	 1.0000
1949	04	19	1072.6626	 209.6998	 0.1887	 1.0000
1949	04	20	1070.9713	 209.1341	 0.6269	 1.0000
1949	04	21	1071.9576	 209.2343	 0.7092	 1.0000
1949	04	22	1070.9876	 208.8584	 0.4180	 1.0000
1949	04	23	1072.6990	 209.4327	 0.5399	 1.0000
1949	04	24	1067.9768	 208.1252	 0.2060	 1.0000
1949	04	25	1056.2792	 205.2944	 0.0000	 1.0000
1949	04	26	1040.9733	 201.7623	 0.0000	 1.0000
1949	04	27	1023.5292	 197.8582	 0.0332	 1.0000
1949	04	28	1010.5880	 194.8537	 0.2358	 1.0000
1949	04	29	1003.9784	 193.1078	 0.0599	 1.0000
1949	04	30	1005.4102	 193.6111	 0.8886	 1.0000
1949	05	01	1013.5401	 196.6508	 2.7671	 1.0000
1949	05	02	1013.1091	 196.3063	 1.1576	 1.0000
1949	05	03	1012.0345	 195.7547	 0.9856	 1.0000
1949	05	04	1008.2192	 194.6782	 0.3810	 1.0000
1949	05	05	993.6737	 191.3630	 0.0000	 1.0000
1949	05	06	972.4370	 186.7878	 0.0000	 1.0000
1949	05	07	944.3956	 180.9387	 0.0000	 1.0000
1949	05	08	913.4247	 174.5702	 0.0000	 0.9930
1949	05	09	880.8807	 167.9457	 0.0000	 0.9721
1949	05	10	849.2719	 161.5520	 0.0000	 0.9721
1949	05	11	817.3468	 155.1376	 0.0000	 0.9721
1949	05	12	782.6804	 148.2373	 0.0000	 0.9721
1949	05	13	748.6131	 141.4851	 0.0000	 0.9721
1949	05	14	713.5416	 134.5766	 0.0000	 0.9721
1949	05	15	680.6548	 128.1039	 0.0000	 0.9721
1949	05	16	656.5693	 123.3168	 0.0000	 0.9721
1949	05	17	645.0679	 120.9454	 0.0189	 0.8455
1949	05	18	630.1283	 117.9510	 0.0000	 0.7169
1949	05	19	618.6878	 115.6342	 0.0032	 0.7169
1949	05	20	607.6504	 113.4086	 0.0000	 0.7169
1949	05	21	594.5599	 110.7990	 0.0000	 0.7169
1949	05	22	579.6566	 107.8610	 0.0000	 0.7169
1949	05	23	562.3964	 104.4983	 0.0000	 0.7169
1949	05	24	545.8286	 101.2772	 0.0000	 0.7169
1949	05	25	523.1604	 96.9374	 0.0000	 0.7169
1949	05	26	503.5362	 93.1722	 0.0000	 0.7169
1949	05	27	483.0336	 89.2563	 0.0000	 0.7102
1949	05	28	469.1311	 86.5748	 0.0000	 0.6899
1949	05	29	456.5719	 84.1584	 0.0000	 0.6899
1949	05	30	438.8178	 80.7858	 0.0000	 0.6899
1949	05	31	427.9419	 78.6977	 0.0515	 0.6899
1949	06	01	417.5644	 76.7078	 0.0000	 0.6899
1949	06	02	405.0262	 74.3175	 0.0000	 0.6899
1949	06	03	391.2889	 71.7121	 0.0000	 0.6899
1949	06	04	370.4592	 67.8078	 0.0000	 0.6899
1949	06	05	348.0269	 63.6157	 0.0000	 0.6899
1949	06	06	320.4196	 58.4854	 0.0000	 0.6831
1949	06	07	303.7330	 55.3749	 0.0000	 0.4419
1949	06	08	293.4649	 53.4567	 0.0000	 0.4419
1949	06	09	281.4334	 51.2224	 0.0000	 0.4419
1949	06	10	270.6576	 49.2217	 0.0000	 0.4419
1949	06	11	261.4430	 47.5090	 0.0000	 0.4419
1949	06	12	252.8169	 45.9066	 0.0000	 0.4419
1949	06	13	242.4629	 43.9939	 0.0000	 0.4419
1949	06	14	231.2364	 41.9265	 0.0000	 0.4419
1949	06	15	225.0672	 40.8163	 0.1139	 0.4419
1949	06	16	223.0394	 40.4949	 0.1467	 0.4689
1949	06	17	220.5717	 40.1245	 0.0888	 0.4689
1949	06	18	215.2661	 39.1559	 0.0000	 0.4419
1949	06	19	208.1219	 37.8283	 0.0000	 0.4419
1949	06	20	197.3841	 35.8483	 0.0000	 0.4419
1949	06	21	188.0830	 34.1327	 0.0000	 0.4419
1949	06	22	178.5489	 32.3774	 0.0000	 0.4419
1949	06	23	169.6639	 30.7424	 0.0000	 0.4419
1949	06	24	162.8470	 29.4853	 0.0089	 0.4419
1949	06	25	157.7114	 28.5369	 0.0000	 0.4419
1949	06	26	152.0775	 27.4966	 0.0000	 0.4419
1949	06	27	145.0599	 26.2067	 0.0000	 0.4419
1949	06	28	140.8270	 25.4608	 0.0166	 0.4419
1949	06	29	136.2246	 24.6116	 0.0000	 0.4419
1949	06	30	127.4315	 22.9946	 0.0000	 0.4419
1949	07	01	120.5695	 21.7332	 0.0000	 0.3371
1949	07	02	113.2053	 20.3860	 0.0000	 0.3371
1949	07	03	106.8223	 19.2210	 0.0000	 0.2209
1949	07	04	101.4317	 18.2423	 0.0000	 0.2209
1949	07	05	96.5963	 17.3649	 0.0000	 0.2209
1949	07	06	91.9499	 16.5225	 0.0000	 0.2209
1949	07	07	86.6772	 15.5688	 0.0000	 0.2209
1949	07	08	80.3054	 14.4189	 0.0000	 0.2209
1949	07	09	73.0874	 13.1183	 0.0000	 0.2209
1949	07	10	66.0580	 11.8529	 0.0000	 0.2209
1949	07	11	59.5138	 10.6756	 0.0000	 0.2209
1949	07	12	52.6584	 9.4435	 0.0000	 0.2209
1949	07	13	45.2282	 8.1091	 0.0000	 0.2209
1949	07	14	37.5894	 6.7382	 0.0000	 0.2209
1949	07	15	30.2462	 5.4209	 0.0000	 0.2209
1949	07	16	27.5814	 4.9460	 0.0000	 0.2209
1949	07	17	23.7255	 4.2945	 0.0000	 0.2209
1949	07	18	18.9915	 3.4619	 0.0000	 0.2209
1949	07	19	15.8799	 2.8928	 0.0000	 0.2209
1949	07	20	12.2487	 2.2288	 0.0000	 0.2209
1949	07	21	6.0062	 1.0877	 0.0000	 0.2209
1949	07	22	3.4872	 0.6314	 0.0000	 0.1161
1949	07	23	0.8908	 0.1613	 0.0000	 0.1161
1949	07	24	0.0000	 0.0000	 0.0000	 0.0000
1949	07	25	0.0000	 0.0000	 0.0000	 0.0000
1949	07	26	0.0000	 0.0000	 0.0000	 0.0000
1949	07	27	0.0000	 0.0000	 0.0000	 0.0000
1949	07	28	0.0000	 0.0000	 0.0000	 0.0000
1949	07	29	0.0000	 0.0000	 0.0000	 0.0000
1949	07	30	0.0000	 0.0000	 0.0000	 0.0000
1949	07	31	0.0000	 0.0000	 0.0000	 0.0000
1949	08	01	0.0000	 0.0000	 0.0000	 0.0000
1949	08	02	0.0000	 0.0000	 0.0000	 0.0000
1949	08	03	0.0000	 0.0000	 0.0000	 0.0000
1949	08	04	0.0000	 0.0000	 0.0000	 0.0000
1949	08	05	0.0000	 0.0000	 0.0000	 0.0000
1949	08	06	0.0000	 0.0000	 0.0000	 0.0000
1949	08	07	0.0000	 0.0000	 0.0000	 0.0000
1949	08	08	0.0000	 0.0000	 0.0000	 0.0000
1949	08	09	0.0000	 0.0000	 0.0000	 0.0000
1949	08	10	0.0000	 0.0000	 0.0000	 0.0000
1949	08	11	0.0000	 0.0000	 0.0000	 0.0000
1949	08	12	0.0000	 0.0000	 0.0000	 0.0000
1949	08	13	0.0000	 0.0000	 0.0000	 0.0000
1949	08	14	0.0000	 0.0000	 0.0000	 0.0000
1949	08	15	0.0000	 0.0000	 0.0000	 0.0000
1949	08	16	0.0000	 0.0000	 0.0000	 0.0000
1949	08	17	0.0000	 0.0000	 0.0000	 0.0000
1949	08	18	0.0000	 0.0000	 0.0000	 0.0000
1949	08	19	0.0000	 0.0000	 0.0000	 0.0000
1949	08	20	0.0000	 0.0000	 0.0000	 0.0000
1949	08	21	0.0000	 0.0000	 0.0000	 0.0000
1949	08	22	0.0000	 0.0000	 0.0000	 0.0000
1949	08	23	0.0000	 0.0000	 0.0000	 0.0000
1949	08	24	0.0000	 0.0000	 0.0000	 0.0000
1949	08	25	0.0000	 0.0000	 0.0000	 0.0000
1949	08	26	0.0000	 0.0000	 0.0000	 0.0000
1949	08	27	0.0000	 0.0000	 0.0000	 0.0000
1949	08	28	0.0000	 0.0000	 0.0000	 0.0000
1949	08	29	0.0000	 0.0000	 0.0000	 0.0000
1949	08	30	0.0000	 0.0000	 0.0000	 0.0000
1949	08	31	0.0000	 0.0000	 0.0000	 0.0000
1949	09	01	0.0000	 0.0000	 0.0000	 0.0000
1949	09	02	0.0000	 0.0000	 0.0000	 0.0000
1949	09	03	0.0000	 0.0000	 0.0000	 0.0000
1949	09	04	0.0000	 0.0000	 0.0000	 0.0000
1949	09	05	0.0000	 0.0000	 0.0000	 0.0000
1949	09	06	0.0000	 0.0000	 0.0000	 0.0000
1949	09	07	0.0000	 0.0000	 0.0000	 0.0000
1949	09	08	0.0000	 0.0000	 0.0000	 0.0000
1949	09	09	0.0000	 0.0000	 0.0000	 0.0000
1949	09	10	0.0000	 0.0000	 0.0628	 0.0000
1949	09	11	0.0003	 0.0002	 0.1323	 0.0271
1949	09	12	0.0000	 0.0000	 0.0000	 0.0000
1949	09	13	0.0219	 0.0146	 0.0291	 0.0271
1949	09	14	0.0537	 0.0288	 0.0000	 0.0271
1949	09	15	0.5849	 0.4067	 0.8188	 0.4960
1949	09	16	1.2484	 0.7386	 0.1156	 0.2480
1949	09	17	0.2480	 0.1365	 0.1017	 0.2480
1949	09	18	0.0224	 0.0152	 0.1072	 0.1432
1949	09	19	0.1241	 0.0990	 0.0972	 0.2751
1949	09	20	0.0018	 0.0012	 0.0210	 0.0271
1949	09	21	0.0000	 0.0000	 0.0000	 0.0000
1949	09	22	0.0000	 0.0000	 0.0000	 0.0000
1949	09	23	0.0000	 0.0000	 0.0000	 0.0000
1949	09	24	0.0000	 0.0000	 0.0000	 0.0000
1949	09	25	0.0000	 0.0000	 0.0000	 0.0000
1949	09	26	0.0000	 0.0000	 0.0000	 0.0000
1949	09	27	0.0000	 0.0000	 0.0000	 0.0000
1949	09	28	0.0000	 0.0000	 0.0000	 0.0000
1949	09	29	0.0000	 0.0000	 0.0000	 0.0000
1949	09	30	0.0000	 0.0000	 0.0000	 0.0000
1949	10	01	0.0000	 0.0000	 0.0000	 0.0000
1949	10	02	0.0000	 0.0000	 0.0000	 0.0000
1949	10	03	0.0138	 0.0094	 0.0268	 0.0271
1949	10	04	1.2464	 0.7119	 0.5558	 0.4960
1949	10	05	2.1009	 1.2425	 0.8594	 0.4960
1949	10	06	2.0600	 1.1944	 0.5139	 0.2480
1949	10	07	2.5890	 1.5451	 0.7965	 0.4960
1949	10	08	3.7257	 2.2706	 0.7573	 0.3799
1949	10	09	6.1267	 3.2510	 0.9150	 0.4960
1949	10	10	8.1359	 3.9797	 0.7743	 0.4960
1949	10	11	9.0906	 4.2293	 0.5506	 0.4960
1949	10	12	8.8640	 3.9843	 0.5088	 0.2480
1949	10	13	9.0194	 3.9886	 0.6340	 0.5231
1949	10	14	9.5199	 4.1880	 0.5838	 0.2751
1949	10	15	9.8195	 4.2402	 0.7272	 0.4960
1949	10	16	9.8248	 4.1489	 0.5533	 0.2480
1949	10	17	9.8270	 4.0752	 0.5556	 0.2480
1949	10	18	9.8204	 4.0087	 0.5531	 0.2480
1949	10	19	9.8169	 3.9518	 0.5514	 0.2480
1949	10	20	9.7493	 3.8633	 0.5552	 0.2480
1949	10	21	9.6693	 3.7674	 0.5041	 0.2480
1949	10	22	9.5753	 3.6725	 0.4204	 0.2480
1949	10	23	9.4867	 3.5858	 0.4313	 0.2480
1949	10	24	9.2348	 3.4166	 0.1383	 0.2480
1949	10	25	8.7491	 3.1945	 0.1285	 0.2209
1949	10	26	8.9386	 3.2535	 0.0358	 0.2480
1949	10	27	15.0633	 5.9751	 1.2133	 0.4960
1949	10	28	33.4557	 13.6060	 3.4137	 0.7440
1949	10	29	35.0964	 14.0285	 3.5872	 0.7440
1949	10	30	34.9000	 13.5589	 3.5891	 0.7372
1949	10	31	34.4934	 13.0011	 3.0885	 0.6008
1949	11	01	34.7545	 12.8111	 2.3668	 0.4960
1949	11	02	34.6959	 12.5169	 2.2312	 0.4960
1949	11	03	34.5748	 12.2322	 2.1775	 0.4960
1949	11	04	34.3767	 11.9442	 2.1372	 0.4960
1949	11	05	34.1250	 11.6646	 2.0854	 0.4960
1949	11	06	33.8654	 11.4092	 2.0845	 0.4960
1949	11	07	33.6912	 11.1997	 2.1083	 0.4960
1949	11	08	38.6363	 13.4096	 2.3068	 0.7440
1949	11	09	42.3002	 15.0697	 2.6750	 0.7440
1949	11	10	61.2264	 23.3857	 3.5618	 1.0000
1949	11	11	113.7590	 42.4492	 4.1669	 1.0000
1949	11	12	132.6360	 46.8552	 4.0981	 1.0000
1949	11	13	141.1183	 47.5087	 3.8709	 1.0000
1949	11	14	152.4503	 49.6837	 3.6446	 0.8918
1949	11	15	152.3063	 48.3051	 3.6239	 0.7719
1949	11	16	152.4451	 47.2860	 3.5171	 0.7719
1949	11	17	152.6608	 46.4848	 3.3664	 0.7719
1949	11	18	153.6185	 46.1051	 3.4628	 0.7719
1949	11	19	153.6407	 45.4023	 3.4667	 0.7719
1949	11	20	153.6752	 44.9098	 3.4911	 0.7719
1949	11	21	156.8750	 46.4646	 3.6857	 1.0000
1949	11	22	178.0366	 56.6645	 4.2611	 1.0000
1949	11	23	205.8448	 66.1561	 4.7258	 1.0000
1949	11	24	236.6429	 74.4751	 4.6335	 1.0000
1949	11	25	261.4223	 81.2528	 4.5913	 1.0000
1949	11	26	313.0301	 95.5345	 3.1598	 1.0000
1949	11	27	352.6248	 105.3041	 4.4062	 1.0000
1949	11	28	390.2987	 115.7339	 4.6395	 1.0000
1949	11	29	406.4502	 118.2456	 4.5997	 1.0000
1949	11	30	414.6903	 118.3002	 4.7433	 1.0000
1949	12	01	445.2978	 127.4938	 4.5939	 1.0000
1949	12	02	463.4137	 133.7613	 4.5477	 1.0000
1949	12	03	472.7287	 136.7390	 4.5676	 1.0000
1949	12	04	479.1487	 137.1466	 4.5354	 1.0000
1949	12	05	485.6352	 138.2583	 4.5239	 1.0000
1949	12	06	485.6542	 136.0127	 4.5452	 1.0000
1949	12	07	485.8157	 134.1701	 4.5284	 1.0000
1949	12	08	486.7248	 133.3534	 4.5347	 1.0000
1949	12	09	486.7194	 131.8652	 4.4513	 1.0000
1949	12	10	488.3871	 132.3347	 4.4486	 1.0000
1949	12	11	488.4210	 131.3391	 4.4737	 1.0000
1949	12	12	488.5134	 130.3317	 4.4628	 1.0000
1949	12	13	488.5810	 129.2359	 4.4899	 1.0000
1949	12	14	491.8320	 130.2049	 4.4646	 1.0000
1949	12	15	499.8799	 133.8489	 4.4054	 1.0000
1949	12	16	506.5927	 137.0521	 4.3887	 1.0000
1949	12	17	518.7202	 144.2116	 4.2232	 1.0000
1949	12	18	522.5665	 146.2497	 4.1426	 1.0000
1949	12	19	523.0326	 145.6197	 4.1477	 1.0000
1949	12	20	524.6144	 146.1041	 4.1406	 1.0000
1949	12	21	528.3600	 147.2694	 4.1526	 1.0000
1949	12	22	538.3993	 149.5926	 4.7009	 1.0000
1949	12	23	557.4199	 156.4774	 4.5597	 1.0000
1949	12	24	564.9522	 159.9565	 4.4263	 1.0000
1949	12	25	577.0554	 166.3461	 4.3830	 1.0000
1949	12	26	590.2233	 168.5373	 4.5885	 1.0000
1949	12	27	640.0551	 181.2050	 4.5345	 1.0000
1949	12	28	653.8931	 180.2936	 4.6301	 1.0000
1949	12	29	663.5419	 181.7216	 4.4676	 1.0000
1949	12	30	677.1850	 189.2339	 4.4032	 1.0000
1949	12	31	687.1431	 195.5676	 4.2600	 1.0000
1950	01	01	691.5931	 198.0800	 4.0859	 1.0000
1950	01	02	691.5721	 195.9605	 4.0940	 1.0000
1950	01	03	691.9088	 195.0088	 4.0817	 1.0000
1950	01	04	695.7699	 198.8901	 4.0891	 1.0000
1950	01	05	712.2006	 217.2076	 4.0793	 1.0000
1950	01	06	735.1199	 236.1202	 4.0230	 1.0000
1950	01	07	736.8608	 228.9550	 3.9351	 1.0000
1950	01	08	738.8041	 223.8093	 3.9248	 1.0000
1950	01	09	758.8779	 234.7379	 3.8830	 1.0000
1950	01	10	782.2796	 242.7771	 3.6568	 1.0000
1950	01	11	784.5769	 237.1761	 3.5864	 1.0000
1950	01	12	790.9822	 239.3383	 3.4505	 1.0000
1950	01	13	800.4107	 247.6210	 3.4042	 1.0000
1950	01	14	803.0659	 247.9040	 3.3992	 1.0000
1950	01	15	809.8848	 253.0588	 3.3902	 1.0000
1950	01	16	810.2421	 249.0258	 3.3872	 1.0000
1950	01	17	810.2514	 244.9499	 3.3858	 1.0000
1950	01	18	836.9180	 273.7935	 3.3676	 1.0000
1950	01	19	895.5892	 323.9936	 3.3608	 1.0000
1950	01	20	937.4968	 321.7087	 3.3215	 1.0000
1950	01	21	975.7558	 304.8731	 3.5720	 1.0000
1950	01	22	997.8528	 293.4649	 3.6169	 1.0000
1950	01	23	1003.7093	 289.1160	 3.4704	 1.0000
1950	01	24	1003.8846	 285.3607	 3.3383	 1.0000
1950	01	25	1011.7079	 293.1013	 3.3738	 1.0000
1950	01	26	1023.3951	 303.6025	 3.3496	 1.0000
1950	01	27	1023.8650	 299.5491	 3.3504	 1.0000
1950	01	28	1023.9511	 295.5958	 3.2553	 1.0000
1950	01	29	1023.9396	 292.4193	 3.2586	 1.0000
1950	01	30	1023.9064	 289.6576	 3.2552	 1.0000
1950	01	31	1023.8973	 287.0903	 3.2575	 1.0000
1950	02	01	1023.9264	 284.6066	 3.2250	 1.0000
1950	02	02	1024.2818	 282.2453	 3.2412	 1.0000
1950	02	03	1037.3344	 295.0770	 3.2902	 1.0000
1950	02	04	1056.6224	 309.9155	 3.2328	 1.0000
1950	02	05	1075.4907	 319.3626	 3.2318	 1.0000
1950	02	06	1085.4671	 312.7937	 3.2638	 1.0000
1950	02	07	1112.8574	 309.3013	 3.4510	 1.0000
1950	02	08	1127.2431	 305.5494	 3.2956	 1.0000
1950	02	09	1131.6025	 300.4675	 3.2574	 1.0000
1950	02	10	1133.2103	 295.8505	 3.2438	 1.0000
1950	02	11	1136.2943	 291.0602	 3.3304	 1.0000
1950	02	12	1158.2141	 294.8434	 3.2769	 1.0000
1950	02	13	1170.1432	 293.6007	 3.4723	 1.0000
1950	02	14	1176.9570	 290.4359	 3.4976	 1.0000
1950	02	15	1185.3388	 288.2327	 3.4311	 1.0000
1950	02	16	1187.9957	 284.9233	 3.4640	 1.0000
1950	02	17	1188.1829	 281.5000	 3.4716	 1.0000
1950	02	18	1188.6403	 278.2154	 3.3647	 1.0000
1950	02	19	1188.8187	 275.4342	 3.3813	 1.0000
1950	02	20	1189.1848	 273.2832	 3.4262	 1.0000
1950	02	21	1191.8317	 272.0408	 3.4679	 1.0000
1950	02	22	1203.0821	 273.6876	 3.6962	 1.0000
1950	02	23	1262.1447	 293.5862	 4.1064	 1.0000
1950	02	24	1303.6636	 304.6862	 4.0063	 1.0000
1950	02	25	1326.9638	 309.2241	 3.9228	 1.0000
1950	02	26	1332.4277	 307.3962	 4.1810	 1.0000
1950	02	27	1332.9328	 304.7750	 4.1230	 1.0000
1950	02	28	1332.8955	 302.4066	 4.1277	 1.0000
1950	03	01	1333.0206	 300.3298	 4.0200	 1.0000
1950	03	02	1336.6375	 299.3938	 4.3729	 1.0000
1950	03	03	1381.2859	 309.3107	 4.1282	 1.0000
1950	03	04	1426.8513	 319.1166	 4.3267	 1.0000
1950	03	05	1440.0474	 319.7098	 4.4936	 1.0000
1950	03	06	1440.0485	 316.6863	 4.2255	 1.0000
1950	03	07	1443.0172	 315.5058	 4.4477	 1.0000
1950	03	08	1447.1017	 315.5008	 4.4198	 1.0000
1950	03	09	1453.7229	 317.0216	 4.4340	 1.0000
1950	03	10	1455.4694	 315.8077	 4.4773	 1.0000
1950	03	11	1455.3747	 314.0763	 4.3968	 1.0000
1950	03	12	1456.2906	 313.4341	 4.3998	 1.0000
1950	03	13	1456.4901	 312.0317	 4.4391	 1.0000
1950	03	14	1457.2323	 310.4941	 4.5113	 1.0000
1950	03	15	1468.4167	 311.8155	 4.2319	 1.0000
1950	03	16	1500.1571	 320.2067	 4.3946	 1.0000
1950	03	17	1517.1779	 323.5214	 4.4350	 1.0000
1950	03	18	1551.7896	 335.8862	 4.3826	 1.0000
1950	03	19	1574.6714	 345.4839	 4.3389	 1.0000
1950	03	20	1582.6338	 347.1773	 4.4253	 1.0000
1950	03	21	1589.4105	 346.3833	 4.4702	 1.0000
1950	03	22	1598.4751	 347.1348	 4.4170	 1.0000
1950	03	23	1608.3601	 349.3255	 4.4662	 1.0000
1950	03	24	1611.2694	 347.9082	 4.4630	 1.0000
1950	03	25	1612.4849	 345.8217	 4.5097	 1.0000
1950	03	26	1623.8507	 347.8159	 4.4165	 1.0000
1950	03	27	1639.0716	 351.5588	 4.3287	 1.0000
1950	03	28	1643.8825	 351.7500	 4.2947	 1.0000
1950	03	29	1648.3916	 351.5141	 4.3008	 1.0000
1950	03	30	1650.0422	 349.5834	 4.3839	 1.0000
1950	03	31	1663.5604	 351.6286	 3.9738	 1.0000
1950	04	01	1677.2840	 353.7718	 4.7528	 1.0000
1950	04	02	1681.0994	 352.7425	 4.9782	 1.0000
1950	04	03	1681.2994	 350.6745	 4.8499	 1.0000
1950	04	04	1681.6103	 348.6809	 4.3331	 1.0000
1950	04	05	1682.7685	 346.9010	 3.6710	 1.0000
1950	04	06	1682.8074	 345.0211	 3.3448	 1.0000
1950	04	07	1685.0039	 344.5062	 3.7093	 1.0000
1950	04	08	1696.4531	 346.5422	 3.6002	 1.0000
1950	04	09	1696.4498	 344.7242	 3.3809	 1.0000
1950	04	10	1694.5725	 342.4064	 2.2942	 1.0000
1950	04	11	1704.9785	 343.4480	 1.7264	 1.0000
1950	04	12	1710.7223	 343.2196	 1.4797	 1.0000
1950	04	13	1710.1979	 341.4484	 1.0685	 1.0000
1950	04	14	1719.5875	 342.6186	 1.6025	 1.0000
1950	04	15	1735.5394	 345.9568	 2.7072	 1.0000
1950	04	16	1748.6990	 348.8656	 3.2039	 1.0000
1950	04	17	1749.4583	 347.6215	 2.9589	 1.0000
1950	04	18	1748.3191	 345.8687	 1.7015	 1.0000
1950	04	19	1745.1165	 343.4965	 0.0000	 1.0000
1950	04	20	1741.7969	 341.1909	 0.1355	 1.0000
1950	04	21	1744.5836	 340.7160	 0.9431	 1.0000
1950	04	22	1749.2219	 341.4322	 1.8866	 1.0000
1950	04	23	1752.5307	 341.7036	 2.1986	 1.0000
1950	04	24	1752.2192	 340.4325	 1.1190	 1.0000
1950	04	25	1751.3041	 339.0819	 1.0711	 1.0000
1950	04	26	1751.2021	 338.2289	 1.2065	 1.0000
1950	04	27	1752.7449	 337.6507	 0.7655	 1.0000
1950	04	28	1748.7130	 335.6134	 0.0000	 1.0000
1950	04	29	1743.4444	 333.4009	 0.0000	 1.0000
1950	04	30	1745.2692	 333.0097	 0.5286	 1.0000
1950	05	01	1741.9696	 331.2986	 0.3279	 1.0000
1950	05	02	1738.4336	 329.5353	 0.1105	 1.0000
1950	05	03	1738.6246	 328.6836	 0.5558	 1.0000
1950	05	04	1736.8578	 327.4430	 0.3524	 1.0000
1950	05	05	1735.3727	 326.3228	 0.6403	 1.0000
1950	05	06	1730.8357	 324.5878	 0.0000	 1.0000
1950	05	07	1724.2439	 322.4549	 0.0000	 1.0000
1950	05	08	1714.6381	 319.7527	 0.0000	 1.0000
1950	05	09	1703.2040	 316.7360	 0.0000	 1.0000
1950	05	10	1688.8877	 313.2212	 0.0000	 1.0000
1950	05	11	1673.9471	 309.6342	 0.0000	 1.0000
1950	05	12	1654.5803	 305.2733	 0.0000	 1.0000
1950	05	13	1635.5200	 301.0147	 0.0000	 1.0000
1950	05	14	1616.8708	 296.8735	 0.0000	 1.0000
1950	05	15	1598.8853	 292.8932	 0.0000	 1.0000
1950	05	16	1586.1052	 289.9186	 0.1251	 1.0000
1950	05	17	1577.7350	 287.7817	 0.4351	 1.0000
1950	05	18	1574.5439	 286.6887	 0.1461	 1.0000
1950	05	19	1566.8620	 284.7301	 0.0448	 1.0000
1950	05	20	1552.4064	 281.5231	 0.0022	 1.0000
1950	05	21	1537.5872	 278.2785	 0.0861	 1.0000
1950	05	22	1528.5388	 276.1135	 0.0093	 1.0000
1950	05	23	1518.6768	 273.8482	 0.0000	 1.0000
1950	05	24	1504.1397	 270.7361	 0.0000	 1.0000
1950	05	25	1483.0577	 266.4458	 0.0000	 1.0000
1950	05	26	1458.6687	 261.5818	 0.0000	 1.0000
1950	05	27	1439.8776	 257.7523	 0.1172	 1.0000
1950	05	28	1429.7204	 255.5124	 0.0797	 1.0000
1950	05	29	1421.4954	 253.6402	 0.0993	 0.9930
1950	05	30	1411.1172	 251.4009	 0.0072	 0.9930
1950	05	31	1390.2248	 247.2741	 0.0000	 0.9930
1950	06	01	1366.2354	 242.6090	 0.0000	 0.9721
1950	06	02	1345.6394	 238.5762	 0.0000	 0.9721
1950	06	03	1318.0688	 233.3206	 0.0000	 0.9721
1950	06	04	1292.8813	 228.5113	 0.0000	 0.9721
1950	06	05	1276.3646	 225.2585	 0.0137	 0.9721
1950	06	06	1266.4564	 223.2212	 0.1740	 0.9721
1950	06	07	1256.1594	 221.1226	 0.2577	 0.9721
1950	06	08	1244.3719	 218.7636	 0.2089	 0.9721
1950	06	09	1225.6460	 215.1620	 0.0595	 0.9721
1950	06	10	1201.6098	 210.6398	 0.0000	 0.9721
1950	06	11	1171.1480	 204.9919	 0.0000	 0.9721
1950	06	12	1138.7419	 199.0127	 0.0000	 0.9721
1950	06	13	1107.8182	 193.3137	 0.0000	 0.9721
1950	06	14	1080.7455	 188.3147	 0.0000	 0.8639
1950	06	15	1054.8548	 183.5597	 0.0000	 0.8639
1950	06	16	1030.2553	 179.0671	 0.0000	 0.7440
1950	06	17	1007.2737	 174.8770	 0.0000	 0.7372
1950	06	18	983.6065	 170.5812	 0.0000	 0.7169
1950	06	19	955.7054	 165.5682	 0.0000	 0.7169
1950	06	20	927.1436	 160.4544	 0.0000	 0.7169
1950	06	21	905.0632	 156.4730	 0.0000	 0.7169
1950	06	22	890.4263	 153.7926	 0.0788	 0.7169
1950	06	23	875.8835	 151.1466	 0.0000	 0.7169
1950	06	24	861.6090	 148.5426	 0.0000	 0.7169
1950	06	25	844.8033	 145.5080	 0.0000	 0.7169
1950	06	26	822.5227	 141.5351	 0.0000	 0.7169
1950	06	27	797.7984	 137.1487	 0.0000	 0.7169
1950	06	28	770.3182	 132.2974	 0.0000	 0.7102
1950	06	29	743.8851	 127.6361	 0.0000	 0.7102
1950	06	30	719.2174	 123.2911	 0.0000	 0.6899
1950	07	01	695.7695	 119.1651	 0.0000	 0.6899
1950	07	02	671.3298	 114.8759	 0.0000	 0.6899
1950	07	03	644.8807	 110.2494	 0.0000	 0.6899
1950	07	04	618.0130	 105.5584	 0.0000	 0.6899
1950	07	05	593.5416	 101.2847	 0.0000	 0.6899
1950	07	06	569.4357	 97.0796	 0.0000	 0.6899
1950	07	07	549.7087	 93.6314	 0.0000	 0.6899
1950	07	08	531.6641	 90.4825	 0.0000	 0.6899
1950	07	09	514.4245	 87.4704	 0.0000	 0.6899
1950	07	10	498.4908	 84.6844	 0.0000	 0.6899
1950	07	11	481.5511	 81.7326	 0.0000	 0.5851
1950	07	12	465.4208	 78.9288	 0.0000	 0.5851
1950	07	13	442.1300	 74.9121	 0.0000	 0.4622
1950	07	14	427.7979	 72.4352	 0.0000	 0.4622
1950	07	15	417.3558	 70.6269	 0.0000	 0.4419
1950	07	16	405.1593	 68.5242	 0.0000	 0.4419
1950	07	17	391.6531	 66.2028	 0.0000	 0.4419
1950	07	18	376.1421	 63.5453	 0.0000	 0.4419
1950	07	19	365.2082	 61.6654	 0.0000	 0.4419
1950	07	20	348.2619	 58.7709	 0.0000	 0.4419
1950	07	21	333.8081	 56.3009	 0.0000	 0.4419
1950	07	22	318.1590	 53.6316	 0.0000	 0.4419
1950	07	23	304.5861	 51.3158	 0.0000	 0.4419
1950	07	24	288.6988	 48.6112	 0.0000	 0.4419
1950	07	25	274.4511	 46.1859	 0.0000	 0.4419
1950	07	26	261.3642	 43.9586	 0.0000	 0.4419
1950	07	27	251.1635	 42.2205	 0.0000	 0.4419
1950	07	28	242.4173	 40.7350	 0.0000	 0.4419
1950	07	29	233.6590	 39.2419	 0.0000	 0.4419
1950	07	30	223.4874	 37.5111	 0.0000	 0.4419
1950	07	31	210.7810	 35.3537	 0.0000	 0.4419
1950	08	01	195.0014	 32.6797	 0.0000	 0.4419
1950	08	02	184.5038	 30.8989	 0.0000	 0.3371
1950	08	03	177.5555	 29.7200	 0.0000	 0.3371
1950	08	04	171.0690	 28.6192	 0.0000	 0.3371
1950	08	05	164.9848	 27.5903	 0.0000	 0.3371
1950	08	06	158.9037	 26.5603	 0.0000	 0.2209
1950	08	07	153.6704	 25.6781	 0.0000	 0.2209
1950	08	08	149.9797	 25.0543	 0.0000	 0.2209
1950	08	09	144.9735	 24.2114	 0.0000	 0.2209
1950	08	10	139.2459	 23.2486	 0.0000	 0.2209
1950	08	11	133.4673	 22.2782	 0.0000	 0.2209
1950	08	12	127.5571	 21.2865	 0.0000	 0.2209
1950	08	13	122.3312	 20.4097	 0.0000	 0.2209
1950	08	14	116.6129	 19.4513	 0.0000	 0.2209
1950	08	15	111.7146	 18.6304	 0.0000	 0.2209
1950	08	16	105.8353	 17.6463	 0.0000	 0.2209
1950	08	17	99.9754	 16.6661	 0.0000	 0.2209
1950	08	18	93.5641	 15.5945	 0.0000	 0.2209
1950	08	19	87.1330	 14.5201	 0.0000	 0.2209
1950	08	20	79.9248	 13.3168	 0.0000	 0.2209
1950	08	21	73.1316	 12.1831	 0.0000	 0.2209
1950	08	22	67.3187	 11.2132	 0.0000	 0.2209
1950	08	23	62.7642	 10.4532	 0.0000	 0.2209
1950	08	24	59.1202	 9.8620	 0.0000	 0.2209
1950	08	25	54.2229	 9.0440	 0.0000	 0.2209
1950	08	26	48.8606	 8.1486	 0.0000	 0.2209
1950	08	27	43.7231	 7.2910	 0.0000	 0.2209
1950	08	28	37.7435	 6.2931	 0.0000	 0.2209
1950	08	29	32.3819	 5.3985	 0.0000	 0.2209
1950	08	30	27.4712	 4.5792	 0.0000	 0.2209
1950	08	31	22.0516	 3.6752	 0.0000	 0.2209
1950	09	01	15.4461	 2.5737	 0.0000	 0.2209
1950	09	02	9.1411	 1.5223	 0.0000	 0.1161
1950	09	03	6.0155	 1.0018	 0.0000	 0.1161
1950	09	04	3.0931	 0.5151	 0.0000	 0.1161
1950	09	05	0.3243	 0.0540	 0.0000	 0.1161
1950	09	06	0.0000	 0.0000	 0.0000	 0.0000
1950	09	07	0.0000	 0.0000	 0.0000	 0.0000
1950	09	08	0.0000	 0.0000	 0.0000	 0.0000
1950	09	09	0.0000	 0.0000	 0.0000	 0.0000
1950	09	10	0.0000	 0.0000	 0.0000	 0.0000
1950	09	11	0.0000	 0.0000	 0.0000	 0.0000
1950	09	12	0.0000	 0.0000	 0.0000	 0.0000
1950	09	13	0.0000	 0.0000	 0.0000	 0.0000
1950	09	14	0.0000	 0.0000	 0.0000	 0.0000
1950	09	15	0.0000	 0.0000	 0.0000	 0.0000
1950	09	16	0.0000	 0.0000	 0.0000	 0.0000
1950	09	17	0.0000	 0.0000	 0.0000	 0.0000
1950	09	18	0.0000	 0.0000	 0.0000	 0.0000
1950	09	19	0.0000	 0.0000	 0.0000	 0.0000
1950	09	20	0.0000	 0.0000	 0.0000	 0.0000
1950	09	21	0.0000	 0.0000	 0.0000	 0.0000
1950	09	22	0.0000	 0.0000	 0.0000	 0.0000
1950	09	23	0.0000	 0.0000	 0.0000	 0.0000
1950	09	24	0.0000	 0.0000	 0.0000	 0.0000
1950	09	25	0.0170	 0.0110	 0.0295	 0.0271
1950	09	26	0.0966	 0.0753	 0.1452	 0.2480
1950	09	27	0.0000	 0.0000	 0.0490	 0.0000
1950	09	28	0.0000	 0.0000	 0.0000	 0.0000
1950	09	29	0.0000	 0.0000	 0.0000	 0.0000
1950	09	30	0.0161	 0.0142	 0.1810	 0.2751
1950	10	01	0.2702	 0.2428	 0.3811	 0.6279
1950	10	02	0.0156	 0.0162	 0.0962	 0.0271
1950	10	03	1.2803	 0.8664	 1.0289	 0.5231
1950	10	04	3.8750	 2.3043	 0.5921	 0.4960
1950	10	05	7.4739	 3.7311	 0.9908	 0.4960
1950	10	06	9.0305	 4.3649	 0.5056	 0.4960
1950	10	07	10.5607	 4.7195	 0.8769	 0.4960
1950	10	08	11.2425	 4.8524	 0.6858	 0.4960
1950	10	09	33.4224	 14.4546	 3.0858	 0.7440
1950	10	10	41.4206	 16.9022	 1.2565	 0.7440
1950	10	11	41.6535	 16.1434	 0.5321	 0.7440
1950	10	12	38.9715	 14.2769	 0.1953	 0.5163
1950	10	13	38.0989	 13.4581	 0.0527	 0.4960
1950	10	14	38.1776	 13.1143	 0.2594	 0.5231
1950	10	15	37.7680	 12.7861	 0.0000	 0.4960
1950	10	16	37.6329	 12.5440	 0.1249	 0.4960
1950	10	17	40.0245	 13.4234	 0.9946	 0.4960
1950	10	18	46.3828	 15.7565	 1.1987	 0.4960
1950	10	19	49.6088	 16.6972	 1.2883	 0.5231
1950	10	20	51.6330	 17.2494	 1.2866	 0.5231
1950	10	21	51.4774	 16.9166	 1.1956	 0.4960
1950	10	22	51.1611	 16.5694	 1.2114	 0.4960
1950	10	23	51.5721	 16.5840	 1.5324	 0.4960
1950	10	24	74.4160	 27.7926	 3.2001	 1.0000
1950	10	25	81.6945	 29.6296	 4.3021	 1.0000
1950	10	26	105.5772	 38.8830	 4.7159	 1.0000
1950	10	27	142.5580	 49.6456	 4.8358	 1.0000
1950	10	28	160.2951	 54.2030	 4.7980	 1.0000
1950	10	29	163.7805	 53.8800	 5.2628	 1.0000
1950	10	30	165.0478	 53.0429	 5.5051	 1.0000
1950	10	31	188.9018	 62.7196	 5.5320	 1.0000
1950	11	01	216.9830	 72.8044	 4.7719	 1.0000
1950	11	02	219.8889	 71.3443	 4.8219	 1.0000
1950	11	03	221.5927	 69.7005	 4.7288	 1.0000
1950	11	04	226.9761	 69.6586	 4.6213	 1.0000
1950	11	05	228.1681	 68.5569	 4.7889	 1.0000
1950	11	06	228.5656	 67.4286	 4.9033	 1.0000
1950	11	07	233.8940	 68.7672	 4.8709	 1.0000
1950	11	08	233.8967	 67.9811	 4.8326	 1.0000
1950	11	09	233.8874	 67.3218	 4.7747	 1.0000
1950	11	10	233.8918	 66.6499	 4.7698	 1.0000
1950	11	11	234.9773	 66.6959	 4.7510	 1.0000
1950	11	12	234.9504	 66.1323	 4.7004	 1.0000
1950	11	13	237.2357	 67.5782	 4.7061	 1.0000
1950	11	14	247.8045	 75.0622	 4.6816	 1.0000
1950	11	15	281.7610	 93.8323	 4.8144	 1.0000
1950	11	16	298.8060	 97.6348	 4.7493	 1.0000
1950	11	17	312.3990	 102.1338	 4.7064	 1.0000
1950	11	18	315.3429	 102.0463	 4.6895	 1.0000
1950	11	19	340.6252	 119.6753	 4.6884	 1.0000
1950	11	20	399.1837	 140.9473	 4.7391	 1.0000
1950	11	21	441.2882	 146.0540	 4.9320	 1.0000
1950	11	22	462.3652	 143.4676	 4.8460	 1.0000
1950	11	23	496.1715	 148.6776	 4.7483	 1.0000
1950	11	24	527.8965	 153.0049	 4.5865	 1.0000
1950	11	25	566.7877	 160.9687	 4.7165	 1.0000
1950	11	26	581.1877	 160.9362	 4.8566	 1.0000
1950	11	27	585.1352	 158.5254	 4.9409	 1.0000
1950	11	28	585.2275	 156.2234	 4.9511	 1.0000
1950	11	29	593.7450	 159.2665	 4.9457	 1.0000
1950	11	30	607.6436	 165.6961	 4.8756	 1.0000
1950	12	01	610.2491	 165.2580	 4.6014	 1.0000
1950	12	02	612.0246	 164.1062	 4.5775	 1.0000
1950	12	03	615.2487	 164.0412	 4.5434	 1.0000
1950	12	04	615.9750	 162.3883	 4.5481	 1.0000
1950	12	05	638.8837	 175.6863	 4.4687	 1.0000
1950	12	06	655.8131	 185.3959	 4.4367	 1.0000
1950	12	07	663.3743	 185.4296	 4.4335	 1.0000
1950	12	08	670.4209	 184.4659	 4.4710	 1.0000
1950	12	09	691.2612	 188.8739	 4.6346	 1.0000
1950	12	10	698.7411	 187.0045	 4.6208	 1.0000
1950	12	11	700.5594	 183.7539	 4.7108	 1.0000
1950	12	12	700.9030	 180.9679	 4.7178	 1.0000
1950	12	13	702.6229	 180.1209	 4.7124	 1.0000
1950	12	14	716.8131	 187.7810	 4.6774	 1.0000
1950	12	15	729.8167	 191.4774	 4.6932	 1.0000
1950	12	16	746.2388	 196.2026	 4.6936	 1.0000
1950	12	17	750.0995	 194.6365	 4.6953	 1.0000
1950	12	18	758.0365	 194.9537	 4.6860	 1.0000
1950	12	19	774.8945	 198.6887	 4.6676	 1.0000
1950	12	20	782.8724	 198.0435	 4.7193	 1.0000
1950	12	21	794.3377	 198.4811	 4.6059	 1.0000
1950	12	22	810.4665	 200.4714	 4.6220	 1.0000
1950	12	23	821.4397	 201.2802	 4.5981	 1.0000
1950	12	24	830.4565	 201.6510	 4.7200	 1.0000
1950	12	25	836.3600	 202.0308	 4.7442	 1.0000
1950	12	26	841.5118	 202.2844	 4.7292	 1.0000
1950	12	27	849.5813	 204.5485	 4.7298	 1.0000
1950	12	28	853.3549	 204.3485	 4.7349	 1.0000
1950	12	29	855.7268	 203.4000	 4.7263	 1.0000
1950	12	30	856.1749	 201.7616	 4.6542	 1.0000
1950	12	31	864.5274	 203.7074	 4.7330	 1.0000
1951	01	01	885.0343	 209.9529	 4.3514	 1.0000
1951	01	02	935.2292	 229.4040	 4.3004	 1.0000
1951	01	03	946.4722	 231.5703	 4.2454	 1.0000
1951	01	04	949.2402	 230.2784	 4.2387	 1.0000
1951	01	05	950.7728	 229.4370	 4.2457	 1.0000
1951	01	06	950.8375	 227.7390	 4.2599	 1.0000
1951	01	07	951.6676	 226.9216	 4.2101	 1.0000
1951	01	08	952.7695	 226.5883	 4.2124	 1.0000
1951	01	09	956.3542	 228.2503	 4.2193	 1.0000
1951	01	10	962.3589	 230.3136	 4.1941	 1.0000
1951	01	11	962.8060	 228.5178	 4.1794	 1.0000
1951	01	12	986.6385	 239.2976	 4.3212	 1.0000
1951	01	13	1034.7197	 259.9679	 4.2055	 1.0000
1951	01	14	1085.1130	 277.9188	 4.2681	 1.0000
1951	01	15	1145.8816	 298.3537	 4.0737	 1.0000
1951	01	16	1199.9873	 318.6706	 4.0922	 1.0000
1951	01	17	1217.9411	 320.5593	 3.9339	 1.0000
1951	01	18	1224.9805	 318.8875	 3.9235	 1.0000
1951	01	19	1251.1503	 329.6467	 3.9004	 1.0000
1951	01	20	1294.2509	 345.8688	 3.8602	 1.0000
1951	01	21	1315.4685	 346.2277	 3.7096	 1.0000
1951	01	22	1320.8610	 339.7142	 3.6741	 1.0000
1951	01	23	1332.3862	 337.7681	 3.6493	 1.0000
1951	01	24	1350.6683	 336.9991	 4.2471	 1.0000
1951	01	25	1369.9060	 336.4442	 4.3188	 1.0000
1951	01	26	1376.4568	 335.7167	 4.2067	 1.0000
1951	01	27	1376.3797	 333.1860	 4.1799	 1.0000
1951	01	28	1376.1967	 331.5764	 4.0848	 1.0000
1951	01	29	1376.1764	 330.2046	 4.0909	 1.0000
1951	01	30	1376.1832	 328.8839	 4.1058	 1.0000
1951	01	31	1381.5616	 334.3702	 4.0973	 1.0000
1951	02	01	1407.2870	 363.3572	 4.0303	 1.0000
1951	02	02	1464.0512	 402.1033	 3.8844	 1.0000
1951	02	03	1489.2064	 403.4478	 3.7883	 1.0000
1951	02	04	1489.2334	 391.5994	 3.7981	 1.0000
1951	02	05	1489.2562	 381.9936	 3.7947	 1.0000
1951	02	06	1499.5456	 380.9631	 3.8186	 1.0000
1951	02	07	1534.5054	 388.4578	 3.7835	 1.0000
1951	02	08	1605.4414	 402.7441	 4.0734	 1.0000
1951	02	09	1712.2467	 414.9845	 3.9919	 1.0000
1951	02	10	1761.3910	 413.9992	 4.0637	 1.0000
1951	02	11	1764.8405	 408.2450	 4.1621	 1.0000
1951	02	12	1767.0167	 405.0334	 4.1951	 1.0000
1951	02	13	1766.9140	 401.5221	 4.1664	 1.0000
1951	02	14	1767.7343	 398.7887	 4.0947	 1.0000
1951	02	15	1769.5783	 396.4946	 4.1314	 1.0000
1951	02	16	1770.6838	 394.0711	 4.1928	 1.0000
1951	02	17	1771.4285	 391.1125	 4.1828	 1.0000
1951	02	18	1774.8109	 389.2692	 4.1088	 1.0000
1951	02	19	1787.9439	 391.9023	 4.0559	 1.0000
1951	02	20	1800.2333	 394.7914	 4.0976	 1.0000
1951	02	21	1802.6246	 393.1386	 4.0810	 1.0000
1951	02	22	1802.4082	 390.4281	 3.9221	 1.0000
1951	02	23	1802.3417	 388.1722	 3.9092	 1.0000
1951	02	24	1803.2153	 386.6531	 3.8590	 1.0000
1951	02	25	1803.1134	 384.6726	 3.7964	 1.0000
1951	02	26	1803.0495	 382.9604	 3.7718	 1.0000
1951	02	27	1802.9896	 381.4117	 3.7454	 1.0000
1951	02	28	1802.9717	 379.9191	 3.7450	 1.0000
1951	03	01	1802.9491	 378.4558	 3.7437	 1.0000
1951	03	02	1802.8239	 376.9651	 3.6795	 1.0000
1951	03	03	1844.9863	 404.9443	 3.6036	 1.0000
1951	03	04	1874.7955	 421.2839	 3.3675	 1.0000
1951	03	05	1882.3224	 423.6677	 3.1261	 1.0000
1951	03	06	1888.6243	 426.2623	 3.0511	 1.0000
1951	03	07	1895.3061	 429.3648	 3.0388	 1.0000
1951	03	08	1910.6281	 437.2780	 3.0045	 1.0000
1951	03	09	1917.1306	 438.2993	 2.8839	 1.0000
1951	03	10	1919.7044	 437.1615	 2.8350	 1.0000
1951	03	11	1935.8079	 447.6717	 2.8339	 1.0000
1951	03	12	1964.7160	 458.4870	 2.7874	 1.0000
1951	03	13	1973.4360	 456.5283	 2.7877	 1.0000
1951	03	14	1998.8727	 455.6485	 3.1520	 1.0000
1951	03	15	2037.9127	 461.9049	 3.4747	 1.0000
1951	03	16	2083.7257	 479.4692	 3.5875	 1.0000
1951	03	17	2084.1320	 473.3555	 3.5619	 1.0000
1951	03	18	2084.1228	 467.6087	 3.5617	 1.0000
1951	03	19	2084.1117	 461.6668	 3.5562	 1.0000
1951	03	20	2084.1689	 455.4329	 3.4467	 1.0000
1951	03	21	2086.5507	 450.4156	 3.3977	 1.0000
1951	03	22	2087.9618	 445.8748	 3.6142	 1.0000
1951	03	23	2087.3941	 441.4596	 3.4520	 1.0000
1951	03	24	2086.2700	 437.1838	 3.3156	 1.0000
1951	03	25	2084.8232	 433.0080	 2.8532	 1.0000
1951	03	26	2083.2202	 429.0801	 2.5466	 1.0000
1951	03	27	2081.4090	 425.5892	 2.4565	 1.0000
1951	03	28	2084.6027	 424.2509	 2.9033	 1.0000
1951	03	29	2088.5030	 423.5723	 3.1291	 1.0000
1951	03	30	2088.1806	 421.4640	 2.9342	 1.0000
1951	03	31	2086.9828	 418.9445	 2.6235	 1.0000
1951	04	01	2085.3728	 416.2424	 1.7416	 1.0000
1951	04	02	2082.9087	 413.4382	 1.0472	 1.0000
1951	04	03	2078.8920	 410.2444	 0.2549	 1.0000
1951	04	04	2074.1505	 407.0090	 0.0000	 1.0000
1951	04	05	2069.0323	 403.8510	 0.0000	 1.0000
1951	04	06	2063.6248	 400.7857	 0.0000	 1.0000
1951	04	07	2057.9626	 397.8451	 0.0000	 1.0000
1951	04	08	2051.9788	 394.9173	 0.0000	 1.0000
1951	04	09	2045.5799	 392.0675	 0.0000	 1.0000
1951	04	10	2038.7992	 389.2525	 0.0000	 1.0000
1951	04	11	2029.5050	 385.9808	 0.0000	 1.0000
1951	04	12	2017.5490	 382.2434	 0.0000	 1.0000
1951	04	13	2003.3301	 378.1814	 0.0000	 1.0000
1951	04	14	1989.8711	 374.3843	 0.0000	 1.0000
1951	04	15	1975.7858	 370.5000	 0.0000	 1.0000
1951	04	16	1958.1237	 365.9748	 0.0000	 1.0000
1951	04	17	1938.7430	 361.2023	 0.0000	 1.0000
1951	04	18	1924.6922	 357.5725	 0.0000	 1.0000
1951	04	19	1918.0793	 355.5364	 0.0000	 1.0000
1951	04	20	1912.3048	 353.6986	 0.0000	 1.0000
1951	04	21	1902.1124	 350.9896	 0.0000	 1.0000
1951	04	22	1888.0030	 347.5145	 0.0000	 1.0000
1951	04	23	1873.6465	 344.0415	 0.0000	 1.0000
1951	04	24	1855.1964	 339.8268	 0.0000	 1.0000
1951	04	25	1829.5680	 334.2984	 0.0000	 1.0000
1951	04	26	1816.7909	 331.1706	 0.0221	 1.0000
1951	04	27	1815.0990	 330.5405	 0.4311	 1.0000
1951	04	28	1813.5515	 329.7941	 0.5842	 1.0000
1951	04	29	1808.3550	 328.1330	 0.0241	 1.0000
1951	04	30	1802.2688	 326.3811	 0.0000	 1.0000
1951	05	01	1794.8597	 324.3724	 0.0000	 1.0000
1951	05	02	1782.7458	 321.5380	 0.0000	 1.0000
1951	05	03	1765.5275	 317.7827	 0.0000	 1.0000
1951	05	04	1748.4535	 314.0542	 0.0537	 1.0000
1951	05	05	1731.2157	 310.4037	 0.0252	 1.0000
1951	05	06	1713.1914	 306.5648	 0.0070	 1.0000
1951	05	07	1693.9072	 302.5831	 0.1195	 1.0000
1951	05	08	1675.5445	 298.7397	 0.0683	 1.0000
1951	05	09	1648.5583	 293.3996	 0.0000	 1.0000
1951	05	10	1621.2694	 288.1015	 0.1699	 0.9930
1951	05	11	1602.5030	 285.0160	 0.5566	 0.9930
1951	05	12	1595.9233	 283.6884	 0.4594	 0.9721
1951	05	13	1580.5409	 280.4488	 0.0000	 0.9721
1951	05	14	1561.6088	 276.6217	 0.0000	 0.9721
1951	05	15	1534.3532	 271.3463	 0.0000	 0.9721
1951	05	16	1506.9116	 266.0608	 0.0000	 0.9721
1951	05	17	1481.4112	 261.1392	 0.0000	 0.9721
1951	05	18	1463.2802	 257.5464	 0.0000	 0.9721
1951	05	19	1440.5556	 253.1643	 0.0000	 0.9721
1951	05	20	1415.7123	 248.4208	 0.0000	 0.9721
1951	05	21	1385.0763	 242.6775	 0.0000	 0.9721
1951	05	22	1355.0811	 237.0636	 0.0000	 0.9721
1951	05	23	1324.7992	 231.4419	 0.1258	 0.9721
1951	05	24	1315.9906	 229.7545	 0.4262	 0.9721
1951	05	25	1306.6628	 227.9677	 0.2911	 0.9721
1951	05	26	1285.0084	 223.9610	 0.0000	 0.9721
1951	05	27	1266.2471	 220.3829	 0.0000	 0.9721
1951	05	28	1254.9912	 218.1416	 0.0000	 0.9653
1951	05	29	1243.2510	 215.8319	 0.0000	 0.9653
1951	05	30	1228.7903	 213.0471	 0.0000	 0.9653
1951	05	31	1210.5441	 209.6038	 0.0000	 0.9450
1951	06	01	1187.5202	 205.3330	 0.0000	 0.9450
1951	06	02	1156.5871	 199.6999	 0.0000	 0.9450
1951	06	03	1132.9579	 195.3344	 0.0000	 0.9450
1951	06	04	1112.3481	 191.5592	 0.0444	 0.8252
1951	06	05	1099.7035	 189.2253	 0.1228	 0.8252
1951	06	06	1086.4207	 186.8077	 0.2087	 0.8252
1951	06	07	1077.0632	 185.0116	 0.0750	 0.7169
1951	06	08	1065.4644	 182.8385	 0.0277	 0.7169
1951	06	09	1041.8450	 178.6115	 0.0000	 0.7169
1951	06	10	1021.2341	 174.9009	 0.0000	 0.7169
1951	06	11	1000.8422	 171.2327	 0.0000	 0.7169
1951	06	12	980.9185	 167.6522	 0.0000	 0.7169
1951	06	13	961.0696	 164.0928	 0.0000	 0.7169
1951	06	14	939.4193	 160.2340	 0.0000	 0.7169
1951	06	15	917.7714	 156.3788	 0.0000	 0.7169
1951	06	16	897.4828	 152.7688	 0.0000	 0.7102
1951	06	17	876.8813	 149.1127	 0.0000	 0.7102
1951	06	18	858.5941	 145.8693	 0.0000	 0.6899
1951	06	19	840.8346	 142.7254	 0.0000	 0.6899
1951	06	20	822.7329	 139.5286	 0.0000	 0.6899
1951	06	21	800.0558	 135.5624	 0.0000	 0.6899
1951	06	22	777.2871	 131.5863	 0.0000	 0.6899
1951	06	23	755.3374	 127.7492	 0.0000	 0.6899
1951	06	24	736.0050	 124.3680	 0.0000	 0.6899
1951	06	25	708.7207	 119.6466	 0.0000	 0.6899
1951	06	26	687.4880	 115.9546	 0.0000	 0.6899
1951	06	27	665.6744	 112.1698	 0.0000	 0.6899
1951	06	28	643.1167	 108.2669	 0.0000	 0.6831
1951	06	29	621.3271	 104.5073	 0.0000	 0.6628
1951	06	30	595.5576	 100.0842	 0.0000	 0.6628
1951	07	01	573.1721	 96.2383	 0.0000	 0.6628
1951	07	02	551.7450	 92.5591	 0.0000	 0.6628
1951	07	03	528.9073	 88.6457	 0.0000	 0.6628
1951	07	04	513.7422	 86.0255	 0.0000	 0.6628
1951	07	05	502.2781	 84.0739	 0.0212	 0.6899
1951	07	06	490.3356	 82.0364	 0.0000	 0.4419
1951	07	07	480.5968	 80.3629	 0.0000	 0.4419
1951	07	08	471.0113	 78.7176	 0.0000	 0.4419
1951	07	09	460.5228	 76.9235	 0.0000	 0.4419
1951	07	10	450.3584	 75.1866	 0.0000	 0.4419
1951	07	11	438.3287	 73.1391	 0.0000	 0.4419
1951	07	12	425.4045	 70.9445	 0.0000	 0.4419
1951	07	13	409.5695	 68.2665	 0.0000	 0.4419
1951	07	14	395.1409	 65.8263	 0.0000	 0.4419
1951	07	15	381.3426	 63.4942	 0.0000	 0.4419
1951	07	16	367.2614	 61.1173	 0.0000	 0.4419
1951	07	17	351.6387	 58.4855	 0.0000	 0.4419
1951	07	18	336.9090	 56.0050	 0.0000	 0.4419
1951	07	19	325.6578	 54.1071	 0.0000	 0.4419
1951	07	20	314.1773	 52.1725	 0.0000	 0.4419
1951	07	21	301.6259	 50.0611	 0.0000	 0.4419
1951	07	22	286.1627	 47.4662	 0.0000	 0.4419
1951	07	23	270.1804	 44.7867	 0.0000	 0.4419
1951	07	24	255.4798	 42.3224	 0.0000	 0.4419
1951	07	25	241.8499	 40.0379	 0.0000	 0.4419
1951	07	26	227.5652	 37.6460	 0.0000	 0.4419
1951	07	27	213.4007	 35.2752	 0.0000	 0.4419
1951	07	28	199.2910	 32.9148	 0.0000	 0.4419
1951	07	29	185.8110	 30.6613	 0.0000	 0.3371
1951	07	30	176.0504	 29.0337	 0.0000	 0.2209
1951	07	31	169.4115	 27.9312	 0.0000	 0.2209
1951	08	01	162.5060	 26.7857	 0.0000	 0.2209
1951	08	02	155.2923	 25.5903	 0.0000	 0.2209
1951	08	03	147.9667	 24.3773	 0.0000	 0.2209
1951	08	04	141.4583	 23.2998	 0.0000	 0.2209
1951	08	05	135.5233	 22.3174	 0.0000	 0.2209
1951	08	06	129.6120	 21.3395	 0.0000	 0.2209
1951	08	07	124.0339	 20.4171	 0.0000	 0.2209
1951	08	08	117.5984	 19.3541	 0.0000	 0.2209
1951	08	09	111.0072	 18.2661	 0.0000	 0.2209
1951	08	10	104.7623	 17.2356	 0.0000	 0.2209
1951	08	11	98.4506	 16.1946	 0.0000	 0.2209
1951	08	12	92.9356	 15.2851	 0.0000	 0.2209
1951	08	13	87.1243	 14.3273	 0.0000	 0.2209
1951	08	14	79.8879	 13.1356	 0.0000	 0.2209
1951	08	15	73.1897	 12.0327	 0.0000	 0.2209
1951	08	16	66.5705	 10.9433	 0.0000	 0.2209
1951	08	17	60.0567	 9.8714	 0.0000	 0.2209
1951	08	18	53.5982	 8.8090	 0.0000	 0.2209
1951	08	19	47.1842	 7.7541	 0.0000	 0.2209
1951	08	20	40.6060	 6.6725	 0.0000	 0.2209
1951	08	21	32.9653	 5.4165	 0.0000	 0.2209
1951	08	22	26.5913	 4.3688	 0.0000	 0.2209
1951	08	23	21.8860	 3.5954	 0.0000	 0.2209
1951	08	24	17.8286	 2.9285	 0.0000	 0.2209
1951	08	25	12.6092	 2.0708	 0.0000	 0.2209
1951	08	26	7.0795	 1.1622	 0.0000	 0.2209
1951	08	27	4.2052	 0.7009	 0.0000	 0.1161
1951	08	28	3.0940	 0.5545	 0.0000	 0.1161
1951	08	29	2.3861	 0.4572	 0.0000	 0.1161
1951	08	30	1.1194	 0.2242	 0.0000	 0.1161
1951	08	31	0.0000	 0.0000	 0.0000	 0.0000
1951	09	01	0.0000	 0.0000	 0.0000	 0.0000
1951	09	02	0.0000	 0.0000	 0.0000	 0.0000
1951	09	03	0.0000	 0.0000	 0.0000	 0.0000
1951	09	04	0.0000	 0.0000	 0.0000	 0.0000
1951	09	05	0.0000	 0.0000	 0.0000	 0.0000
1951	09	06	0.0000	 0.0000	 0.0000	 0.0000
1951	09	07	0.0000	 0.0000	 0.0000	 0.0000
1951	09	08	0.0000	 0.0000	 0.0000	 0.0000
1951	09	09	0.0000	 0.0000	 0.0000	 0.0000
1951	09	10	0.0000	 0.0000	 0.0000	 0.0000
1951	09	11	0.0000	 0.0000	 0.0166	 0.0000
1951	09	12	0.0000	 0.0000	 0.0000	 0.0000
1951	09	13	0.0000	 0.0000	 0.0000	 0.0000
1951	09	14	0.0000	 0.0000	 0.0000	 0.0000
1951	09	15	0.0000	 0.0000	 0.0000	 0.0000
1951	09	16	0.0000	 0.0000	 0.0000	 0.0000
1951	09	17	0.0000	 0.0000	 0.0000	 0.0000
1951	09	18	0.0000	 0.0000	 0.0000	 0.0000
1951	09	19	0.0000	 0.0000	 0.0000	 0.0000
1951	09	20	0.0000	 0.0000	 0.0000	 0.0000
1951	09	21	0.0000	 0.0000	 0.0000	 0.0000
1951	09	22	0.0000	 0.0000	 0.0000	 0.0000
1951	09	23	0.0000	 0.0000	 0.0000	 0.0000
1951	09	24	0.0000	 0.0000	 0.0000	 0.0000
1951	09	25	0.0051	 0.0038	 0.0948	 0.0271
1951	09	26	0.0012	 0.0009	 0.0547	 0.2480
1951	09	27	0.0951	 0.0670	 0.0623	 0.2480
1951	09	28	0.0114	 0.0064	 0.0000	 0.0271
1951	09	29	0.0000	 0.0000	 0.0000	 0.0000
1951	09	30	0.0000	 0.0000	 0.0000	 0.0000
1951	10	01	0.0000	 0.0000	 0.0000	 0.0000
1951	10	02	0.0000	 0.0000	 0.0000	 0.0000
1951	10	03	0.0079	 0.0051	 0.0116	 0.0271
1951	10	04	0.0000	 0.0000	 0.0143	 0.0000
1951	10	05	0.0000	 0.0000	 0.0000	 0.0000
1951	10	06	0.0000	 0.0000	 0.0000	 0.0000
1951	10	07	0.0024	 0.0016	 0.0213	 0.2480
1951	10	08	0.0000	 0.0000	 0.0000	 0.0000
1951	10	09	0.0000	 0.0000	 0.0000	 0.0000
1951	10	10	0.0000	 0.0000	 0.0000	 0.0000
1951	10	11	0.0000	 0.0000	 0.0000	 0.0000
1951	10	12	0.0304	 0.0208	 0.0172	 0.2480
1951	10	13	0.1505	 0.1175	 0.2559	 0.2751
1951	10	14	1.9039	 1.2037	 0.8551	 0.4960
1951	10	15	7.7488	 4.4621	 2.1143	 0.7440
1951	10	16	11.9137	 6.6402	 2.7269	 1.0000
1951	10	17	17.9893	 9.7469	 3.1349	 1.0000
1951	10	18	34.9374	 16.2381	 3.8166	 1.0000
1951	10	19	57.6673	 24.3670	 4.2627	 1.0000
1951	10	20	65.0307	 25.5027	 3.3128	 0.7719
1951	10	21	64.8583	 24.4564	 3.1528	 0.7440
1951	10	22	86.7017	 32.7044	 4.2033	 1.0000
1951	10	23	98.3933	 36.5249	 5.1034	 1.0000
1951	10	24	98.5256	 35.3871	 5.2110	 1.0000
1951	10	25	98.5604	 34.5630	 5.2226	 1.0000
1951	10	26	98.5211	 33.8962	 5.2446	 1.0000
1951	10	27	98.2936	 33.1970	 5.2845	 1.0000
1951	10	28	101.1831	 33.5835	 5.0440	 1.0000
1951	10	29	101.3088	 33.1107	 5.0217	 0.9930
1951	10	30	101.2320	 32.6745	 5.0316	 0.9721
1951	10	31	101.2218	 32.3549	 5.0174	 0.9721
1951	11	01	101.7735	 32.7337	 4.4341	 0.9721
1951	11	02	108.4795	 37.1630	 4.6774	 1.0000
1951	11	03	124.3861	 44.9440	 4.8080	 1.0000
1951	11	04	124.2102	 43.3993	 4.6228	 1.0000
1951	11	05	124.1386	 42.2980	 4.6245	 1.0000
1951	11	06	123.9821	 41.2975	 4.6036	 1.0000
1951	11	07	123.7929	 40.4407	 4.6231	 1.0000
1951	11	08	124.1581	 39.8913	 4.6563	 1.0000
1951	11	09	129.9666	 41.5262	 4.6963	 1.0000
1951	11	10	145.0452	 46.7551	 4.5575	 1.0000
1951	11	11	165.5813	 54.6947	 4.8326	 1.0000
1951	11	12	180.6286	 60.2107	 4.8054	 1.0000
1951	11	13	191.0379	 63.1557	 4.8270	 1.0000
1951	11	14	193.2824	 62.6708	 4.8230	 1.0000
1951	11	15	193.2808	 61.5408	 4.8469	 1.0000
1951	11	16	193.2558	 60.6419	 4.8175	 1.0000
1951	11	17	193.1771	 59.8007	 4.7530	 1.0000
1951	11	18	193.1428	 59.0491	 4.7157	 1.0000
1951	11	19	193.1061	 58.2885	 4.6570	 1.0000
1951	11	20	193.7024	 57.9899	 4.6975	 1.0000
1951	11	21	194.0424	 57.5737	 4.7235	 1.0000
1951	11	22	194.0795	 57.0970	 4.7456	 1.0000
1951	11	23	194.1250	 56.6841	 4.7704	 1.0000
1951	11	24	197.1619	 58.4854	 4.7704	 1.0000
1951	11	25	228.7977	 77.1034	 4.6721	 1.0000
1951	11	26	252.9314	 85.4295	 4.7937	 1.0000
1951	11	27	272.6916	 92.0319	 4.7850	 1.0000
1951	11	28	304.7089	 101.2577	 4.7722	 1.0000
1951	11	29	339.2819	 110.5863	 4.6967	 1.0000
1951	11	30	362.3467	 115.7231	 4.6911	 1.0000
1951	12	01	374.1136	 116.2332	 4.5258	 1.0000
1951	12	02	379.3302	 115.5657	 4.5592	 1.0000
1951	12	03	397.5943	 121.5855	 4.4933	 1.0000
1951	12	04	406.3334	 122.8241	 4.3920	 1.0000
1951	12	05	408.4976	 120.7949	 4.2503	 1.0000
1951	12	06	408.3944	 118.5388	 4.2089	 1.0000
1951	12	07	408.4013	 117.1190	 4.2310	 1.0000
1951	12	08	408.4380	 115.8014	 4.2392	 1.0000
1951	12	09	408.5222	 114.6435	 4.2620	 1.0000
1951	12	10	408.6073	 113.4650	 4.2918	 1.0000
1951	12	11	408.7149	 112.1741	 4.3185	 1.0000
1951	12	12	408.7694	 110.8177	 4.3200	 1.0000
1951	12	13	408.7959	 109.8113	 4.3292	 1.0000
1951	12	14	410.0155	 110.1269	 4.3256	 1.0000
1951	12	15	416.3589	 114.5945	 4.2831	 1.0000
1951	12	16	420.2111	 116.1855	 4.2198	 1.0000
1951	12	17	434.4472	 124.5682	 4.2414	 1.0000
1951	12	18	457.3268	 139.5223	 4.0232	 1.0000
1951	12	19	458.2376	 137.2647	 3.9746	 1.0000
1951	12	20	467.7668	 146.0104	 3.9498	 1.0000
1951	12	21	496.6409	 173.3589	 3.9200	 1.0000
1951	12	22	503.4192	 171.3670	 3.7431	 1.0000
1951	12	23	503.3790	 166.3897	 3.7604	 1.0000
1951	12	24	503.3960	 162.9131	 3.7857	 1.0000
1951	12	25	505.1582	 161.4904	 3.7724	 1.0000
1951	12	26	512.4095	 166.4898	 3.7281	 1.0000
1951	12	27	514.0765	 164.2557	 3.7314	 1.0000
1951	12	28	518.9266	 164.5889	 3.7448	 1.0000
1951	12	29	536.3957	 172.2936	 3.5505	 1.0000
1951	12	30	537.7278	 169.3307	 3.5430	 1.0000
1951	12	31	538.7069	 167.7984	 3.5446	 1.0000
