1949	01	01	876.3004	 242.6976	 3.1031	 1.0000
1949	01	02	877.6368	 240.8014	 3.0748	 1.0000
1949	01	03	877.6986	 238.4368	 3.0143	 1.0000
1949	01	04	882.2367	 241.9471	 3.0947	 1.0000
1949	01	05	897.7747	 256.2723	 3.1111	 1.0000
1949	01	06	918.5303	 266.3403	 3.0968	 1.0000
1949	01	07	924.9664	 263.6663	 2.8767	 1.0000
1949	01	08	924.9290	 258.9294	 2.8479	 1.0000
1949	01	09	924.9866	 255.9962	 2.7867	 1.0000
1949	01	10	924.9882	 253.6800	 2.7966	 1.0000
1949	01	11	924.9939	 251.4171	 2.8200	 1.0000
1949	01	12	924.9988	 248.8735	 2.8572	 1.0000
1949	01	13	925.5500	 246.6344	 2.9106	 1.0000
1949	01	14	927.7019	 245.4477	 2.9468	 1.0000
1949	01	15	928.5565	 242.6797	 2.9311	 1.0000
1949	01	16	929.6408	 241.0791	 2.9375	 1.0000
1949	01	17	930.9202	 239.6254	 2.9144	 1.0000
1949	01	18	932.0498	 238.5879	 2.9096	 1.0000
1949	01	19	932.3866	 237.1721	 2.9133	 1.0000
1949	01	20	932.9508	 236.3542	 2.9034	 1.0000
1949	01	21	933.1159	 235.0806	 2.8758	 1.0000
1949	01	22	933.1416	 233.6889	 2.8053	 1.0000
1949	01	23	933.0400	 232.4168	 2.7774	 1.0000
1949	01	24	933.0467	 231.3380	 2.7609	 1.0000
1949	01	25	933.7632	 231.3033	 2.8245	 1.0000
1949	01	26	935.0905	 231.8069	 2.8795	 1.0000
1949	01	27	935.5266	 230.8701	 2.8904	 1.0000
1949	01	28	935.6321	 229.4770	 2.8300	 1.0000
1949	01	29	935.6019	 227.8611	 2.8273	 1.0000
1949	01	30	935.5890	 226.3648	 2.8316	 1.0000
1949	01	31	935.5746	 225.1443	 2.8343	 1.0000
1949	02	01	935.6216	 224.0446	 2.7764	 1.0000
1949	02	02	936.1186	 223.4378	 2.7794	 1.0000
1949	02	03	937.4723	 223.7132	 2.8006	 1.0000
1949	02	04	937.8781	 223.0305	 2.7461	 1.0000
1949	02	05	950.9054	 237.1939	 2.7899	 1.0000
1949	02	06	971.4206	 258.5128	 2.7546	 1.0000
1949	02	07	988.7719	 269.7408	 2.7228	 1.0000
1949	02	08	999.0844	 271.5976	 2.6868	 1.0000
1949	02	09	1043.0156	 293.1851	 2.6706	 1.0000
1949	02	10	1085.7398	 313.2109	 2.5350	 1.0000
1949	02	11	1096.7929	 314.9378	 2.5213	 1.0000
1949	02	12	1096.8794	 308.6192	 2.3503	 1.0000
1949	02	13	1114.8526	 323.3645	 2.4872	 1.0000
1949	02	14	1139.0851	 337.4542	 2.4876	 1.0000
1949	02	15	1234.7078	 374.8374	 2.4974	 1.0000
1949	02	16	1358.0440	 398.5251	 2.4738	 1.0000
1949	02	17	1403.0131	 394.1730	 2.4272	 1.0000
1949	02	18	1410.5692	 384.5917	 2.4093	 1.0000
1949	02	19	1420.4561	 383.7672	 2.4249	 1.0000
1949	02	20	1439.6649	 391.7144	 2.4266	 1.0000
1949	02	21	1487.6617	 416.6509	 2.4415	 1.0000
1949	02	22	1522.6506	 416.8019	 2.4364	 1.0000
1949	02	23	1530.4693	 404.2924	 2.4336	 1.0000
1949	02	24	1530.5140	 391.9407	 2.2879	 1.0000
1949	02	25	1530.4216	 382.4677	 2.2811	 1.0000
1949	02	26	1530.1840	 374.6012	 2.2143	 1.0000
1949	02	27	1529.9347	 368.1737	 2.1780	 1.0000
1949	02	28	1529.7812	 362.6590	 2.0186	 1.0000
1949	03	01	1529.5458	 357.7220	 2.0032	 1.0000
1949	03	02	1529.2263	 353.0533	 2.0031	 1.0000
1949	03	03	1528.9599	 348.5945	 2.0019	 1.0000
1949	03	04	1528.8926	 344.5843	 2.0049	 1.0000
1949	03	05	1528.7552	 340.7098	 2.0073	 1.0000
1949	03	06	1529.1345	 337.9592	 2.1255	 1.0000
1949	03	07	1534.8516	 337.5378	 3.0519	 1.0000
1949	03	08	1539.2963	 337.2822	 3.2131	 1.0000
1949	03	09	1539.1637	 335.1579	 3.0346	 1.0000
1949	03	10	1538.7676	 333.1210	 2.9311	 1.0000
1949	03	11	1542.6819	 333.2395	 3.3079	 1.0000
1949	03	12	1560.2995	 338.7329	 3.5949	 1.0000
1949	03	13	1567.4122	 340.5561	 3.5773	 1.0000
1949	03	14	1574.0612	 342.2344	 3.5024	 1.0000
1949	03	15	1580.6217	 343.7047	 3.4776	 1.0000
1949	03	16	1586.2536	 343.6447	 3.6018	 1.0000
1949	03	17	1590.7258	 343.1588	 3.7290	 1.0000
1949	03	18	1602.6740	 345.9435	 3.8406	 1.0000
1949	03	19	1617.1204	 348.8198	 4.0725	 1.0000
1949	03	20	1634.6198	 353.7111	 4.0055	 1.0000
1949	03	21	1640.6309	 354.2990	 3.9648	 1.0000
1949	03	22	1640.5109	 351.9637	 3.8108	 1.0000
1949	03	23	1640.2944	 349.7237	 3.7245	 1.0000
1949	03	24	1643.8574	 349.4408	 3.9889	 1.0000
1949	03	25	1647.8481	 348.9253	 3.9735	 1.0000
1949	03	26	1661.6783	 354.5273	 3.9560	 1.0000
1949	03	27	1668.3537	 357.0742	 3.7474	 1.0000
1949	03	28	1668.7586	 355.4064	 3.6715	 1.0000
1949	03	29	1669.9714	 353.9526	 3.6625	 1.0000
1949	03	30	1670.3322	 352.0655	 3.5565	 1.0000
1949	03	31	1670.2368	 350.1419	 3.5055	 1.0000
1949	04	01	1670.6915	 348.5421	 3.6158	 1.0000
1949	04	02	1670.5618	 346.7328	 3.4435	 1.0000
1949	04	03	1670.5348	 345.0604	 3.3694	 1.0000
1949	04	04	1673.6013	 344.1879	 2.5634	 1.0000
1949	04	05	1674.9585	 342.4058	 1.2817	 1.0000
1949	04	06	1674.8476	 340.6798	 1.0371	 1.0000
1949	04	07	1675.0715	 338.9359	 0.5460	 1.0000
1949	04	08	1674.3258	 337.0923	 0.5252	 1.0000
1949	04	09	1674.1169	 335.4580	 0.4331	 1.0000
1949	04	10	1678.7441	 335.2769	 0.2803	 1.0000
1949	04	11	1680.1571	 333.9675	 0.6503	 1.0000
1949	04	12	1680.3289	 332.5178	 0.0065	 1.0000
1949	04	13	1679.8842	 331.0542	 0.0029	 1.0000
1949	04	14	1678.8944	 329.5895	 0.0000	 1.0000
1949	04	15	1677.4744	 327.9836	 0.0000	 1.0000
1949	04	16	1674.9910	 326.1454	 0.0000	 1.0000
1949	04	17	1673.3001	 324.5072	 0.0073	 1.0000
1949	04	18	1669.7196	 322.5409	 0.0111	 1.0000
1949	04	19	1677.0602	 323.6343	 1.5208	 1.0000
1949	04	20	1688.7631	 327.3673	 2.0904	 1.0000
1949	04	21	1692.3024	 328.0699	 2.4834	 1.0000
1949	04	22	1699.6861	 330.2927	 2.6002	 1.0000
1949	04	23	1714.9436	 335.0744	 2.3338	 1.0000
1949	04	24	1721.6596	 336.1378	 1.9753	 1.0000
1949	04	25	1721.3076	 334.8199	 1.1533	 1.0000
1949	04	26	1719.3041	 333.1747	 0.4974	 1.0000
1949	04	27	1715.5510	 331.2107	 0.1140	 1.0000
1949	04	28	1715.4001	 330.0127	 0.4885	 1.0000
1949	04	29	1717.2715	 329.6240	 1.0031	 1.0000
1949	04	30	1721.0045	 330.2010	 1.6389	 1.0000
1949	05	01	1731.9488	 333.4451	 2.8633	 1.0000
1949	05	02	1743.1627	 336.9730	 3.8647	 1.0000
1949	05	03	1746.1582	 337.4805	 3.9550	 1.0000
1949	05	04	1746.5262	 336.7050	 3.4009	 1.0000
1949	05	05	1746.5143	 335.6340	 0.9760	 1.0000
1949	05	06	1739.4028	 333.0425	 0.0000	 1.0000
1949	05	07	1724.3756	 328.9159	 0.0000	 1.0000
1949	05	08	1708.0246	 324.5997	 0.0000	 1.0000
1949	05	09	1688.8451	 319.8128	 0.0000	 1.0000
1949	05	10	1665.8177	 314.3500	 0.0000	 1.0000
1949	05	11	1639.8623	 308.4013	 0.0000	 1.0000
1949	05	12	1611.9484	 302.1509	 0.0000	 1.0000
1949	05	13	1584.8938	 296.1396	 0.0000	 1.0000
1949	05	14	1552.9936	 289.3068	 0.0000	 1.0000
1949	05	15	1518.8973	 282.1331	 0.0000	 1.0000
1949	05	16	1498.9443	 277.6764	 0.0138	 1.0000
1949	05	17	1489.6804	 275.2922	 0.1149	 1.0000
1949	05	18	1481.0651	 273.0827	 0.0057	 1.0000
1949	05	19	1465.2435	 269.5296	 0.0820	 1.0000
1949	05	20	1459.4599	 267.8965	 0.0233	 1.0000
1949	05	21	1442.7249	 264.2163	 0.0000	 1.0000
1949	05	22	1425.5521	 260.4807	 0.0000	 1.0000
1949	05	23	1407.0128	 256.5257	 0.0000	 1.0000
1949	05	24	1388.1252	 252.5483	 0.0000	 1.0000
1949	05	25	1361.4945	 247.1727	 0.0000	 1.0000
1949	05	26	1346.2763	 243.9446	 0.0000	 1.0000
1949	05	27	1324.7549	 239.5609	 0.0203	 1.0000
1949	05	28	1313.2184	 237.0507	 0.4016	 1.0000
1949	05	29	1309.1099	 235.9615	 0.0023	 1.0000
1949	05	30	1292.3020	 232.5034	 0.0000	 1.0000
1949	05	31	1281.5651	 230.1769	 0.0477	 1.0000
1949	06	01	1271.0829	 227.8976	 0.0233	 1.0000
1949	06	02	1263.1948	 226.1130	 0.0005	 1.0000
1949	06	03	1250.0134	 223.3948	 0.0000	 1.0000
1949	06	04	1225.1423	 218.5362	 0.0000	 1.0000
1949	06	05	1197.1116	 213.1154	 0.0000	 0.9848
1949	06	06	1160.5484	 206.1904	 0.0000	 0.9848
1949	06	07	1134.2359	 201.1223	 0.0000	 0.9508
1949	06	08	1120.5871	 198.5159	 0.0000	 0.9508
1949	06	09	1095.4708	 193.7220	 0.0000	 0.9508
1949	06	10	1075.7442	 189.9061	 0.0013	 0.9508
1949	06	11	1058.2175	 186.4883	 0.0000	 0.9508
1949	06	12	1040.7324	 183.1006	 0.0000	 0.9508
1949	06	13	1021.6364	 179.4240	 0.0000	 0.9508
1949	06	14	1000.4366	 175.3800	 0.0000	 0.9365
1949	06	15	982.0316	 171.8956	 0.0377	 0.9365
1949	06	16	976.6543	 170.8723	 0.2690	 0.9365
1949	06	17	971.9966	 169.9500	 0.2361	 0.9365
1949	06	18	959.6203	 167.5870	 0.0000	 0.9046
1949	06	19	941.9670	 164.2338	 0.0000	 0.9046
1949	06	20	920.2566	 160.1616	 0.0000	 0.9046
1949	06	21	904.6728	 157.2115	 0.0000	 0.9046
1949	06	22	891.5828	 154.7028	 0.0000	 0.9046
1949	06	23	878.0306	 152.1174	 0.0000	 0.9046
1949	06	24	864.6222	 149.5412	 0.0369	 0.9046
1949	06	25	859.2653	 148.5316	 0.1937	 0.9046
1949	06	26	853.0518	 147.3105	 0.0748	 0.9046
1949	06	27	846.0839	 146.1253	 0.1783	 0.9046
1949	06	28	838.6234	 144.7457	 0.1380	 0.9046
1949	06	29	833.2086	 143.6369	 0.0250	 0.8901
1949	06	30	826.9337	 142.3851	 0.0032	 0.8901
1949	07	01	812.9230	 139.7331	 0.0000	 0.8901
1949	07	02	800.8597	 137.4227	 0.0000	 0.6793
1949	07	03	788.0057	 134.9899	 0.0000	 0.6469
1949	07	04	775.6204	 132.6657	 0.0000	 0.6469
1949	07	05	763.0380	 130.3099	 0.0000	 0.6469
1949	07	06	751.0496	 128.0709	 0.0000	 0.6469
1949	07	07	739.1542	 125.8498	 0.0000	 0.6469
1949	07	08	722.3697	 122.7711	 0.0000	 0.6469
1949	07	09	701.8005	 119.0330	 0.0000	 0.6469
1949	07	10	681.9716	 115.4265	 0.0000	 0.6469
1949	07	11	662.2480	 111.8448	 0.0000	 0.6469
1949	07	12	643.6474	 108.4666	 0.0000	 0.6324
1949	07	13	623.6350	 104.8629	 0.0000	 0.6000
1949	07	14	604.7042	 101.4812	 0.0000	 0.6000
1949	07	15	584.5066	 97.8572	 0.0000	 0.6000
1949	07	16	574.6332	 96.0510	 0.0464	 0.6469
1949	07	17	566.1672	 94.5025	 0.0385	 0.6469
1949	07	18	553.1194	 92.1879	 0.0000	 0.6000
1949	07	19	544.9928	 90.7003	 0.0000	 0.4879
1949	07	20	539.1816	 89.6275	 0.0101	 0.4879
1949	07	21	528.4623	 87.7186	 0.0000	 0.4022
1949	07	22	522.3427	 86.6121	 0.0000	 0.4022
1949	07	23	516.4883	 85.5656	 0.0142	 0.4491
1949	07	24	511.2294	 84.5962	 0.0000	 0.4022
1949	07	25	506.5930	 83.7495	 0.0000	 0.4022
1949	07	26	502.5600	 83.0050	 0.0735	 0.4491
1949	07	27	499.0408	 82.3667	 0.0052	 0.4022
1949	07	28	493.1355	 81.3067	 0.0000	 0.4022
1949	07	29	485.2545	 79.9095	 0.0000	 0.4022
1949	07	30	474.8726	 78.0903	 0.0000	 0.4022
1949	07	31	464.2892	 76.2386	 0.0000	 0.4022
1949	08	01	453.4669	 74.3490	 0.0000	 0.4022
1949	08	02	444.0297	 72.6976	 0.0000	 0.4022
1949	08	03	433.9458	 70.9380	 0.0000	 0.4022
1949	08	04	425.5685	 69.4704	 0.0000	 0.4022
1949	08	05	419.0274	 68.3190	 0.0000	 0.4022
1949	08	06	410.8077	 66.8816	 0.0000	 0.4022
1949	08	07	405.2351	 65.8836	 0.0000	 0.4022
1949	08	08	400.5121	 65.0449	 0.0201	 0.4491
1949	08	09	395.2450	 64.1119	 0.0000	 0.4022
1949	08	10	390.0930	 63.2077	 0.0000	 0.2882
1949	08	11	384.7484	 62.2831	 0.0000	 0.2882
1949	08	12	381.2323	 61.6795	 0.0412	 0.3351
1949	08	13	379.9336	 61.4395	 0.1637	 0.2480
1949	08	14	379.0106	 61.2631	 0.0029	 0.2011
1949	08	15	377.0244	 60.9120	 0.0000	 0.2011
1949	08	16	373.7661	 60.3556	 0.0000	 0.2011
1949	08	17	371.7615	 60.0025	 0.0000	 0.2011
1949	08	18	368.7416	 59.4863	 0.0000	 0.2011
1949	08	19	365.7736	 58.9795	 0.0000	 0.2011
1949	08	20	362.5927	 58.4391	 0.0000	 0.2011
1949	08	21	359.6665	 57.9406	 0.0000	 0.2011
1949	08	22	357.2116	 57.5189	 0.0000	 0.2011
1949	08	23	356.1834	 57.3284	 0.0000	 0.2011
1949	08	24	353.8383	 56.9751	 0.0000	 0.2011
1949	08	25	352.4777	 56.7492	 0.0346	 0.2480
1949	08	26	351.2264	 56.5204	 0.0003	 0.2011
1949	08	27	349.1635	 56.1646	 0.0000	 0.2011
1949	08	28	346.0362	 55.6374	 0.0000	 0.2011
1949	08	29	341.8344	 54.9383	 0.0000	 0.2011
1949	08	30	337.3684	 54.1977	 0.0000	 0.2011
1949	08	31	333.3436	 53.5291	 0.0000	 0.2011
1949	09	01	329.3866	 52.8722	 0.0000	 0.2011
1949	09	02	325.1699	 52.1746	 0.0000	 0.2011
1949	09	03	321.7529	 51.6238	 0.0000	 0.2011
1949	09	04	317.3536	 50.8982	 0.0000	 0.2011
1949	09	05	314.0422	 50.3480	 0.0000	 0.2011
1949	09	06	311.7302	 49.9599	 0.0000	 0.2011
1949	09	07	307.9848	 49.3414	 0.0000	 0.2011
1949	09	08	304.0198	 48.6885	 0.0000	 0.2011
1949	09	09	301.1799	 48.2251	 0.0000	 0.2011
1949	09	10	299.7759	 47.9955	 0.0603	 0.2480
1949	09	11	299.7840	 47.9960	 0.0539	 0.2011
1949	09	12	299.5053	 47.9573	 0.0000	 0.2011
1949	09	13	298.5444	 47.8014	 0.0863	 0.2480
1949	09	14	298.2843	 48.1530	 0.0000	 0.2011
1949	09	15	304.0194	 50.5168	 2.0460	 0.7400
1949	09	16	311.1063	 53.6388	 1.0722	 0.6938
1949	09	17	313.1801	 54.2473	 1.2114	 0.5422
1949	09	18	317.2879	 55.5529	 0.8746	 0.4960
1949	09	19	319.4003	 56.4586	 0.9412	 0.7400
1949	09	20	318.5050	 55.8055	 0.6323	 0.4960
1949	09	21	316.2711	 54.4357	 0.0000	 0.4815
1949	09	22	314.2120	 53.8056	 0.0000	 0.2480
1949	09	23	311.1406	 53.0634	 0.0000	 0.2480
1949	09	24	309.0768	 52.5121	 0.0000	 0.2011
1949	09	25	307.5578	 52.2146	 0.0000	 0.2011
1949	09	26	305.6425	 51.8504	 0.0000	 0.2011
1949	09	27	303.3958	 51.4308	 0.0000	 0.2011
1949	09	28	300.9631	 50.9810	 0.0000	 0.2011
1949	09	29	299.9712	 50.7776	 0.0000	 0.2011
1949	09	30	299.0686	 50.5910	 0.0312	 0.2480
1949	10	01	299.0051	 50.5444	 0.0104	 0.2011
1949	10	02	298.9288	 50.5022	 0.0000	 0.2011
1949	10	03	300.7996	 51.1963	 0.2456	 0.2949
1949	10	04	303.9874	 52.4950	 0.8476	 0.5422
1949	10	05	308.5203	 55.0539	 2.3159	 1.0000
1949	10	06	310.7029	 56.2608	 2.6551	 0.9508
1949	10	07	310.8236	 56.2451	 2.6042	 0.8595
1949	10	08	318.6185	 61.2490	 3.2379	 1.0000
1949	10	09	330.3104	 66.5660	 4.1236	 1.0000
1949	10	10	341.3757	 70.6778	 4.0522	 1.0000
1949	10	11	348.6015	 73.0469	 4.2100	 1.0000
1949	10	12	350.7146	 73.4443	 4.5991	 1.0000
1949	10	13	350.9254	 73.1769	 4.6684	 1.0000
1949	10	14	357.8407	 76.6301	 4.7882	 1.0000
1949	10	15	361.6803	 77.8257	 5.1845	 1.0000
1949	10	16	362.0209	 77.4850	 5.1875	 1.0000
1949	10	17	361.9663	 77.0633	 5.1571	 1.0000
1949	10	18	361.8247	 76.6362	 5.0527	 1.0000
1949	10	19	361.6120	 76.2494	 4.9561	 1.0000
1949	10	20	361.4619	 75.9086	 4.9428	 1.0000
1949	10	21	361.1201	 75.4684	 4.8681	 1.0000
1949	10	22	360.7702	 75.0377	 4.8599	 1.0000
1949	10	23	360.3875	 74.5854	 4.8525	 0.9508
1949	10	24	360.0163	 74.1466	 4.7076	 0.9508
1949	10	25	360.0489	 73.8917	 4.7066	 0.9508
1949	10	26	363.0820	 74.7701	 4.2161	 0.9508
1949	10	27	385.2898	 82.8304	 4.3192	 1.0000
1949	10	28	401.3501	 88.2302	 4.2692	 1.0000
1949	10	29	401.7091	 87.8829	 4.4042	 1.0000
1949	10	30	401.6620	 87.3963	 4.4004	 1.0000
1949	10	31	401.4981	 86.8664	 4.3713	 1.0000
1949	11	01	401.6367	 86.5316	 4.0393	 0.9508
1949	11	02	401.4275	 85.9973	 3.8898	 0.9508
1949	11	03	401.1000	 85.4433	 3.7435	 0.9508
1949	11	04	400.7672	 84.9155	 3.6702	 0.9508
1949	11	05	400.1376	 84.2914	 3.4320	 0.9508
1949	11	06	398.9922	 83.5545	 3.3911	 0.9508
1949	11	07	398.9379	 83.2833	 3.4959	 0.9508
1949	11	08	404.6407	 85.4733	 3.8305	 0.9508
1949	11	09	407.9674	 86.8796	 3.9718	 1.0000
1949	11	10	426.2236	 95.7930	 4.1955	 1.0000
1949	11	11	486.9834	 123.2058	 4.3291	 1.0000
1949	11	12	527.6496	 140.1612	 4.3423	 1.0000
1949	11	13	554.1108	 148.0299	 4.2873	 1.0000
1949	11	14	567.7154	 149.2240	 4.3994	 1.0000
1949	11	15	568.7168	 146.4188	 4.5094	 1.0000
1949	11	16	569.2496	 143.8830	 4.5533	 1.0000
1949	11	17	570.8045	 142.1265	 4.6272	 1.0000
1949	11	18	573.7425	 141.1807	 4.6384	 1.0000
1949	11	19	574.7555	 139.6802	 4.6354	 1.0000
1949	11	20	574.7948	 138.2828	 4.6181	 1.0000
1949	11	21	577.0440	 138.2515	 4.6457	 1.0000
1949	11	22	605.6018	 150.2646	 4.5673	 1.0000
1949	11	23	643.5609	 162.0586	 4.4715	 1.0000
1949	11	24	676.5717	 169.7312	 4.6064	 1.0000
1949	11	25	725.0207	 182.9535	 4.4625	 1.0000
1949	11	26	791.6040	 201.0447	 4.4822	 1.0000
1949	11	27	829.8950	 209.5459	 4.4424	 1.0000
1949	11	28	848.5159	 211.8078	 4.6420	 1.0000
1949	11	29	865.2617	 214.7943	 4.7143	 1.0000
1949	11	30	894.0229	 222.7995	 4.6257	 1.0000
1949	12	01	934.7731	 237.2638	 4.3593	 1.0000
1949	12	02	953.2058	 242.3548	 4.2168	 1.0000
1949	12	03	961.4512	 244.0869	 4.2357	 1.0000
1949	12	04	964.9231	 242.3276	 4.1899	 1.0000
1949	12	05	969.1705	 241.6085	 4.1174	 1.0000
1949	12	06	970.6849	 239.7917	 4.1231	 1.0000
1949	12	07	972.2776	 238.3987	 4.1120	 1.0000
1949	12	08	974.9280	 238.3566	 4.1164	 1.0000
1949	12	09	976.5238	 237.4089	 4.0475	 1.0000
1949	12	10	977.8400	 236.8042	 4.0479	 1.0000
1949	12	11	978.8300	 236.3213	 4.0567	 1.0000
1949	12	12	979.0887	 234.8856	 4.0545	 1.0000
1949	12	13	983.1513	 236.4282	 4.0515	 1.0000
1949	12	14	995.0020	 242.7746	 4.0208	 1.0000
1949	12	15	1001.2736	 244.6326	 3.9831	 1.0000
1949	12	16	1004.9873	 244.7817	 3.9709	 1.0000
1949	12	17	1011.1608	 247.2800	 3.8409	 1.0000
1949	12	18	1013.0979	 247.2641	 3.7884	 1.0000
1949	12	19	1013.2948	 246.1132	 3.7890	 1.0000
1949	12	20	1018.4277	 251.3722	 3.7799	 1.0000
1949	12	21	1031.8769	 262.6816	 3.8029	 1.0000
1949	12	22	1050.7481	 270.5782	 3.7603	 1.0000
1949	12	23	1072.3799	 278.6834	 3.6616	 1.0000
1949	12	24	1090.0079	 288.4046	 3.5627	 1.0000
1949	12	25	1116.6218	 304.0481	 3.5375	 1.0000
1949	12	26	1177.3229	 328.6767	 3.4583	 1.0000
1949	12	27	1243.7155	 349.0278	 3.3572	 1.0000
1949	12	28	1275.3194	 348.8274	 3.2995	 1.0000
1949	12	29	1288.3584	 343.0483	 3.1885	 1.0000
1949	12	30	1299.6874	 343.2821	 3.1913	 1.0000
1949	12	31	1305.0028	 342.2161	 3.1400	 1.0000
1950	01	01	1306.6098	 339.4373	 3.0103	 1.0000
1950	01	02	1306.6697	 336.6018	 2.9367	 1.0000
1950	01	03	1308.5096	 337.0915	 3.0195	 1.0000
1950	01	04	1311.1325	 338.5950	 3.0432	 1.0000
1950	01	05	1330.4951	 359.7003	 3.0533	 1.0000
1950	01	06	1346.4182	 370.3969	 3.0543	 1.0000
1950	01	07	1350.5103	 364.9261	 3.0249	 1.0000
1950	01	08	1354.8292	 360.8778	 3.0388	 1.0000
1950	01	09	1367.3885	 366.3573	 3.0360	 1.0000
1950	01	10	1375.5847	 365.7113	 2.9603	 1.0000
1950	01	11	1378.4694	 361.2999	 2.9315	 1.0000
1950	01	12	1380.6548	 359.4353	 2.8565	 1.0000
1950	01	13	1382.9635	 359.8527	 2.8659	 1.0000
1950	01	14	1384.5844	 359.9723	 2.8750	 1.0000
1950	01	15	1385.6727	 359.3538	 2.8815	 1.0000
1950	01	16	1386.3727	 357.7983	 2.8892	 1.0000
1950	01	17	1386.5149	 355.4294	 2.8839	 1.0000
1950	01	18	1400.7300	 371.6881	 2.8917	 1.0000
1950	01	19	1449.0742	 425.1118	 2.9027	 1.0000
1950	01	20	1501.4895	 451.6364	 2.8995	 1.0000
1950	01	21	1542.4595	 446.5665	 2.8924	 1.0000
1950	01	22	1562.6436	 430.7173	 2.8156	 1.0000
1950	01	23	1572.1980	 423.6163	 2.7338	 1.0000
1950	01	24	1574.7029	 420.3710	 2.6172	 1.0000
1950	01	25	1578.3102	 421.3880	 2.6462	 1.0000
1950	01	26	1582.8592	 423.1516	 2.6214	 1.0000
1950	01	27	1584.0539	 420.3971	 2.6286	 1.0000
1950	01	28	1584.1250	 416.5858	 2.5572	 1.0000
1950	01	29	1584.1142	 413.3135	 2.5604	 1.0000
1950	01	30	1584.0731	 410.2133	 2.5556	 1.0000
1950	01	31	1584.0642	 407.3083	 2.5592	 1.0000
1950	02	01	1584.0748	 404.4965	 2.5464	 1.0000
1950	02	02	1584.6076	 401.9976	 2.5648	 1.0000
1950	02	03	1589.8950	 405.2082	 2.6043	 1.0000
1950	02	04	1597.2210	 407.9963	 2.5733	 1.0000
1950	02	05	1613.0777	 415.4083	 2.5996	 1.0000
1950	02	06	1624.9045	 413.6528	 2.5894	 1.0000
1950	02	07	1640.5066	 411.7944	 2.5483	 1.0000
1950	02	08	1656.7750	 412.3735	 2.5014	 1.0000
1950	02	09	1668.3865	 412.0832	 2.4912	 1.0000
1950	02	10	1674.0180	 409.4929	 2.4889	 1.0000
1950	02	11	1679.2148	 406.1374	 2.4744	 1.0000
1950	02	12	1702.4907	 412.9219	 2.4951	 1.0000
1950	02	13	1712.7560	 411.0285	 2.4873	 1.0000
1950	02	14	1721.7712	 408.4970	 2.4897	 1.0000
1950	02	15	1738.6883	 410.2857	 2.4808	 1.0000
1950	02	16	1746.5188	 408.2318	 2.4880	 1.0000
1950	02	17	1747.4264	 403.5567	 2.4860	 1.0000
1950	02	18	1750.9979	 400.5464	 2.4616	 1.0000
1950	02	19	1753.6891	 397.7704	 2.4960	 1.0000
1950	02	20	1756.2848	 395.7151	 2.4985	 1.0000
1950	02	21	1769.2249	 399.4709	 2.4938	 1.0000
1950	02	22	1783.0751	 403.5186	 2.4868	 1.0000
1950	02	23	1828.6367	 420.6567	 2.9267	 1.0000
1950	02	24	1866.1800	 437.4262	 2.8474	 1.0000
1950	02	25	1910.8411	 454.3514	 2.8043	 1.0000
1950	02	26	1934.2829	 457.0687	 2.7376	 1.0000
1950	02	27	1937.0435	 451.6971	 2.6739	 1.0000
1950	02	28	1937.1171	 446.3379	 2.5446	 1.0000
1950	03	01	1938.9081	 442.4037	 2.6442	 1.0000
1950	03	02	1951.1990	 442.4371	 3.3823	 1.0000
1950	03	03	2007.7619	 459.6811	 3.5682	 1.0000
1950	03	04	2047.9896	 466.7044	 3.7280	 1.0000
1950	03	05	2061.3048	 464.9832	 3.7277	 1.0000
1950	03	06	2064.6269	 460.2085	 3.5948	 1.0000
1950	03	07	2066.3080	 456.3004	 3.6340	 1.0000
1950	03	08	2072.6981	 455.1443	 3.6166	 1.0000
1950	03	09	2079.3496	 454.9635	 3.5591	 1.0000
1950	03	10	2081.0514	 452.2968	 3.5750	 1.0000
1950	03	11	2081.0292	 449.2310	 3.5036	 1.0000
1950	03	12	2081.8658	 447.3347	 3.4895	 1.0000
1950	03	13	2082.3436	 445.0434	 3.4938	 1.0000
1950	03	14	2087.1102	 444.3810	 3.5864	 1.0000
1950	03	15	2098.2684	 446.0958	 3.5490	 1.0000
1950	03	16	2130.4328	 456.1381	 3.4925	 1.0000
1950	03	17	2150.7818	 461.9415	 3.3336	 1.0000
1950	03	18	2189.1697	 476.6028	 3.3653	 1.0000
1950	03	19	2215.4012	 487.7722	 3.2459	 1.0000
1950	03	20	2229.5862	 492.0825	 3.2260	 1.0000
1950	03	21	2236.6852	 490.0348	 3.3507	 1.0000
1950	03	22	2245.6496	 488.5173	 3.4190	 1.0000
1950	03	23	2251.1544	 487.0626	 3.3580	 1.0000
1950	03	24	2251.6224	 483.0043	 3.3281	 1.0000
1950	03	25	2251.7928	 479.1171	 3.3045	 1.0000
1950	03	26	2262.3185	 479.7747	 3.4680	 1.0000
1950	03	27	2273.6867	 481.6221	 3.3481	 1.0000
1950	03	28	2277.8050	 480.7872	 3.1449	 1.0000
1950	03	29	2287.9711	 484.0876	 3.0947	 1.0000
1950	03	30	2292.2911	 482.7696	 3.3776	 1.0000
1950	03	31	2313.4884	 489.1852	 3.2873	 1.0000
1950	04	01	2334.7101	 493.9590	 3.4231	 1.0000
1950	04	02	2343.9694	 494.1408	 3.4395	 1.0000
1950	04	03	2345.5413	 491.4088	 3.3096	 1.0000
1950	04	04	2345.3806	 488.0989	 3.2178	 1.0000
1950	04	05	2345.6842	 484.4671	 2.8355	 1.0000
1950	04	06	2346.6035	 481.2648	 2.8092	 1.0000
1950	04	07	2347.5750	 479.0526	 2.8046	 1.0000
1950	04	08	2347.9675	 476.3796	 2.8211	 1.0000
1950	04	09	2347.7183	 473.3693	 2.6276	 1.0000
1950	04	10	2347.7097	 470.7606	 2.5852	 1.0000
1950	04	11	2356.8239	 470.9422	 2.7870	 1.0000
1950	04	12	2364.8250	 470.5653	 2.6545	 1.0000
1950	04	13	2366.2522	 468.9680	 2.8624	 1.0000
1950	04	14	2379.5226	 471.0097	 3.3378	 1.0000
1950	04	15	2402.3893	 476.7073	 3.9791	 1.0000
1950	04	16	2421.7663	 482.9517	 3.9655	 1.0000
1950	04	17	2426.4075	 482.8316	 4.0860	 1.0000
1950	04	18	2426.5331	 480.5802	 3.7607	 1.0000
1950	04	19	2428.6738	 478.1972	 1.0763	 1.0000
1950	04	20	2431.5088	 476.1328	 0.5971	 1.0000
1950	04	21	2435.7364	 475.3245	 1.0463	 1.0000
1950	04	22	2444.7510	 477.1763	 2.2136	 1.0000
1950	04	23	2448.4395	 477.5593	 2.1133	 1.0000
1950	04	24	2449.8621	 476.5799	 2.4297	 1.0000
1950	04	25	2450.2361	 474.7813	 2.3920	 1.0000
1950	04	26	2453.4272	 474.6626	 2.9173	 1.0000
1950	04	27	2455.5543	 473.4783	 2.7407	 1.0000
1950	04	28	2455.8135	 471.5808	 1.9619	 1.0000
1950	04	29	2456.9281	 469.9474	 0.8654	 1.0000
1950	04	30	2461.0082	 469.2512	 0.7341	 1.0000
1950	05	01	2465.8626	 468.1949	 0.3946	 1.0000
1950	05	02	2467.1096	 466.6217	 0.7870	 1.0000
1950	05	03	2470.8256	 466.1386	 1.2133	 1.0000
1950	05	04	2475.5976	 465.7795	 1.1441	 1.0000
1950	05	05	2476.3860	 464.8699	 1.4433	 1.0000
1950	05	06	2476.3600	 463.4857	 0.8685	 1.0000
1950	05	07	2476.5139	 462.1108	 0.3454	 1.0000
1950	05	08	2476.3927	 460.4436	 0.0000	 1.0000
1950	05	09	2476.1230	 458.7572	 0.0000	 1.0000
1950	05	10	2475.2142	 456.9647	 0.0000	 1.0000
1950	05	11	2473.3929	 455.0876	 0.0000	 1.0000
1950	05	12	2463.9871	 451.8547	 0.0000	 1.0000
1950	05	13	2455.8296	 448.9548	 0.0000	 1.0000
1950	05	14	2445.6558	 445.7640	 0.0000	 1.0000
1950	05	15	2435.6469	 442.6770	 0.0000	 1.0000
1950	05	16	2435.0236	 441.5715	 0.3320	 1.0000
1950	05	17	2434.1357	 440.4531	 0.6053	 1.0000
1950	05	18	2436.8659	 440.5001	 1.6122	 1.0000
1950	05	19	2438.4039	 439.9489	 0.5059	 1.0000
1950	05	20	2436.1086	 438.5082	 0.2128	 1.0000
1950	05	21	2431.1188	 436.4914	 0.1590	 1.0000
1950	05	22	2425.9166	 434.5249	 0.0227	 1.0000
1950	05	23	2422.3765	 433.0271	 0.0000	 1.0000
1950	05	24	2413.8133	 430.5711	 0.0000	 1.0000
1950	05	25	2401.0073	 427.3236	 0.0000	 1.0000
1950	05	26	2390.7193	 424.5473	 0.0182	 1.0000
1950	05	27	2378.6277	 421.4352	 0.3265	 1.0000
1950	05	28	2378.9456	 420.8698	 0.3456	 1.0000
1950	05	29	2376.9126	 419.7767	 0.4915	 1.0000
1950	05	30	2375.0421	 418.7050	 0.0311	 1.0000
1950	05	31	2364.9677	 416.1573	 0.0000	 1.0000
1950	06	01	2348.0271	 412.3368	 0.0000	 1.0000
1950	06	02	2330.5029	 408.4571	 0.0000	 1.0000
1950	06	03	2307.7044	 403.6603	 0.0000	 1.0000
1950	06	04	2290.1831	 399.8323	 0.0072	 1.0000
1950	06	05	2279.5833	 397.2773	 0.1848	 1.0000
1950	06	06	2277.9527	 396.4322	 0.2622	 1.0000
1950	06	07	2274.3683	 395.2232	 0.3121	 1.0000
1950	06	08	2267.9494	 393.4815	 0.1135	 1.0000
1950	06	09	2255.4318	 390.6812	 0.0000	 1.0000
1950	06	10	2241.8802	 387.6975	 0.0028	 1.0000
1950	06	11	2222.1474	 383.6285	 0.0000	 1.0000
1950	06	12	2197.7598	 378.7404	 0.0000	 1.0000
1950	06	13	2176.9107	 374.5319	 0.0000	 1.0000
1950	06	14	2158.3270	 370.7665	 0.0302	 1.0000
1950	06	15	2137.2290	 366.5870	 0.0040	 1.0000
1950	06	16	2109.1556	 361.2175	 0.0000	 1.0000
1950	06	17	2078.5247	 355.4317	 0.0000	 1.0000
1950	06	18	2053.7850	 350.6927	 0.0000	 1.0000
1950	06	19	2025.8376	 345.4310	 0.0000	 1.0000
1950	06	20	1989.0570	 338.6697	 0.0000	 1.0000
1950	06	21	1960.6110	 333.3363	 0.0000	 1.0000
1950	06	22	1947.6927	 330.8120	 0.5112	 1.0000
1950	06	23	1942.6405	 329.7629	 0.2454	 1.0000
1950	06	24	1929.0976	 327.0463	 0.0902	 1.0000
1950	06	25	1917.1415	 324.6352	 0.0546	 1.0000
1950	06	26	1896.5941	 320.7502	 0.0000	 1.0000
1950	06	27	1866.5051	 315.2409	 0.0000	 1.0000
1950	06	28	1831.0042	 308.8285	 0.0000	 1.0000
1950	06	29	1796.4186	 302.5859	 0.0000	 0.9848
1950	06	30	1763.7168	 296.6823	 0.0000	 0.9508
1950	07	01	1733.9539	 291.3054	 0.0000	 0.9508
1950	07	02	1704.9421	 286.0711	 0.0000	 0.9508
1950	07	03	1672.4654	 280.2684	 0.0000	 0.9508
1950	07	04	1637.9840	 274.1424	 0.0000	 0.9508
1950	07	05	1605.5201	 268.3669	 0.0000	 0.9508
1950	07	06	1572.9749	 262.5908	 0.0000	 0.9508
1950	07	07	1548.4484	 258.1840	 0.0000	 0.9508
1950	07	08	1525.1995	 254.0310	 0.0000	 0.9508
1950	07	09	1503.7143	 250.1731	 0.0000	 0.9508
1950	07	10	1485.4990	 246.8731	 0.0000	 0.9508
1950	07	11	1466.5884	 243.4631	 0.0054	 0.9508
1950	07	12	1440.4561	 238.8391	 0.0000	 0.9508
1950	07	13	1402.4976	 232.2475	 0.0000	 0.9365
1950	07	14	1371.3920	 226.8037	 0.0000	 0.9046
1950	07	15	1346.5974	 222.4428	 0.0000	 0.9046
1950	07	16	1322.6649	 218.2411	 0.0000	 0.9046
1950	07	17	1297.8487	 213.8984	 0.0000	 0.9046
1950	07	18	1266.3009	 208.4434	 0.0000	 0.9046
1950	07	19	1239.2562	 203.7360	 0.0000	 0.9046
1950	07	20	1215.3782	 199.5785	 0.0000	 0.9046
1950	07	21	1185.9808	 194.4961	 0.0000	 0.9046
1950	07	22	1152.9368	 188.8102	 0.0000	 0.9046
1950	07	23	1121.6463	 183.4238	 0.0000	 0.9046
1950	07	24	1088.6355	 177.7615	 0.0000	 0.8901
1950	07	25	1058.0148	 172.5062	 0.0000	 0.8901
1950	07	26	1034.8030	 168.5151	 0.0000	 0.7383
1950	07	27	1015.1819	 165.1393	 0.0000	 0.7383
1950	07	28	1001.6232	 162.7800	 0.0000	 0.7383
1950	07	29	991.5613	 161.0008	 0.0000	 0.7383
1950	07	30	980.8590	 159.1222	 0.0000	 0.6469
1950	07	31	964.5104	 156.3166	 0.0000	 0.6469
1950	08	01	942.9811	 152.6598	 0.0000	 0.6469
1950	08	02	924.2954	 149.4738	 0.0000	 0.6469
1950	08	03	908.5819	 146.7820	 0.0000	 0.6469
1950	08	04	900.2872	 145.3839	 0.0858	 0.6469
1950	08	05	892.7939	 144.1026	 0.0000	 0.6469
1950	08	06	882.5426	 142.3260	 0.0000	 0.6469
1950	08	07	871.2793	 140.3868	 0.0055	 0.6469
1950	08	08	861.1540	 138.6338	 0.0000	 0.6469
1950	08	09	848.4653	 136.4540	 0.0000	 0.6469
1950	08	10	833.3386	 133.8771	 0.0000	 0.6469
1950	08	11	818.0178	 131.2686	 0.0000	 0.6469
1950	08	12	801.9681	 128.5434	 0.0000	 0.6469
1950	08	13	789.4272	 126.4088	 0.0000	 0.6469
1950	08	14	773.9997	 123.8158	 0.0000	 0.6469
1950	08	15	760.2271	 121.4748	 0.0000	 0.6469
1950	08	16	749.3965	 119.6372	 0.0000	 0.6469
1950	08	17	735.7100	 117.3116	 0.0000	 0.6469
1950	08	18	718.4622	 114.3996	 0.0000	 0.6469
1950	08	19	702.1938	 111.6544	 0.0000	 0.5348
1950	08	20	685.8968	 108.9223	 0.0000	 0.5348
1950	08	21	672.4686	 106.6653	 0.0000	 0.5348
1950	08	22	658.4745	 104.3288	 0.0000	 0.4346
1950	08	23	647.8749	 102.5389	 0.0000	 0.4346
1950	08	24	640.7062	 101.3244	 0.0000	 0.4346
1950	08	25	633.7450	 100.1463	 0.0000	 0.4346
1950	08	26	624.5379	 98.6052	 0.0000	 0.4022
1950	08	27	615.2089	 97.0537	 0.0000	 0.4022
1950	08	28	605.6408	 95.4657	 0.0000	 0.4022
1950	08	29	597.1854	 94.0588	 0.0000	 0.4022
1950	08	30	590.5916	 92.9521	 0.0000	 0.4022
1950	08	31	582.9942	 91.6853	 0.0000	 0.4022
1950	09	01	572.3804	 89.9343	 0.0000	 0.4022
1950	09	02	561.9711	 88.2179	 0.0000	 0.4022
1950	09	03	551.4105	 86.4786	 0.0000	 0.4022
1950	09	04	542.3426	 84.9811	 0.0000	 0.4022
1950	09	05	534.8524	 83.7378	 0.0000	 0.4022
1950	09	06	528.5804	 82.6907	 0.0000	 0.4022
1950	09	07	523.4550	 81.8316	 0.0000	 0.4022
1950	09	08	516.9184	 80.7455	 0.0000	 0.4022
1950	09	09	510.0783	 79.6106	 0.0000	 0.4022
1950	09	10	503.3542	 78.4954	 0.0000	 0.4022
1950	09	11	497.2195	 77.4753	 0.0000	 0.4022
1950	09	12	489.2365	 76.1593	 0.0000	 0.4022
1950	09	13	482.5537	 75.0518	 0.0000	 0.4022
1950	09	14	477.7267	 74.2428	 0.0000	 0.4022
1950	09	15	472.2474	 73.3406	 0.0000	 0.2882
1950	09	16	469.1870	 72.8252	 0.0000	 0.2882
1950	09	17	465.2825	 72.1762	 0.0000	 0.2882
1950	09	18	461.4637	 71.5502	 0.0000	 0.2011
1950	09	19	459.1356	 71.1647	 0.0000	 0.2011
1950	09	20	457.2036	 70.8405	 0.0000	 0.2011
1950	09	21	454.6641	 70.4226	 0.0000	 0.2011
1950	09	22	450.3516	 69.7308	 0.0000	 0.2011
1950	09	23	448.6125	 69.4512	 0.0000	 0.2011
1950	09	24	446.8349	 69.2100	 0.0000	 0.2011
1950	09	25	448.1551	 69.6300	 0.6854	 0.2949
1950	09	26	450.7685	 70.8103	 0.8647	 0.4960
1950	09	27	454.3534	 72.5395	 1.4250	 0.7400
1950	09	28	456.0262	 73.4720	 1.6370	 0.7740
1950	09	29	455.7267	 73.2064	 1.1631	 0.4960
1950	09	30	454.8071	 72.6779	 1.0767	 0.4960
1950	10	01	454.5307	 72.5551	 1.2340	 0.4960
1950	10	02	454.8000	 72.7388	 1.3012	 0.4960
1950	10	03	457.1179	 74.2801	 2.1973	 0.7400
1950	10	04	464.1943	 77.4316	 2.1048	 1.0000
1950	10	05	472.8937	 81.0479	 2.7007	 0.7892
1950	10	06	480.6352	 84.1685	 2.9473	 0.8805
1950	10	07	486.2092	 85.9443	 2.8496	 0.7400
1950	10	08	490.4113	 87.0807	 2.2522	 0.7400
1950	10	09	513.5276	 96.4424	 3.9992	 1.0000
1950	10	10	531.1957	 102.9812	 4.2499	 1.0000
1950	10	11	535.6515	 103.9072	 3.7367	 1.0000
1950	10	12	536.4732	 103.2282	 2.4613	 1.0000
1950	10	13	536.9447	 102.4901	 1.6980	 0.8805
1950	10	14	537.3044	 101.9023	 1.0380	 0.7400
1950	10	15	536.8992	 101.3738	 0.8962	 0.7400
1950	10	16	536.9704	 101.1098	 0.9345	 0.7400
1950	10	17	543.2306	 103.5922	 1.9176	 1.0000
1950	10	18	553.0641	 106.8351	 2.6311	 0.7892
1950	10	19	562.8745	 110.3126	 3.3081	 1.0000
1950	10	20	566.0555	 111.3284	 3.6816	 1.0000
1950	10	21	565.9383	 110.7971	 3.6777	 0.9086
1950	10	22	566.5980	 110.7926	 3.9159	 1.0000
1950	10	23	567.3047	 110.7892	 4.1424	 1.0000
1950	10	24	581.2030	 118.1622	 4.6925	 1.0000
1950	10	25	597.0091	 125.3302	 5.0802	 1.0000
1950	10	26	610.4604	 130.7769	 5.2286	 1.0000
1950	10	27	631.6971	 138.4423	 5.1963	 1.0000
1950	10	28	645.9160	 142.6732	 5.2643	 1.0000
1950	10	29	649.9221	 143.0138	 5.2400	 1.0000
1950	10	30	654.0701	 143.6587	 5.2272	 1.0000
1950	10	31	663.9479	 147.0534	 5.2544	 1.0000
1950	11	01	672.8498	 149.9419	 4.6553	 1.0000
1950	11	02	679.6542	 151.6183	 4.6722	 1.0000
1950	11	03	685.7106	 152.5195	 4.6929	 1.0000
1950	11	04	698.9045	 155.6562	 4.4750	 1.0000
1950	11	05	704.6452	 156.2826	 4.6766	 1.0000
1950	11	06	707.3345	 156.1571	 4.7114	 1.0000
1950	11	07	708.6122	 155.6327	 4.7039	 1.0000
1950	11	08	708.5956	 154.7142	 4.6885	 1.0000
1950	11	09	708.5469	 153.9509	 4.6558	 1.0000
1950	11	10	708.6093	 153.2873	 4.6261	 1.0000
1950	11	11	709.8698	 153.3469	 4.6191	 1.0000
1950	11	12	710.5602	 153.2854	 4.5325	 1.0000
1950	11	13	713.4827	 155.1117	 4.5580	 1.0000
1950	11	14	718.9200	 159.2885	 4.5346	 1.0000
1950	11	15	733.0155	 170.2283	 4.4307	 1.0000
1950	11	16	746.0486	 176.3444	 4.2707	 1.0000
1950	11	17	755.1818	 180.1785	 4.2064	 1.0000
1950	11	18	758.4440	 180.8125	 4.1877	 1.0000
1950	11	19	777.6878	 195.1271	 4.1758	 1.0000
1950	11	20	810.6847	 213.0967	 4.1546	 1.0000
1950	11	21	837.8988	 218.5945	 4.4394	 1.0000
1950	11	22	849.7765	 216.6027	 4.6583	 1.0000
1950	11	23	891.3685	 229.2204	 4.6234	 1.0000
1950	11	24	930.4839	 239.5804	 4.6753	 1.0000
1950	11	25	968.7934	 247.1145	 4.5777	 1.0000
1950	11	26	1002.0930	 252.0250	 4.6776	 1.0000
1950	11	27	1028.5353	 255.1402	 4.4786	 1.0000
1950	11	28	1032.6792	 252.9880	 4.6289	 1.0000
1950	11	29	1037.4437	 252.7909	 4.6351	 1.0000
1950	11	30	1043.1583	 253.6289	 4.6031	 1.0000
1950	12	01	1044.9420	 252.2380	 4.3716	 1.0000
1950	12	02	1046.8598	 251.2920	 4.3526	 1.0000
1950	12	03	1047.6873	 249.3555	 4.3358	 1.0000
1950	12	04	1047.7667	 247.0420	 4.3415	 1.0000
1950	12	05	1068.1099	 261.2498	 4.2897	 1.0000
1950	12	06	1089.8278	 273.8705	 4.2645	 1.0000
1950	12	07	1096.8304	 273.3151	 4.2460	 1.0000
1950	12	08	1100.2449	 270.6413	 4.2269	 1.0000
1950	12	09	1129.8948	 280.9760	 4.1952	 1.0000
1950	12	10	1146.2287	 282.1907	 4.1501	 1.0000
1950	12	11	1148.7368	 277.7979	 4.2984	 1.0000
1950	12	12	1150.9907	 274.5041	 4.4172	 1.0000
1950	12	13	1152.6094	 272.4206	 4.4193	 1.0000
1950	12	14	1160.8609	 275.4095	 4.3957	 1.0000
1950	12	15	1170.5206	 277.6791	 4.3736	 1.0000
1950	12	16	1186.8331	 282.6927	 4.3643	 1.0000
1950	12	17	1195.6315	 282.9474	 4.4104	 1.0000
1950	12	18	1201.9394	 282.0969	 4.4370	 1.0000
1950	12	19	1219.4828	 285.9491	 4.4136	 1.0000
1950	12	20	1241.9204	 289.8961	 4.4222	 1.0000
1950	12	21	1256.6756	 291.4638	 4.4237	 1.0000
1950	12	22	1272.6167	 292.8565	 4.4880	 1.0000
1950	12	23	1297.1923	 296.8992	 4.4199	 1.0000
1950	12	24	1329.8035	 304.0210	 4.4306	 1.0000
1950	12	25	1343.6577	 305.7212	 4.3881	 1.0000
1950	12	26	1350.7662	 305.7068	 4.4703	 1.0000
1950	12	27	1362.2863	 308.9626	 4.4317	 1.0000
1950	12	28	1367.1886	 308.9604	 4.4195	 1.0000
1950	12	29	1374.8699	 310.3325	 4.3993	 1.0000
1950	12	30	1378.7571	 309.3056	 4.4171	 1.0000
1950	12	31	1389.6466	 312.0716	 4.4236	 1.0000
1951	01	01	1408.2162	 319.1343	 4.1905	 1.0000
1951	01	02	1445.9310	 338.0323	 4.1219	 1.0000
1951	01	03	1464.5222	 344.7240	 3.9514	 1.0000
1951	01	04	1468.7452	 343.0950	 3.9377	 1.0000
1951	01	05	1469.4544	 340.0768	 3.9358	 1.0000
1951	01	06	1469.5152	 337.2084	 3.9342	 1.0000
1951	01	07	1472.3873	 337.0876	 3.9057	 1.0000
1951	01	08	1473.7780	 335.7524	 3.9133	 1.0000
1951	01	09	1475.5133	 334.6670	 3.9152	 1.0000
1951	01	10	1476.9242	 333.0661	 3.8955	 1.0000
1951	01	11	1477.2790	 330.7424	 3.8880	 1.0000
1951	01	12	1499.2356	 342.2792	 3.8920	 1.0000
1951	01	13	1529.6640	 357.5264	 3.8164	 1.0000
1951	01	14	1565.7234	 373.2443	 3.7991	 1.0000
1951	01	15	1595.8054	 384.8842	 3.6718	 1.0000
1951	01	16	1630.5952	 398.8595	 3.5381	 1.0000
1951	01	17	1645.9354	 402.7327	 3.4385	 1.0000
1951	01	18	1648.5156	 398.7415	 3.4329	 1.0000
1951	01	19	1659.6944	 402.3586	 3.4144	 1.0000
1951	01	20	1682.6874	 413.0886	 3.3941	 1.0000
1951	01	21	1705.2397	 419.5608	 3.3206	 1.0000
1951	01	22	1712.7546	 415.9348	 3.2975	 1.0000
1951	01	23	1728.0529	 417.5687	 3.2790	 1.0000
1951	01	24	1764.2261	 429.6203	 3.2727	 1.0000
1951	01	25	1800.2685	 438.7362	 3.2286	 1.0000
1951	01	26	1810.7369	 437.9484	 3.0936	 1.0000
1951	01	27	1810.7369	 434.0939	 2.9745	 1.0000
1951	01	28	1810.5065	 431.4691	 2.9463	 1.0000
1951	01	29	1810.4962	 429.1849	 2.9582	 1.0000
1951	01	30	1810.4938	 426.9067	 2.9726	 1.0000
1951	01	31	1812.0195	 426.2179	 3.0256	 1.0000
1951	02	01	1849.7119	 467.6239	 3.0038	 1.0000
1951	02	02	1898.1551	 502.2827	 2.9904	 1.0000
1951	02	03	1917.2794	 497.6515	 2.9703	 1.0000
1951	02	04	1922.2174	 485.7171	 2.9695	 1.0000
1951	02	05	1925.2586	 475.8839	 2.9668	 1.0000
1951	02	06	1942.5883	 476.7311	 2.9781	 1.0000
1951	02	07	1984.6351	 488.8814	 2.9786	 1.0000
1951	02	08	2078.3750	 513.4161	 2.9662	 1.0000
1951	02	09	2218.2935	 552.7292	 2.9348	 1.0000
1951	02	10	2310.4215	 557.3774	 3.4282	 1.0000
1951	02	11	2332.4260	 553.3890	 3.2879	 1.0000
1951	02	12	2332.4741	 544.9477	 3.2255	 1.0000
1951	02	13	2332.3674	 538.1285	 3.2301	 1.0000
1951	02	14	2338.0130	 535.0627	 3.2419	 1.0000
1951	02	15	2341.0684	 530.2633	 3.2446	 1.0000
1951	02	16	2341.1791	 524.5549	 3.2526	 1.0000
1951	02	17	2343.6291	 520.1832	 3.2238	 1.0000
1951	02	18	2346.4245	 516.1314	 3.1637	 1.0000
1951	02	19	2368.8707	 522.5593	 3.1304	 1.0000
1951	02	20	2379.7385	 524.2735	 3.1089	 1.0000
1951	02	21	2379.7860	 519.2566	 3.0382	 1.0000
1951	02	22	2379.4675	 514.4185	 2.9317	 1.0000
1951	02	23	2379.3386	 510.3661	 2.9245	 1.0000
1951	02	24	2382.1657	 508.6170	 2.9925	 1.0000
1951	02	25	2383.7321	 506.5192	 2.9305	 1.0000
1951	02	26	2383.7354	 503.8509	 2.9046	 1.0000
1951	02	27	2383.7461	 501.4195	 2.8279	 1.0000
1951	02	28	2383.7121	 499.0556	 2.8305	 1.0000
1951	03	01	2383.6672	 496.7625	 2.8354	 1.0000
1951	03	02	2385.5508	 496.0643	 2.8367	 1.0000
1951	03	03	2401.9999	 506.3904	 2.7989	 1.0000
1951	03	04	2415.6199	 515.6767	 2.7004	 1.0000
1951	03	05	2419.7497	 517.5317	 2.5683	 1.0000
1951	03	06	2422.9188	 519.0210	 2.5764	 1.0000
1951	03	07	2427.6248	 522.3584	 2.5888	 1.0000
1951	03	08	2434.7000	 527.2043	 2.5803	 1.0000
1951	03	09	2443.1715	 533.3127	 2.5420	 1.0000
1951	03	10	2447.3235	 535.0498	 2.5275	 1.0000
1951	03	11	2459.0017	 543.5075	 2.5234	 1.0000
1951	03	12	2479.3213	 554.6876	 2.5242	 1.0000
1951	03	13	2486.7005	 553.3463	 2.5290	 1.0000
1951	03	14	2502.3928	 552.3873	 3.0630	 1.0000
1951	03	15	2526.9583	 555.3430	 3.2060	 1.0000
1951	03	16	2533.6130	 553.7170	 3.0154	 1.0000
1951	03	17	2533.6366	 549.0156	 2.8729	 1.0000
1951	03	18	2533.5447	 544.3157	 2.8674	 1.0000
1951	03	19	2533.4265	 539.0544	 2.8544	 1.0000
1951	03	20	2533.5976	 533.8394	 2.8860	 1.0000
1951	03	21	2538.0307	 530.2759	 3.3022	 1.0000
1951	03	22	2540.1986	 527.1607	 3.2155	 1.0000
1951	03	23	2540.3007	 523.4469	 3.1241	 1.0000
1951	03	24	2540.2951	 519.9263	 3.1113	 1.0000
1951	03	25	2540.7731	 516.5527	 3.2054	 1.0000
1951	03	26	2543.1023	 514.0347	 3.2636	 1.0000
1951	03	27	2544.6010	 511.8178	 3.1860	 1.0000
1951	03	28	2547.6599	 510.5320	 3.3361	 1.0000
1951	03	29	2550.4029	 509.0374	 3.3784	 1.0000
1951	03	30	2550.6771	 506.9300	 3.1707	 1.0000
1951	03	31	2550.4952	 504.5064	 3.0771	 1.0000
1951	04	01	2550.7005	 502.0034	 2.7274	 1.0000
1951	04	02	2551.5683	 499.4045	 1.6173	 1.0000
1951	04	03	2552.1383	 496.6970	 0.7431	 1.0000
1951	04	04	2552.3255	 494.0173	 0.1949	 1.0000
1951	04	05	2551.9032	 491.3719	 0.0000	 1.0000
1951	04	06	2551.5062	 488.8719	 0.0000	 1.0000
1951	04	07	2551.1149	 486.4998	 0.0000	 1.0000
1951	04	08	2550.1650	 484.1480	 0.0000	 1.0000
1951	04	09	2548.1085	 481.7979	 0.0000	 1.0000
1951	04	10	2545.6959	 479.4702	 0.0000	 1.0000
1951	04	11	2541.1016	 476.6882	 0.0000	 1.0000
1951	04	12	2534.6832	 473.5040	 0.0000	 1.0000
1951	04	13	2526.5750	 470.1651	 0.0000	 1.0000
1951	04	14	2516.3992	 466.5507	 0.0000	 1.0000
1951	04	15	2505.9096	 462.9621	 0.0000	 1.0000
1951	04	16	2491.6787	 458.6779	 0.0000	 1.0000
1951	04	17	2477.4047	 454.4876	 0.0000	 1.0000
1951	04	18	2464.6729	 450.7141	 0.0000	 1.0000
1951	04	19	2461.4220	 449.1020	 0.0000	 1.0000
1951	04	20	2456.8279	 447.2747	 0.0000	 1.0000
1951	04	21	2447.9006	 444.5519	 0.0000	 1.0000
1951	04	22	2435.4920	 441.1100	 0.0000	 1.0000
1951	04	23	2424.6227	 438.0424	 0.0000	 1.0000
1951	04	24	2409.3239	 434.1563	 0.0000	 1.0000
1951	04	25	2387.2691	 428.9780	 0.0000	 1.0000
1951	04	26	2382.6795	 427.1174	 0.0020	 1.0000
1951	04	27	2384.9760	 427.0325	 0.6017	 1.0000
1951	04	28	2390.1482	 427.9050	 1.6523	 1.0000
1951	04	29	2390.1110	 427.1904	 1.3188	 1.0000
1951	04	30	2389.8792	 426.4133	 1.0605	 1.0000
1951	05	01	2389.1769	 425.5184	 0.9189	 1.0000
1951	05	02	2387.9867	 424.5428	 0.4482	 1.0000
1951	05	03	2379.1041	 422.0751	 0.0000	 1.0000
1951	05	04	2368.4272	 419.2044	 0.0478	 1.0000
1951	05	05	2359.1437	 416.6268	 0.1831	 1.0000
1951	05	06	2348.4152	 413.8472	 0.0825	 1.0000
1951	05	07	2341.0664	 411.7388	 0.3167	 1.0000
1951	05	08	2335.5195	 409.9340	 0.2222	 1.0000
1951	05	09	2325.8831	 407.4336	 0.0045	 1.0000
1951	05	10	2315.1777	 405.0735	 0.2038	 1.0000
1951	05	11	2304.3209	 402.6147	 0.6925	 1.0000
1951	05	12	2306.3326	 402.6624	 0.9034	 1.0000
1951	05	13	2298.5150	 400.6177	 0.0000	 1.0000
1951	05	14	2290.2978	 398.4451	 0.0064	 1.0000
1951	05	15	2277.2256	 395.4505	 0.0043	 1.0000
1951	05	16	2261.1254	 391.9128	 0.0000	 1.0000
1951	05	17	2245.3597	 388.4340	 0.0629	 1.0000
1951	05	18	2237.0194	 386.3409	 0.0014	 1.0000
1951	05	19	2222.9835	 383.3004	 0.0000	 1.0000
1951	05	20	2206.1440	 379.7635	 0.0000	 1.0000
1951	05	21	2181.4804	 374.8652	 0.0000	 1.0000
1951	05	22	2155.6843	 369.7853	 0.0000	 1.0000
1951	05	23	2128.0674	 364.3768	 0.0930	 1.0000
1951	05	24	2128.7097	 364.3609	 0.7108	 1.0000
1951	05	25	2127.9886	 363.9415	 0.4185	 1.0000
1951	05	26	2114.9020	 361.3737	 0.0000	 1.0000
1951	05	27	2105.7254	 359.3672	 0.1903	 1.0000
1951	05	28	2105.7009	 359.1417	 0.5949	 1.0000
1951	05	29	2106.0538	 358.9699	 0.4587	 1.0000
1951	05	30	2104.2565	 358.3014	 0.1008	 1.0000
1951	05	31	2095.3464	 356.3624	 0.0000	 1.0000
1951	06	01	2078.5745	 353.0049	 0.0000	 1.0000
1951	06	02	2048.1667	 347.2972	 0.0000	 1.0000
1951	06	03	2030.0534	 343.7520	 0.0317	 1.0000
1951	06	04	2011.1925	 340.0736	 0.0414	 1.0000
1951	06	05	2000.7877	 337.8944	 0.0738	 1.0000
1951	06	06	1988.1341	 335.3738	 0.1412	 1.0000
1951	06	07	1979.0817	 333.4135	 0.1819	 1.0000
1951	06	08	1968.3039	 331.1716	 0.0051	 1.0000
1951	06	09	1940.4220	 326.0104	 0.0000	 1.0000
1951	06	10	1914.4959	 321.1819	 0.0000	 0.9848
1951	06	11	1889.9839	 316.6003	 0.0000	 0.9848
1951	06	12	1870.2805	 312.8756	 0.0000	 0.9508
1951	06	13	1849.8737	 309.0427	 0.0000	 0.9508
1951	06	14	1829.3642	 305.2079	 0.0000	 0.9508
1951	06	15	1803.0588	 300.3784	 0.0000	 0.9508
1951	06	16	1780.9145	 296.2796	 0.0000	 0.9508
1951	06	17	1758.3034	 292.1100	 0.0000	 0.9508
1951	06	18	1734.3900	 287.7249	 0.0000	 0.9508
1951	06	19	1712.6508	 283.7279	 0.0000	 0.9508
1951	06	20	1688.7963	 279.3818	 0.0000	 0.9508
1951	06	21	1655.5069	 273.4552	 0.0000	 0.9508
1951	06	22	1633.3028	 269.4464	 0.0000	 0.9508
1951	06	23	1606.7217	 264.6674	 0.0000	 0.9508
1951	06	24	1591.0408	 261.7818	 0.0000	 0.9508
1951	06	25	1557.6229	 255.9112	 0.0000	 0.9508
1951	06	26	1533.4221	 251.5813	 0.0000	 0.9365
1951	06	27	1509.0442	 247.2345	 0.0000	 0.9365
1951	06	28	1479.8147	 242.0759	 0.0000	 0.9046
1951	06	29	1450.3683	 236.9056	 0.0000	 0.9046
1951	06	30	1415.9625	 230.9190	 0.0000	 0.9046
1951	07	01	1392.0235	 226.7087	 0.0000	 0.9046
1951	07	02	1370.8216	 222.9662	 0.0000	 0.9046
1951	07	03	1347.1105	 218.8097	 0.0000	 0.9046
1951	07	04	1331.7192	 216.0545	 0.1097	 0.9046
1951	07	05	1325.6529	 215.1573	 0.2026	 0.9046
1951	07	06	1314.0245	 213.0976	 0.0608	 0.9046
1951	07	07	1301.9221	 210.8970	 0.0023	 0.9046
1951	07	08	1288.1036	 208.4080	 0.0035	 0.9046
1951	07	09	1273.2844	 205.7517	 0.0078	 0.9046
1951	07	10	1254.0982	 202.3359	 0.0000	 0.9046
1951	07	11	1228.5308	 197.8615	 0.0000	 0.9046
1951	07	12	1202.8317	 193.3970	 0.0000	 0.6793
1951	07	13	1177.4660	 189.0363	 0.0000	 0.6469
1951	07	14	1156.3575	 185.4093	 0.0000	 0.6469
1951	07	15	1137.2608	 182.1231	 0.0000	 0.6469
1951	07	16	1117.7565	 178.7754	 0.0000	 0.6469
1951	07	17	1096.3941	 175.1235	 0.0000	 0.6469
1951	07	18	1076.9040	 171.7793	 0.0000	 0.6469
1951	07	19	1061.1105	 169.0541	 0.0000	 0.6469
1951	07	20	1047.7075	 166.7237	 0.0000	 0.6469
1951	07	21	1031.7156	 163.9689	 0.0000	 0.6469
1951	07	22	1010.1929	 160.3133	 0.0000	 0.6469
1951	07	23	987.7231	 156.5051	 0.0000	 0.6469
1951	07	24	967.6244	 153.0856	 0.0000	 0.6469
1951	07	25	949.5370	 150.0014	 0.0000	 0.6324
1951	07	26	931.8716	 147.0031	 0.0000	 0.6324
1951	07	27	916.5542	 144.4028	 0.0000	 0.6000
1951	07	28	900.4191	 141.6755	 0.0000	 0.6000
1951	07	29	884.8056	 139.0385	 0.0000	 0.6000
1951	07	30	868.9582	 136.3644	 0.0000	 0.6000
1951	07	31	852.4842	 133.5902	 0.0000	 0.6000
1951	08	01	835.5599	 130.7448	 0.0000	 0.6000
1951	08	02	821.2949	 128.3541	 0.0000	 0.4022
1951	08	03	810.8519	 126.6093	 0.0000	 0.4022
1951	08	04	800.7589	 124.9242	 0.0000	 0.4022
1951	08	05	789.6430	 123.0776	 0.0000	 0.4022
1951	08	06	781.2850	 121.6732	 0.0000	 0.4022
1951	08	07	772.4406	 120.1921	 0.0000	 0.4022
1951	08	08	762.6148	 118.5563	 0.0000	 0.4022
1951	08	09	753.9360	 117.1038	 0.0000	 0.4022
1951	08	10	745.1093	 115.6304	 0.0000	 0.4022
1951	08	11	736.9330	 114.2624	 0.0000	 0.4022
1951	08	12	730.9110	 113.2421	 0.0000	 0.4022
1951	08	13	724.0177	 112.0835	 0.0000	 0.4022
1951	08	14	712.2653	 110.1481	 0.0000	 0.4022
1951	08	15	701.8357	 108.4257	 0.0000	 0.4022
1951	08	16	692.4873	 106.8747	 0.0000	 0.4022
1951	08	17	683.1878	 105.3342	 0.0000	 0.4022
1951	08	18	673.8954	 103.7951	 0.0000	 0.4022
1951	08	19	664.4048	 102.2262	 0.0000	 0.4022
1951	08	20	653.4519	 100.4268	 0.0000	 0.4022
1951	08	21	640.3688	 98.2897	 0.0000	 0.4022
1951	08	22	630.4381	 96.6574	 0.0000	 0.4022
1951	08	23	625.7112	 95.9012	 0.1315	 0.4491
1951	08	24	622.6025	 95.3705	 0.0987	 0.4022
1951	08	25	617.2420	 94.4483	 0.0000	 0.2882
1951	08	26	614.5759	 93.9821	 0.0000	 0.2011
1951	08	27	613.8869	 93.9251	 0.0000	 0.2011
1951	08	28	613.2889	 93.8807	 0.1517	 0.2480
1951	08	29	613.4605	 93.9017	 0.0371	 0.2480
1951	08	30	612.9084	 93.7755	 0.0071	 0.2011
1951	08	31	611.5589	 93.5324	 0.0039	 0.2011
1951	09	01	609.6360	 93.2025	 0.0000	 0.2011
1951	09	02	607.0887	 92.7773	 0.0000	 0.2011
1951	09	03	604.6553	 92.3711	 0.0000	 0.2011
1951	09	04	601.9124	 91.9178	 0.0000	 0.2011
1951	09	05	598.8164	 91.4112	 0.0000	 0.2011
1951	09	06	595.8777	 90.9373	 0.0000	 0.2011
1951	09	07	592.1009	 90.3327	 0.0000	 0.2011
1951	09	08	590.4440	 90.0402	 0.0231	 0.2480
1951	09	09	587.8087	 89.6064	 0.0000	 0.2011
1951	09	10	586.5621	 89.3920	 0.0000	 0.2011
1951	09	11	586.5219	 89.3590	 0.0522	 0.2011
1951	09	12	585.2339	 89.1428	 0.0000	 0.2011
1951	09	13	583.6611	 88.8730	 0.0000	 0.2011
1951	09	14	580.7512	 88.3991	 0.0000	 0.2011
1951	09	15	578.0663	 87.9602	 0.0000	 0.2011
1951	09	16	574.6941	 87.4172	 0.0000	 0.2011
1951	09	17	570.7670	 86.7905	 0.0000	 0.2011
1951	09	18	567.6277	 86.2844	 0.0000	 0.2011
1951	09	19	565.7989	 85.9787	 0.0000	 0.2011
1951	09	20	564.2863	 85.7220	 0.0000	 0.2011
1951	09	21	561.3246	 85.2442	 0.0000	 0.2011
1951	09	22	558.2520	 84.7503	 0.0000	 0.2011
1951	09	23	554.4069	 84.1396	 0.0000	 0.2011
1951	09	24	555.0972	 84.4223	 0.0000	 0.2011
1951	09	25	556.2725	 84.6824	 0.4029	 0.2949
1951	09	26	556.2122	 84.6886	 0.0000	 0.2011
1951	09	27	556.7306	 84.8226	 0.2362	 0.2804
1951	09	28	559.4498	 85.6649	 0.2245	 0.2949
1951	09	29	561.1716	 86.2255	 0.0000	 0.2480
1951	09	30	561.1473	 86.1336	 0.0082	 0.2480
1951	10	01	559.8450	 85.8433	 0.0000	 0.2011
1951	10	02	558.7270	 85.6359	 0.0000	 0.2011
1951	10	03	559.3880	 85.7707	 0.1895	 0.2949
1951	10	04	559.4407	 85.7211	 0.1556	 0.2480
1951	10	05	560.5460	 86.0589	 0.3413	 0.2949
1951	10	06	561.7561	 86.3057	 0.0992	 0.2480
1951	10	07	561.7844	 86.2559	 0.1270	 0.2480
1951	10	08	561.7053	 86.2296	 0.0000	 0.2011
1951	10	09	560.9415	 86.0810	 0.0000	 0.2011
1951	10	10	560.6403	 86.0210	 0.0000	 0.2011
1951	10	11	560.5817	 86.0107	 0.0106	 0.2480
1951	10	12	562.5339	 86.5296	 0.4841	 0.2949
1951	10	13	568.1160	 88.7439	 1.1350	 0.7400
1951	10	14	575.9938	 92.5713	 2.5807	 0.8805
1951	10	15	581.2332	 95.3559	 2.9385	 1.0000
1951	10	16	582.1517	 95.7085	 3.1064	 1.0000
1951	10	17	585.7652	 97.6297	 3.4770	 1.0000
1951	10	18	606.9316	 107.8768	 3.6584	 1.0000
1951	10	19	632.2010	 118.1926	 3.7943	 1.0000
1951	10	20	641.8552	 120.9569	 4.6092	 1.0000
1951	10	21	643.3896	 120.7698	 4.7007	 1.0000
1951	10	22	663.9787	 130.1478	 4.5481	 1.0000
1951	10	23	673.2430	 134.3474	 4.6489	 1.0000
1951	10	24	673.8867	 133.6212	 4.6744	 1.0000
1951	10	25	674.0469	 132.8159	 4.6942	 1.0000
1951	10	26	674.0564	 132.1368	 4.7090	 1.0000
1951	10	27	674.0891	 131.5329	 4.7465	 1.0000
1951	10	28	676.7652	 131.9753	 4.9887	 1.0000
1951	10	29	680.1248	 132.7730	 5.2108	 1.0000
1951	10	30	681.5218	 133.1631	 5.2263	 1.0000
1951	10	31	681.5109	 132.7054	 5.2117	 1.0000
1951	11	01	682.1307	 132.9068	 4.5505	 1.0000
1951	11	02	691.9076	 139.2674	 4.5319	 1.0000
1951	11	03	711.5691	 149.3685	 4.5675	 1.0000
1951	11	04	718.5061	 150.3149	 4.5297	 1.0000
1951	11	05	718.6309	 149.0267	 4.5325	 1.0000
1951	11	06	718.6439	 147.8674	 4.5503	 1.0000
1951	11	07	720.6811	 147.7635	 4.6340	 1.0000
1951	11	08	722.0512	 147.4082	 4.6352	 1.0000
1951	11	09	729.8985	 149.7965	 4.6208	 1.0000
1951	11	10	748.8484	 156.3604	 4.6206	 1.0000
1951	11	11	779.0943	 167.8445	 4.5248	 1.0000
1951	11	12	809.7973	 180.7278	 4.4265	 1.0000
1951	11	13	823.8885	 186.1050	 4.3415	 1.0000
1951	11	14	826.7448	 185.4850	 4.2928	 1.0000
1951	11	15	827.2345	 184.1038	 4.2923	 1.0000
1951	11	16	827.1563	 182.6971	 4.2947	 1.0000
1951	11	17	827.0128	 181.3516	 4.2500	 1.0000
1951	11	18	826.9182	 180.1298	 4.2417	 1.0000
1951	11	19	826.8897	 178.8787	 4.1593	 1.0000
1951	11	20	827.0226	 177.8850	 4.1740	 1.0000
1951	11	21	827.0747	 176.9735	 4.1781	 1.0000
1951	11	22	827.0965	 176.2609	 4.1970	 1.0000
1951	11	23	827.1288	 175.6458	 4.2150	 1.0000
1951	11	24	829.0756	 176.6890	 4.2141	 1.0000
1951	11	25	851.4432	 192.8244	 4.1587	 1.0000
1951	11	26	874.6501	 204.1140	 4.0536	 1.0000
1951	11	27	895.9304	 212.1682	 4.0002	 1.0000
1951	11	28	920.5091	 219.1838	 4.4489	 1.0000
1951	11	29	937.6801	 223.9531	 4.3590	 1.0000
1951	11	30	967.7419	 235.7178	 4.2791	 1.0000
1951	12	01	985.2175	 239.3605	 4.1689	 1.0000
1951	12	02	995.6796	 240.5037	 4.2839	 1.0000
1951	12	03	1012.2947	 246.2201	 4.1901	 1.0000
1951	12	04	1020.3403	 246.8868	 4.1190	 1.0000
1951	12	05	1022.9947	 244.5114	 3.9227	 1.0000
1951	12	06	1023.7892	 242.2502	 3.8632	 1.0000
1951	12	07	1023.8262	 240.1557	 3.8716	 1.0000
1951	12	08	1024.0404	 238.4120	 3.8602	 1.0000
1951	12	09	1025.7615	 238.1965	 3.8552	 1.0000
1951	12	10	1026.7147	 237.0472	 3.8768	 1.0000
1951	12	11	1027.7977	 235.5887	 3.8827	 1.0000
1951	12	12	1028.4929	 233.7964	 3.8660	 1.0000
1951	12	13	1028.5589	 232.0947	 3.8666	 1.0000
1951	12	14	1030.6528	 232.6017	 3.8647	 1.0000
1951	12	15	1043.4835	 242.2996	 3.8361	 1.0000
1951	12	16	1050.3553	 245.6027	 3.7853	 1.0000
1951	12	17	1072.9899	 258.7140	 3.7567	 1.0000
1951	12	18	1087.4699	 266.1466	 3.5569	 1.0000
1951	12	19	1089.1821	 264.7864	 3.5323	 1.0000
1951	12	20	1100.2405	 276.3158	 3.5128	 1.0000
1951	12	21	1128.1733	 302.9658	 3.5148	 1.0000
1951	12	22	1138.6421	 303.3368	 3.4265	 1.0000
1951	12	23	1146.1419	 304.1889	 3.4271	 1.0000
1951	12	24	1150.5175	 303.9435	 3.4314	 1.0000
1951	12	25	1151.6891	 300.0404	 3.4235	 1.0000
1951	12	26	1154.2911	 298.5217	 3.3988	 1.0000
1951	12	27	1155.6986	 295.3265	 3.4062	 1.0000
1951	12	28	1163.2405	 297.9495	 3.4162	 1.0000
1951	12	29	1171.5582	 299.4635	 3.2494	 1.0000
1951	12	30	1172.5259	 296.6957	 3.2410	 1.0000
1951	12	31	1172.5916	 294.2539	 3.1587	 1.0000
