1949	01	01	1256.0625	 333.6154	 2.4590	 1.0000
1949	01	02	1257.6067	 330.3974	 2.4223	 1.0000
1949	01	03	1257.6674	 327.0824	 2.3564	 1.0000
1949	01	04	1257.6894	 323.9042	 2.3745	 1.0000
1949	01	05	1261.5118	 324.5095	 2.4726	 1.0000
1949	01	06	1274.3395	 328.1712	 2.4596	 1.0000
1949	01	07	1285.2092	 330.8881	 2.3749	 1.0000
1949	01	08	1285.1860	 327.5473	 2.2932	 1.0000
1949	01	09	1285.1809	 325.2921	 2.2957	 1.0000
1949	01	10	1285.1828	 323.4495	 2.3017	 1.0000
1949	01	11	1285.1879	 321.5349	 2.3173	 1.0000
1949	01	12	1285.1902	 319.3276	 2.3422	 1.0000
1949	01	13	1285.5157	 317.1835	 2.3878	 1.0000
1949	01	14	1286.2330	 314.7421	 2.4276	 1.0000
1949	01	15	1287.4218	 312.3741	 2.4315	 1.0000
1949	01	16	1289.3840	 311.5045	 2.4383	 1.0000
1949	01	17	1289.9462	 309.3149	 2.4015	 1.0000
1949	01	18	1290.1683	 307.4850	 2.3897	 1.0000
1949	01	19	1290.2638	 305.9540	 2.3916	 1.0000
1949	01	20	1294.5580	 310.1425	 2.3997	 1.0000
1949	01	21	1299.5682	 315.0197	 2.3792	 1.0000
1949	01	22	1299.5908	 313.2027	 2.2955	 1.0000
1949	01	23	1299.4855	 311.6361	 2.2844	 1.0000
1949	01	24	1299.6108	 310.2917	 2.2870	 1.0000
1949	01	25	1302.5375	 312.6264	 2.3526	 1.0000
1949	01	26	1304.0028	 312.5990	 2.3552	 1.0000
1949	01	27	1304.0987	 310.6918	 2.2850	 1.0000
1949	01	28	1304.1229	 308.6876	 2.2949	 1.0000
1949	01	29	1304.0607	 306.4099	 2.2907	 1.0000
1949	01	30	1304.0475	 304.3565	 2.2936	 1.0000
1949	01	31	1304.0314	 302.6159	 2.2976	 1.0000
1949	02	01	1304.0670	 300.9907	 2.2382	 1.0000
1949	02	02	1306.0423	 301.6614	 2.2741	 1.0000
1949	02	03	1313.2466	 307.8593	 2.2666	 1.0000
1949	02	04	1314.0107	 306.5621	 2.2105	 1.0000
1949	02	05	1328.2861	 320.1924	 2.2346	 1.0000
1949	02	06	1352.1034	 340.9272	 2.2062	 1.0000
1949	02	07	1367.9712	 348.3692	 2.1703	 1.0000
1949	02	08	1395.5158	 360.2870	 2.1458	 1.0000
1949	02	09	1440.9993	 378.7119	 2.1219	 1.0000
1949	02	10	1476.3248	 394.5852	 1.9995	 1.0000
1949	02	11	1477.2825	 387.6898	 1.9809	 1.0000
1949	02	12	1477.3004	 382.1116	 1.9139	 1.0000
1949	02	13	1494.3461	 394.6305	 1.9992	 1.0000
1949	02	14	1516.5991	 403.7565	 1.9840	 1.0000
1949	02	15	1632.5690	 448.3301	 1.9734	 1.0000
1949	02	16	1774.0126	 466.6446	 2.1723	 1.0000
1949	02	17	1807.7492	 464.3222	 2.0256	 1.0000
1949	02	18	1818.0557	 460.2970	 1.9896	 1.0000
1949	02	19	1840.5527	 470.9936	 1.9951	 1.0000
1949	02	20	1869.1744	 482.2114	 1.9860	 1.0000
1949	02	21	1934.5109	 511.8115	 1.9841	 1.0000
1949	02	22	1970.6671	 504.8217	 1.9548	 1.0000
1949	02	23	1974.4241	 489.0545	 2.0206	 1.0000
1949	02	24	1974.4281	 475.8959	 1.8911	 1.0000
1949	02	25	1974.3202	 465.8325	 1.8824	 1.0000
1949	02	26	1974.0237	 457.8022	 1.8389	 1.0000
1949	02	27	1973.7227	 450.9754	 1.8150	 1.0000
1949	02	28	1973.4356	 445.1610	 1.7800	 1.0000
1949	03	01	1973.2409	 439.9481	 1.7716	 1.0000
1949	03	02	1972.9337	 434.7644	 1.7721	 1.0000
1949	03	03	1972.7050	 429.8621	 1.7654	 1.0000
1949	03	04	1972.6107	 425.2897	 1.7701	 1.0000
1949	03	05	1972.4707	 420.8071	 1.7750	 1.0000
1949	03	06	1972.8599	 417.4463	 1.8940	 1.0000
1949	03	07	1976.5226	 415.5349	 2.2891	 1.0000
1949	03	08	1988.3967	 418.7919	 2.6011	 1.0000
1949	03	09	1988.2140	 416.4298	 2.4809	 1.0000
1949	03	10	1987.7003	 414.1557	 2.3977	 1.0000
1949	03	11	1990.1772	 413.1878	 2.6024	 1.0000
1949	03	12	2006.6793	 417.3187	 2.8204	 1.0000
1949	03	13	2019.0616	 421.0025	 2.8701	 1.0000
1949	03	14	2026.1416	 422.1988	 2.8695	 1.0000
1949	03	15	2039.6215	 426.6602	 2.9348	 1.0000
1949	03	16	2051.8719	 428.4652	 3.0687	 1.0000
1949	03	17	2060.4553	 428.2552	 3.2588	 1.0000
1949	03	18	2085.1948	 433.1982	 3.1980	 1.0000
1949	03	19	2103.2498	 436.1157	 3.2687	 1.0000
1949	03	20	2122.7275	 441.3773	 3.2323	 1.0000
1949	03	21	2132.9397	 442.5608	 3.2802	 1.0000
1949	03	22	2132.7632	 439.6778	 3.1826	 1.0000
1949	03	23	2132.7986	 437.1815	 3.1214	 1.0000
1949	03	24	2135.4548	 435.7315	 3.3370	 1.0000
1949	03	25	2141.2811	 435.5012	 3.2973	 1.0000
1949	03	26	2155.0199	 440.2433	 3.2061	 1.0000
1949	03	27	2164.0534	 444.3679	 3.0490	 1.0000
1949	03	28	2166.5141	 443.6467	 3.1193	 1.0000
1949	03	29	2168.7869	 442.1100	 3.2307	 1.0000
1949	03	30	2168.8325	 439.6527	 3.1699	 1.0000
1949	03	31	2169.6293	 437.7045	 3.2849	 1.0000
1949	04	01	2170.2511	 435.7283	 3.4145	 1.0000
1949	04	02	2169.9093	 433.3712	 3.2734	 1.0000
1949	04	03	2170.6319	 431.2708	 2.5136	 1.0000
1949	04	04	2173.1806	 429.3458	 0.6717	 1.0000
1949	04	05	2173.8206	 427.0838	 0.4349	 1.0000
1949	04	06	2173.8127	 424.9243	 0.1272	 1.0000
1949	04	07	2173.8296	 422.8465	 0.0437	 1.0000
1949	04	08	2173.3488	 420.8432	 0.0074	 1.0000
1949	04	09	2173.1821	 418.9258	 0.0000	 1.0000
1949	04	10	2173.2968	 417.0475	 0.0506	 1.0000
1949	04	11	2173.0519	 415.2522	 0.0247	 1.0000
1949	04	12	2172.6003	 413.5989	 0.0776	 1.0000
1949	04	13	2171.7865	 411.8926	 0.0414	 1.0000
1949	04	14	2170.5601	 410.2152	 0.0000	 1.0000
1949	04	15	2168.6980	 408.3562	 0.0000	 1.0000
1949	04	16	2165.6138	 406.2565	 0.0000	 1.0000
1949	04	17	2162.3216	 404.1894	 0.0086	 1.0000
1949	04	18	2158.8114	 402.1088	 0.0508	 1.0000
1949	04	19	2158.3966	 400.7941	 0.3901	 1.0000
1949	04	20	2167.4868	 402.5356	 1.1044	 1.0000
1949	04	21	2173.8532	 403.7997	 1.3876	 1.0000
1949	04	22	2182.2448	 405.6709	 1.2713	 1.0000
1949	04	23	2191.7062	 407.8171	 1.1026	 1.0000
1949	04	24	2198.0725	 408.5123	 0.8425	 1.0000
1949	04	25	2197.4006	 407.2015	 0.3740	 1.0000
1949	04	26	2191.1598	 404.7765	 0.0000	 1.0000
1949	04	27	2185.7727	 402.5400	 0.0633	 1.0000
1949	04	28	2182.2057	 400.7687	 0.3979	 1.0000
1949	04	29	2181.6612	 399.7550	 0.6760	 1.0000
1949	04	30	2188.0425	 400.9632	 1.1489	 1.0000
1949	05	01	2212.1816	 408.1837	 3.7044	 1.0000
1949	05	02	2223.6574	 411.0100	 3.2013	 1.0000
1949	05	03	2227.0829	 411.4618	 3.1390	 1.0000
1949	05	04	2226.9607	 410.5159	 2.0587	 1.0000
1949	05	05	2220.5559	 408.1414	 0.1073	 1.0000
1949	05	06	2207.3161	 404.4436	 0.0000	 1.0000
1949	05	07	2188.2194	 399.6970	 0.0000	 1.0000
1949	05	08	2164.0355	 394.0634	 0.0000	 1.0000
1949	05	09	2134.3023	 387.4605	 0.0000	 1.0000
1949	05	10	2103.5586	 380.7493	 0.0000	 1.0000
1949	05	11	2071.8498	 373.9391	 0.0000	 1.0000
1949	05	12	2036.4665	 366.5276	 0.0000	 1.0000
1949	05	13	1997.7264	 358.6116	 0.0000	 1.0000
1949	05	14	1957.9438	 350.5830	 0.0000	 1.0000
1949	05	15	1916.8482	 342.3547	 0.0000	 1.0000
1949	05	16	1889.8824	 336.7529	 0.0070	 1.0000
1949	05	17	1871.7184	 332.8070	 0.0000	 1.0000
1949	05	18	1844.1693	 327.1960	 0.0000	 1.0000
1949	05	19	1825.9270	 323.3172	 0.0110	 1.0000
1949	05	20	1810.0131	 319.8810	 0.0000	 1.0000
1949	05	21	1787.6760	 315.3045	 0.0000	 1.0000
1949	05	22	1761.1092	 309.9860	 0.0000	 1.0000
1949	05	23	1733.0123	 304.4356	 0.0000	 1.0000
1949	05	24	1705.4585	 299.0107	 0.0000	 1.0000
1949	05	25	1670.7953	 292.3623	 0.0000	 1.0000
1949	05	26	1652.2375	 288.6331	 0.0000	 1.0000
1949	05	27	1628.2693	 283.9383	 0.0066	 1.0000
1949	05	28	1609.2376	 280.1357	 0.0000	 1.0000
1949	05	29	1589.7016	 276.2816	 0.0000	 1.0000
1949	05	30	1568.2401	 272.0920	 0.0025	 1.0000
1949	05	31	1552.0976	 268.8650	 0.0394	 1.0000
1949	06	01	1535.8525	 265.6197	 0.0106	 1.0000
1949	06	02	1516.3959	 261.8154	 0.0000	 1.0000
1949	06	03	1495.3935	 257.7694	 0.0000	 0.9739
1949	06	04	1463.8356	 251.8710	 0.0000	 0.9739
1949	06	05	1430.5171	 245.6846	 0.0000	 0.9229
1949	06	06	1394.2305	 239.0205	 0.0000	 0.9184
1949	06	07	1364.6416	 233.5150	 0.0000	 0.9184
1949	06	08	1348.0557	 230.3588	 0.0000	 0.9184
1949	06	09	1324.3350	 225.9474	 0.0000	 0.9184
1949	06	10	1299.1262	 221.2773	 0.0000	 0.9184
1949	06	11	1275.9177	 216.9524	 0.0000	 0.9184
1949	06	12	1254.0520	 212.8826	 0.0000	 0.9184
1949	06	13	1228.2020	 208.1175	 0.0000	 0.9184
1949	06	14	1199.9418	 202.9429	 0.0000	 0.9184
1949	06	15	1181.9347	 199.6394	 0.0332	 0.8925
1949	06	16	1173.5374	 198.1063	 0.1854	 0.8925
1949	06	17	1166.1636	 196.9287	 0.1277	 0.8925
1949	06	18	1149.5674	 193.8315	 0.0000	 0.8925
1949	06	19	1129.9231	 190.1809	 0.0000	 0.8925
1949	06	20	1107.1007	 186.0174	 0.0000	 0.8419
1949	06	21	1090.8099	 183.0162	 0.0000	 0.8419
1949	06	22	1072.4142	 179.6324	 0.0000	 0.8419
1949	06	23	1053.0447	 176.0786	 0.0000	 0.8374
1949	06	24	1034.0638	 172.5682	 0.0236	 0.8374
1949	06	25	1024.8417	 170.8538	 0.0628	 0.8374
1949	06	26	1014.5587	 168.9411	 0.0617	 0.8374
1949	06	27	1003.5454	 166.9767	 0.0797	 0.8374
1949	06	28	993.2427	 165.1477	 0.0740	 0.8125
1949	06	29	984.7613	 163.5330	 0.0360	 0.8125
1949	06	30	968.7792	 160.6349	 0.0000	 0.7343
1949	07	01	954.8490	 158.0682	 0.0000	 0.6391
1949	07	02	939.7695	 155.2969	 0.0000	 0.6391
1949	07	03	925.1511	 152.6455	 0.0000	 0.5903
1949	07	04	909.4385	 149.8126	 0.0000	 0.5903
1949	07	05	894.6323	 147.1421	 0.0000	 0.5860
1949	07	06	880.8440	 144.6541	 0.0000	 0.5860
1949	07	07	864.8305	 141.7908	 0.0000	 0.5860
1949	07	08	845.4235	 138.3518	 0.0000	 0.5860
1949	07	09	823.7798	 134.5326	 0.0000	 0.5860
1949	07	10	802.7131	 130.8128	 0.0000	 0.5606
1949	07	11	783.8882	 127.4960	 0.0000	 0.5606
1949	07	12	767.7399	 124.6838	 0.0000	 0.5110
1949	07	13	750.7395	 121.7399	 0.0000	 0.5066
1949	07	14	733.1112	 118.6957	 0.0000	 0.5066
1949	07	15	716.2161	 115.7708	 0.0000	 0.5066
1949	07	16	708.4391	 114.3804	 0.0191	 0.5860
1949	07	17	698.8256	 112.7083	 0.0000	 0.5066
1949	07	18	687.8672	 110.8206	 0.0000	 0.5066
1949	07	19	680.0563	 109.4353	 0.0000	 0.5066
1949	07	20	671.3201	 107.8972	 0.0000	 0.5066
1949	07	21	657.4503	 105.5022	 0.0000	 0.5066
1949	07	22	646.6883	 103.6296	 0.0000	 0.5066
1949	07	23	637.3924	 101.9961	 0.0000	 0.4290
1949	07	24	629.8334	 100.6721	 0.0000	 0.4290
1949	07	25	623.0789	 99.4884	 0.0000	 0.3346
1949	07	26	617.9997	 98.5959	 0.0000	 0.3346
1949	07	27	611.8469	 97.5292	 0.0000	 0.3346
1949	07	28	604.5770	 96.2803	 0.0000	 0.3346
1949	07	29	596.0765	 94.8321	 0.0000	 0.3346
1949	07	30	586.1475	 93.1534	 0.0000	 0.3346
1949	07	31	575.8652	 91.4194	 0.0000	 0.3346
1949	08	01	565.0869	 89.6057	 0.0000	 0.3346
1949	08	02	555.9315	 88.0598	 0.0000	 0.3346
1949	08	03	546.6370	 86.4932	 0.0000	 0.3346
1949	08	04	538.8669	 85.1771	 0.0000	 0.3346
1949	08	05	532.6231	 84.1160	 0.0000	 0.3346
1949	08	06	525.4953	 82.9080	 0.0000	 0.3346
1949	08	07	520.8243	 82.1018	 0.0000	 0.3346
1949	08	08	514.9717	 81.1023	 0.0000	 0.3346
1949	08	09	508.9586	 80.0773	 0.0000	 0.3346
1949	08	10	502.5697	 78.9931	 0.0000	 0.3346
1949	08	11	495.8630	 77.8588	 0.0000	 0.3346
1949	08	12	491.0095	 77.0274	 0.0387	 0.3346
1949	08	13	487.6792	 76.4690	 0.0217	 0.3346
1949	08	14	483.1547	 75.6926	 0.0000	 0.3346
1949	08	15	476.7663	 74.6065	 0.0000	 0.3346
1949	08	16	471.0348	 73.6398	 0.0000	 0.2597
1949	08	17	466.5673	 72.8853	 0.0000	 0.2597
1949	08	18	461.0552	 71.9649	 0.0000	 0.2597
1949	08	19	455.7468	 71.0773	 0.0000	 0.2597
1949	08	20	450.3410	 70.1761	 0.0000	 0.2597
1949	08	21	446.4196	 69.5120	 0.0000	 0.2597
1949	08	22	442.3504	 68.8273	 0.0000	 0.2597
1949	08	23	439.1186	 68.2749	 0.0000	 0.2597
1949	08	24	436.0149	 67.7699	 0.0000	 0.1686
1949	08	25	434.9061	 67.5845	 0.0271	 0.2480
1949	08	26	432.3678	 67.1637	 0.0000	 0.1686
1949	08	27	429.9712	 66.7644	 0.0000	 0.1686
1949	08	28	426.4181	 66.1862	 0.0000	 0.1686
1949	08	29	422.5859	 65.5656	 0.0000	 0.1686
1949	08	30	418.6712	 64.9330	 0.0000	 0.1686
1949	08	31	414.8751	 64.3196	 0.0000	 0.1686
1949	09	01	410.7519	 63.6564	 0.0000	 0.1686
1949	09	02	406.6233	 62.9932	 0.0000	 0.1686
1949	09	03	402.4759	 62.3278	 0.0000	 0.1686
1949	09	04	398.4087	 61.6758	 0.0000	 0.1686
1949	09	05	395.4798	 61.2006	 0.0000	 0.1686
1949	09	06	392.2887	 60.6855	 0.0000	 0.1686
1949	09	07	388.5049	 60.0794	 0.0000	 0.1686
1949	09	08	385.7197	 59.6286	 0.0000	 0.1686
1949	09	09	384.0523	 59.3509	 0.0000	 0.1686
1949	09	10	382.9222	 59.1597	 0.0577	 0.1730
1949	09	11	382.7591	 59.1569	 0.1209	 0.3261
1949	09	12	382.1996	 59.0845	 0.0000	 0.1686
1949	09	13	381.9103	 59.1261	 0.0654	 0.2480
1949	09	14	382.9828	 59.8087	 0.0058	 0.2480
1949	09	15	386.0780	 61.0813	 1.3021	 0.5730
1949	09	16	390.3732	 62.8564	 0.6504	 0.4671
1949	09	17	391.8399	 63.0600	 0.3080	 0.4920
1949	09	18	392.6149	 63.2203	 0.2438	 0.3261
1949	09	19	393.0732	 63.2708	 0.1742	 0.4070
1949	09	20	393.4063	 63.3342	 0.0659	 0.2480
1949	09	21	391.8616	 62.8335	 0.0000	 0.2480
1949	09	22	389.0906	 61.9922	 0.0000	 0.1686
1949	09	23	386.7210	 61.5833	 0.0000	 0.1686
1949	09	24	385.1480	 61.3020	 0.0000	 0.1686
1949	09	25	382.9740	 60.9256	 0.0000	 0.1686
1949	09	26	381.0109	 60.5835	 0.0000	 0.1686
1949	09	27	378.6270	 60.1752	 0.0000	 0.1686
1949	09	28	377.0592	 59.8970	 0.0000	 0.1686
1949	09	29	375.2950	 59.5900	 0.0000	 0.1686
1949	09	30	374.4190	 59.4236	 0.0097	 0.2226
1949	10	01	374.0348	 59.3370	 0.0000	 0.1686
1949	10	02	373.9702	 59.3013	 0.0000	 0.1686
1949	10	03	374.7512	 59.6185	 0.1201	 0.2480
1949	10	04	382.0301	 62.8208	 1.3001	 0.5730
1949	10	05	387.3091	 65.4875	 1.8049	 0.7450
1949	10	06	388.5510	 66.0813	 2.0225	 0.7450
1949	10	07	390.6014	 67.2089	 2.3667	 0.7495
1949	10	08	393.1923	 68.6439	 2.4066	 0.7450
1949	10	09	405.2781	 73.4851	 2.8738	 0.8232
1949	10	10	415.1346	 76.9530	 2.3134	 0.7450
1949	10	11	422.1002	 79.0005	 2.2106	 0.7450
1949	10	12	422.7870	 78.8930	 2.3588	 0.7450
1949	10	13	423.5579	 79.0318	 2.5012	 0.8266
1949	10	14	424.6197	 79.3587	 2.7125	 0.7450
1949	10	15	427.7595	 80.4920	 2.8929	 0.7450
1949	10	16	428.4879	 80.5758	 2.9049	 0.7450
1949	10	17	428.4747	 80.3144	 2.8348	 0.7450
1949	10	18	428.3771	 80.0571	 2.8027	 0.7450
1949	10	19	428.2230	 79.8011	 2.7696	 0.7450
1949	10	20	428.0273	 79.5155	 2.7713	 0.7450
1949	10	21	427.6427	 79.1540	 2.7565	 0.7450
1949	10	22	427.1514	 78.7553	 2.7108	 0.7450
1949	10	23	426.6365	 78.3618	 2.7114	 0.7450
1949	10	24	425.6631	 77.7969	 2.4897	 0.7450
1949	10	25	425.7240	 77.7018	 2.5774	 0.7450
1949	10	26	428.7128	 78.6389	 2.1914	 0.7450
1949	10	27	450.1771	 85.8345	 2.4987	 0.7450
1949	10	28	487.4377	 99.4841	 3.3451	 0.8266
1949	10	29	489.5799	 99.7001	 3.5011	 0.8266
1949	10	30	489.4176	 98.9874	 3.3572	 0.7450
1949	10	31	489.4667	 98.4435	 3.3130	 0.7450
1949	11	01	490.0058	 98.1085	 2.7979	 0.7450
1949	11	02	489.7853	 97.4789	 2.7263	 0.7450
1949	11	03	489.4545	 96.8559	 2.6319	 0.7450
1949	11	04	489.0457	 96.2461	 2.5587	 0.7450
1949	11	05	488.5408	 95.6621	 2.5299	 0.7450
1949	11	06	488.0545	 95.1401	 2.5237	 0.7450
1949	11	07	487.6856	 94.6841	 2.5466	 0.7450
1949	11	08	495.0217	 97.3738	 2.6809	 0.7450
1949	11	09	499.7207	 99.3745	 2.9864	 1.0000
1949	11	10	523.8672	 110.1161	 3.3048	 1.0000
1949	11	11	616.1875	 146.5076	 3.5474	 1.0000
1949	11	12	653.9460	 157.6820	 3.4903	 1.0000
1949	11	13	676.3749	 162.0019	 3.4688	 1.0000
1949	11	14	697.1507	 165.2599	 3.4145	 1.0000
1949	11	15	697.1402	 162.8333	 3.4566	 1.0000
1949	11	16	697.5162	 160.9355	 3.5049	 1.0000
1949	11	17	698.1150	 159.4320	 3.5738	 1.0000
1949	11	18	699.8490	 158.5165	 3.6754	 1.0000
1949	11	19	699.8817	 157.1294	 3.6668	 1.0000
1949	11	20	699.9014	 156.0737	 3.6615	 1.0000
1949	11	21	709.5546	 160.4087	 3.7371	 1.0000
1949	11	22	742.0773	 173.6857	 3.6669	 1.0000
1949	11	23	773.7482	 182.6100	 3.5655	 1.0000
1949	11	24	813.4923	 192.5228	 3.6193	 1.0000
1949	11	25	844.5447	 200.4509	 3.7265	 1.0000
1949	11	26	912.6045	 218.7355	 3.2384	 1.0000
1949	11	27	968.0982	 232.6174	 3.4316	 1.0000
1949	11	28	1046.9334	 255.1680	 3.4901	 1.0000
1949	11	29	1073.3583	 260.1117	 3.5716	 1.0000
1949	11	30	1090.7902	 261.9786	 3.5714	 1.0000
1949	12	01	1135.5686	 274.3301	 3.4260	 1.0000
1949	12	02	1159.2464	 282.0780	 3.4101	 1.0000
1949	12	03	1168.3912	 284.1094	 3.4268	 1.0000
1949	12	04	1179.2696	 285.9455	 3.3890	 1.0000
1949	12	05	1191.5239	 288.8570	 3.3302	 1.0000
1949	12	06	1192.5253	 286.0939	 3.3322	 1.0000
1949	12	07	1192.7868	 283.2428	 3.3223	 1.0000
1949	12	08	1193.7421	 281.5662	 3.3312	 1.0000
1949	12	09	1193.6077	 279.0893	 3.2861	 1.0000
1949	12	10	1196.3802	 279.9151	 3.2864	 1.0000
1949	12	11	1196.9296	 278.7564	 3.2918	 1.0000
1949	12	12	1197.3241	 277.3033	 3.2911	 1.0000
1949	12	13	1197.3835	 275.3989	 3.3083	 1.0000
1949	12	14	1203.0871	 277.1762	 3.2931	 1.0000
1949	12	15	1213.6060	 281.4883	 3.2642	 1.0000
1949	12	16	1225.1845	 286.9920	 3.2532	 1.0000
1949	12	17	1242.0802	 296.6848	 3.1401	 1.0000
1949	12	18	1245.7584	 297.8096	 3.0899	 1.0000
1949	12	19	1247.4252	 298.0698	 3.0926	 1.0000
1949	12	20	1250.6746	 299.7923	 3.0922	 1.0000
1949	12	21	1255.1250	 300.5476	 3.1099	 1.0000
1949	12	22	1271.1537	 304.6280	 3.4214	 1.0000
1949	12	23	1297.4069	 314.7218	 3.3273	 1.0000
1949	12	24	1309.5187	 320.6620	 3.2428	 1.0000
1949	12	25	1333.9597	 335.0050	 3.2239	 1.0000
1949	12	26	1371.2953	 345.8036	 3.1608	 1.0000
1949	12	27	1438.6474	 361.2581	 3.0377	 1.0000
1949	12	28	1459.2656	 359.2054	 3.1543	 1.0000
1949	12	29	1473.4575	 359.9876	 3.1381	 1.0000
1949	12	30	1491.0940	 368.0976	 3.1012	 1.0000
1949	12	31	1503.5110	 374.9174	 3.0131	 1.0000
1950	01	01	1508.7183	 376.7706	 2.8764	 1.0000
1950	01	02	1516.7486	 383.9003	 2.8746	 1.0000
1950	01	03	1522.2315	 388.4729	 2.8695	 1.0000
1950	01	04	1528.2924	 393.4250	 2.8760	 1.0000
1950	01	05	1552.8809	 417.7643	 2.8758	 1.0000
1950	01	06	1584.0921	 438.9840	 2.8441	 1.0000
1950	01	07	1586.3960	 427.1813	 2.7912	 1.0000
1950	01	08	1595.0148	 423.5553	 2.7891	 1.0000
1950	01	09	1624.4862	 437.5043	 2.7621	 1.0000
1950	01	10	1656.9849	 447.0975	 2.6194	 1.0000
1950	01	11	1667.1965	 443.7547	 2.5716	 1.0000
1950	01	12	1680.9107	 450.1397	 2.4750	 1.0000
1950	01	13	1694.0118	 459.9910	 2.4436	 1.0000
1950	01	14	1697.3147	 459.1663	 2.4406	 1.0000
1950	01	15	1702.3110	 460.0558	 2.4375	 1.0000
1950	01	16	1702.9152	 454.5723	 2.4393	 1.0000
1950	01	17	1702.9145	 448.8595	 2.4389	 1.0000
1950	01	18	1739.1783	 486.5785	 2.4279	 1.0000
1950	01	19	1823.3558	 556.1958	 2.4336	 1.0000
1950	01	20	1882.4118	 552.0673	 2.4128	 1.0000
1950	01	21	1946.5864	 535.4617	 2.4076	 1.0000
1950	01	22	1985.9878	 522.5221	 2.3329	 1.0000
1950	01	23	1996.2462	 517.0804	 2.2116	 1.0000
1950	01	24	1996.2862	 510.7786	 2.1163	 1.0000
1950	01	25	2009.4149	 523.2357	 2.1222	 1.0000
1950	01	26	2027.6593	 538.3686	 2.1091	 1.0000
1950	01	27	2028.2577	 531.7108	 2.1088	 1.0000
1950	01	28	2028.3200	 526.0426	 2.0320	 1.0000
1950	01	29	2028.3109	 521.5228	 2.0336	 1.0000
1950	01	30	2028.2730	 517.3244	 2.0283	 1.0000
1950	01	31	2028.2632	 513.4368	 2.0295	 1.0000
1950	02	01	2028.2830	 509.6428	 2.0033	 1.0000
1950	02	02	2028.9013	 506.0548	 2.0320	 1.0000
1950	02	03	2043.2881	 517.7609	 2.0583	 1.0000
1950	02	04	2066.1791	 532.6832	 2.0221	 1.0000
1950	02	05	2092.7906	 545.7221	 2.0220	 1.0000
1950	02	06	2110.1718	 538.9898	 2.0035	 1.0000
1950	02	07	2146.1913	 536.0571	 1.9633	 1.0000
1950	02	08	2167.5653	 532.4300	 1.9260	 1.0000
1950	02	09	2173.3062	 524.7380	 1.9177	 1.0000
1950	02	10	2174.2306	 516.7884	 1.9193	 1.0000
1950	02	11	2177.4805	 509.2513	 1.9135	 1.0000
1950	02	12	2204.8833	 513.9934	 1.9393	 1.0000
1950	02	13	2224.3525	 513.3239	 1.9381	 1.0000
1950	02	14	2236.5994	 509.8215	 1.9411	 1.0000
1950	02	15	2249.8649	 506.9613	 1.9289	 1.0000
1950	02	16	2253.3280	 501.7342	 1.9834	 1.0000
1950	02	17	2253.6236	 496.3898	 1.9835	 1.0000
1950	02	18	2253.6601	 490.8837	 1.7988	 1.0000
1950	02	19	2255.8098	 487.4038	 1.9466	 1.0000
1950	02	20	2259.1051	 485.2483	 2.0182	 1.0000
1950	02	21	2260.5879	 481.9958	 2.0284	 1.0000
1950	02	22	2269.5821	 481.6138	 2.2164	 1.0000
1950	02	23	2346.6459	 507.8650	 2.4562	 1.0000
1950	02	24	2398.1011	 522.8807	 2.3789	 1.0000
1950	02	25	2439.0052	 533.0632	 2.3330	 1.0000
1950	02	26	2454.2321	 533.0999	 2.4805	 1.0000
1950	02	27	2455.5615	 528.9301	 2.4629	 1.0000
1950	02	28	2455.5768	 524.9679	 2.4009	 1.0000
1950	03	01	2458.0069	 522.4910	 2.5608	 1.0000
1950	03	02	2476.4737	 525.1891	 2.7780	 1.0000
1950	03	03	2527.2479	 534.0961	 3.0543	 1.0000
1950	03	04	2575.5593	 542.4940	 3.2176	 1.0000
1950	03	05	2610.9669	 548.1805	 3.3322	 1.0000
1950	03	06	2620.6316	 546.4932	 3.2046	 1.0000
1950	03	07	2624.9855	 544.3240	 3.3183	 1.0000
1950	03	08	2631.7033	 544.2928	 3.3057	 1.0000
1950	03	09	2639.5486	 545.2285	 3.2840	 1.0000
1950	03	10	2641.7350	 543.0362	 3.2924	 1.0000
1950	03	11	2641.6259	 540.1838	 3.2502	 1.0000
1950	03	12	2643.0746	 538.9941	 3.2391	 1.0000
1950	03	13	2643.5055	 536.7025	 3.2707	 1.0000
1950	03	14	2643.5177	 533.7685	 3.2923	 1.0000
1950	03	15	2661.8513	 536.1997	 3.3129	 1.0000
1950	03	16	2710.5794	 548.9937	 3.2202	 1.0000
1950	03	17	2733.7753	 552.7030	 3.2043	 1.0000
1950	03	18	2767.2601	 563.6658	 3.1109	 1.0000
1950	03	19	2798.7548	 577.3234	 3.0574	 1.0000
1950	03	20	2811.6261	 580.5454	 3.0843	 1.0000
1950	03	21	2824.1272	 580.2851	 3.2082	 1.0000
1950	03	22	2836.6990	 580.9004	 3.1870	 1.0000
1950	03	23	2847.4821	 582.3950	 3.1645	 1.0000
1950	03	24	2851.3773	 580.1801	 3.1864	 1.0000
1950	03	25	2853.3800	 577.1527	 3.1950	 1.0000
1950	03	26	2876.1607	 582.3108	 3.1692	 1.0000
1950	03	27	2899.7149	 588.6156	 3.0306	 1.0000
1950	03	28	2908.9624	 589.9704	 2.9617	 1.0000
1950	03	29	2916.2726	 589.7033	 3.0872	 1.0000
1950	03	30	2919.5054	 586.7636	 3.1362	 1.0000
1950	03	31	2932.3456	 587.3611	 3.0073	 1.0000
1950	04	01	2947.0338	 588.6132	 3.1634	 1.0000
1950	04	02	2971.3679	 593.7358	 3.2152	 1.0000
1950	04	03	2981.1186	 594.0620	 3.4463	 1.0000
1950	04	04	2980.8629	 590.4998	 3.3295	 1.0000
1950	04	05	2981.2754	 587.0519	 3.2231	 1.0000
1950	04	06	2981.0601	 583.7012	 3.0761	 1.0000
1950	04	07	2982.9418	 581.8593	 3.3270	 1.0000
1950	04	08	2997.0361	 583.4469	 3.4906	 1.0000
1950	04	09	2998.4152	 580.8528	 3.6274	 1.0000
1950	04	10	2999.4692	 578.0245	 3.0946	 1.0000
1950	04	11	3018.3367	 579.5925	 2.8405	 1.0000
1950	04	12	3032.3007	 579.8190	 2.6772	 1.0000
1950	04	13	3034.3261	 577.8045	 2.7186	 1.0000
1950	04	14	3046.3019	 578.5291	 2.6119	 1.0000
1950	04	15	3094.0323	 589.1537	 3.5907	 1.0000
1950	04	16	3123.6490	 596.1735	 3.7661	 1.0000
1950	04	17	3123.9870	 593.7952	 3.7360	 1.0000
1950	04	18	3125.1160	 591.3488	 2.4241	 1.0000
1950	04	19	3126.9995	 588.7000	 0.2818	 1.0000
1950	04	20	3127.4397	 585.8797	 0.0298	 1.0000
1950	04	21	3131.1848	 584.6178	 1.0346	 1.0000
1950	04	22	3135.1733	 584.2937	 1.5907	 1.0000
1950	04	23	3142.9728	 585.7876	 2.1296	 1.0000
1950	04	24	3147.5148	 585.3575	 2.0537	 1.0000
1950	04	25	3147.8121	 583.5303	 2.0452	 1.0000
1950	04	26	3152.1761	 583.4893	 2.2149	 1.0000
1950	04	27	3159.2726	 583.6125	 2.0609	 1.0000
1950	04	28	3159.8964	 581.4693	 0.3034	 1.0000
1950	04	29	3158.4448	 578.9865	 0.0000	 1.0000
1950	04	30	3165.5873	 578.8454	 0.6658	 1.0000
1950	05	01	3170.1991	 577.9212	 0.4482	 1.0000
1950	05	02	3169.5175	 575.8129	 0.1613	 1.0000
1950	05	03	3172.3766	 574.7828	 0.6904	 1.0000
1950	05	04	3174.0579	 573.5009	 0.6715	 1.0000
1950	05	05	3175.4328	 572.3727	 1.1344	 1.0000
1950	05	06	3174.6979	 570.6112	 0.4755	 1.0000
1950	05	07	3172.3698	 568.5844	 0.0000	 1.0000
1950	05	08	3167.7392	 566.0974	 0.0000	 1.0000
1950	05	09	3162.4065	 563.4851	 0.0000	 1.0000
1950	05	10	3155.6417	 560.6315	 0.0000	 1.0000
1950	05	11	3148.3523	 557.7607	 0.0000	 1.0000
1950	05	12	3137.1572	 554.2513	 0.0000	 1.0000
1950	05	13	3125.9456	 550.8179	 0.0000	 1.0000
1950	05	14	3112.2024	 546.9990	 0.0000	 1.0000
1950	05	15	3105.6959	 544.5398	 0.0072	 1.0000
1950	05	16	3100.6433	 542.4650	 0.1141	 1.0000
1950	05	17	3098.9414	 541.0750	 0.3638	 1.0000
1950	05	18	3099.3514	 540.2804	 0.5889	 1.0000
1950	05	19	3096.4659	 538.6993	 0.0740	 1.0000
1950	05	20	3087.4583	 535.9450	 0.0050	 1.0000
1950	05	21	3076.1143	 532.8135	 0.0000	 1.0000
1950	05	22	3065.7310	 529.9512	 0.0000	 1.0000
1950	05	23	3054.3272	 527.0097	 0.0000	 1.0000
1950	05	24	3037.8821	 523.1743	 0.0000	 1.0000
1950	05	25	3016.7917	 518.5169	 0.0000	 1.0000
1950	05	26	2992.8437	 513.3857	 0.0000	 1.0000
1950	05	27	2977.5973	 509.8069	 0.1111	 1.0000
1950	05	28	2972.7725	 508.1766	 0.1810	 1.0000
1950	05	29	2968.4263	 506.6428	 0.2277	 1.0000
1950	05	30	2957.3838	 504.0174	 0.0000	 1.0000
1950	05	31	2938.7952	 499.9968	 0.0000	 1.0000
1950	06	01	2916.0855	 495.2702	 0.0000	 1.0000
1950	06	02	2892.7991	 490.4953	 0.0000	 1.0000
1950	06	03	2864.5493	 484.8830	 0.0000	 1.0000
1950	06	04	2846.7208	 481.0992	 0.0017	 1.0000
1950	06	05	2831.1543	 477.7319	 0.0615	 1.0000
1950	06	06	2826.5808	 476.3845	 0.2559	 1.0000
1950	06	07	2817.7106	 474.2740	 0.3222	 1.0000
1950	06	08	2809.0178	 472.1769	 0.2123	 1.0000
1950	06	09	2793.5405	 468.8848	 0.0090	 1.0000
1950	06	10	2770.1285	 464.2784	 0.0000	 1.0000
1950	06	11	2741.9002	 458.8493	 0.0000	 1.0000
1950	06	12	2706.3212	 452.2266	 0.0000	 1.0000
1950	06	13	2674.9099	 446.3433	 0.0000	 1.0000
1950	06	14	2648.8543	 441.3897	 0.0000	 1.0000
1950	06	15	2618.3858	 435.7303	 0.0000	 1.0000
1950	06	16	2581.7923	 429.0516	 0.0000	 1.0000
1950	06	17	2547.1416	 422.7392	 0.0000	 1.0000
1950	06	18	2513.1500	 416.5637	 0.0000	 1.0000
1950	06	19	2469.8708	 408.8564	 0.0000	 1.0000
1950	06	20	2426.2092	 401.1074	 0.0000	 1.0000
1950	06	21	2388.6613	 394.3790	 0.0000	 1.0000
1950	06	22	2362.6902	 389.6106	 0.0766	 1.0000
1950	06	23	2338.3881	 385.1489	 0.0000	 1.0000
1950	06	24	2316.7604	 381.1825	 0.0785	 1.0000
1950	06	25	2294.9437	 377.1938	 0.0131	 1.0000
1950	06	26	2264.6527	 371.7779	 0.0000	 1.0000
1950	06	27	2225.6103	 364.9149	 0.0000	 1.0000
1950	06	28	2183.3875	 357.5451	 0.0000	 1.0000
1950	06	29	2141.3953	 350.2282	 0.0000	 0.9739
1950	06	30	2100.0689	 343.0379	 0.0000	 0.9229
1950	07	01	2062.1781	 336.4428	 0.0000	 0.9229
1950	07	02	2024.0002	 329.8188	 0.0000	 0.9184
1950	07	03	1984.5116	 322.9991	 0.0000	 0.9184
1950	07	04	1943.8002	 315.9929	 0.0000	 0.9184
1950	07	05	1905.2014	 309.3416	 0.0000	 0.9184
1950	07	06	1866.4737	 302.6812	 0.0000	 0.9184
1950	07	07	1836.5035	 297.4804	 0.0000	 0.9184
1950	07	08	1810.2140	 292.9196	 0.0000	 0.9184
1950	07	09	1784.9782	 288.5317	 0.0007	 0.9184
1950	07	10	1765.7089	 285.1352	 0.0000	 0.8925
1950	07	11	1744.2039	 281.3810	 0.0023	 0.8925
1950	07	12	1718.2403	 276.9037	 0.0000	 0.8419
1950	07	13	1685.5825	 271.3623	 0.0000	 0.8419
1950	07	14	1655.6690	 266.2573	 0.0000	 0.8374
1950	07	15	1629.8808	 261.8373	 0.0000	 0.8374
1950	07	16	1603.4076	 257.3192	 0.0000	 0.8374
1950	07	17	1574.0979	 252.3447	 0.0000	 0.8374
1950	07	18	1545.3259	 247.4689	 0.0000	 0.8374
1950	07	19	1519.8952	 243.1371	 0.0000	 0.8374
1950	07	20	1487.6391	 237.7140	 0.0000	 0.8374
1950	07	21	1456.3760	 232.4493	 0.0000	 0.8374
1950	07	22	1422.9983	 226.8464	 0.0000	 0.8374
1950	07	23	1390.9104	 221.4583	 0.0000	 0.8374
1950	07	24	1357.6134	 215.8821	 0.0000	 0.8374
1950	07	25	1326.6536	 210.6907	 0.0000	 0.8374
1950	07	26	1297.4176	 205.7848	 0.0000	 0.8125
1950	07	27	1275.8684	 202.1499	 0.0000	 0.8125
1950	07	28	1258.0478	 199.1282	 0.0000	 0.8125
1950	07	29	1241.5402	 196.3251	 0.0000	 0.7637
1950	07	30	1224.9968	 193.5303	 0.0000	 0.6855
1950	07	31	1204.9138	 190.1688	 0.0000	 0.6812
1950	08	01	1180.3382	 186.0884	 0.0000	 0.6812
1950	08	02	1161.6209	 182.9558	 0.0000	 0.5860
1950	08	03	1147.7379	 180.6162	 0.0000	 0.5860
1950	08	04	1134.9393	 178.4560	 0.0000	 0.5860
1950	08	05	1124.8455	 176.7379	 0.0000	 0.5860
1950	08	06	1113.1007	 174.7574	 0.0000	 0.5860
1950	08	07	1100.7653	 172.6875	 0.0035	 0.5860
1950	08	08	1089.8243	 170.8425	 0.0000	 0.5860
1950	08	09	1075.6471	 168.4771	 0.0000	 0.5860
1950	08	10	1059.5980	 165.8154	 0.0000	 0.5860
1950	08	11	1042.9011	 163.0503	 0.0000	 0.5860
1950	08	12	1025.0381	 160.1009	 0.0000	 0.5860
1950	08	13	1010.4163	 157.6772	 0.0000	 0.5860
1950	08	14	995.5472	 155.2512	 0.0000	 0.5860
1950	08	15	981.6176	 152.9405	 0.0000	 0.5860
1950	08	16	965.2852	 150.2487	 0.0000	 0.5860
1950	08	17	948.4716	 147.4783	 0.0000	 0.5860
1950	08	18	929.7192	 144.3984	 0.0000	 0.5860
1950	08	19	910.0736	 141.1749	 0.0000	 0.5860
1950	08	20	889.2348	 137.7675	 0.0000	 0.5860
1950	08	21	869.3406	 134.5115	 0.0000	 0.5860
1950	08	22	852.4365	 131.7444	 0.0000	 0.5860
1950	08	23	835.6487	 128.9742	 0.0000	 0.5606
1950	08	24	823.7075	 127.0102	 0.0000	 0.5606
1950	08	25	810.0505	 124.7720	 0.0000	 0.5606
1950	08	26	794.6551	 122.2561	 0.0000	 0.5606
1950	08	27	779.0089	 119.6984	 0.0000	 0.5606
1950	08	28	765.6893	 117.5309	 0.0000	 0.4334
1950	08	29	754.9716	 115.7849	 0.0000	 0.4334
1950	08	30	744.9944	 114.1557	 0.0000	 0.4334
1950	08	31	733.9701	 112.3642	 0.0000	 0.4290
1950	09	01	722.3139	 110.4834	 0.0000	 0.3346
1950	09	02	712.4745	 108.8996	 0.0000	 0.3346
1950	09	03	704.6688	 107.6331	 0.0000	 0.3346
1950	09	04	696.7386	 106.3480	 0.0000	 0.3346
1950	09	05	689.1677	 105.1203	 0.0000	 0.3346
1950	09	06	683.1240	 104.1314	 0.0000	 0.3346
1950	09	07	678.1994	 103.3203	 0.0000	 0.3346
1950	09	08	672.1350	 102.3306	 0.0000	 0.3346
1950	09	09	665.0154	 101.1774	 0.0000	 0.3346
1950	09	10	658.2657	 100.0825	 0.0000	 0.3346
1950	09	11	652.0781	 99.0753	 0.0000	 0.3346
1950	09	12	644.5779	 97.8667	 0.0000	 0.3346
1950	09	13	638.3024	 96.8493	 0.0000	 0.3346
1950	09	14	632.8329	 95.9584	 0.0000	 0.3346
1950	09	15	625.0429	 94.7088	 0.0000	 0.3346
1950	09	16	620.1348	 93.9064	 0.0000	 0.3346
1950	09	17	617.2474	 93.4263	 0.0000	 0.3346
1950	09	18	611.8045	 92.5442	 0.0000	 0.3346
1950	09	19	606.4847	 91.6805	 0.0000	 0.3346
1950	09	20	601.1709	 90.8194	 0.0000	 0.3346
1950	09	21	595.3724	 89.8837	 0.0000	 0.3346
1950	09	22	588.2252	 88.7400	 0.0000	 0.3346
1950	09	23	583.2661	 87.9681	 0.0000	 0.3346
1950	09	24	578.2029	 87.1394	 0.0000	 0.3346
1950	09	25	577.9289	 87.2237	 0.2637	 0.4139
1950	09	26	580.7550	 88.2332	 0.5771	 0.4920
1950	09	27	581.4231	 88.4299	 0.5020	 0.4920
1950	09	28	581.3469	 88.3875	 0.3610	 0.4139
1950	09	29	580.8481	 88.1023	 0.2733	 0.4095
1950	09	30	581.6427	 88.4676	 0.3744	 0.6505
1950	10	01	582.8944	 89.2057	 0.7756	 0.7490
1950	10	02	582.7659	 89.0965	 0.6027	 0.4139
1950	10	03	585.9972	 91.1545	 1.3153	 0.7450
1950	10	04	596.8669	 96.0446	 1.6017	 0.8266
1950	10	05	609.4133	 100.7063	 2.0838	 0.7450
1950	10	06	616.7172	 103.2461	 1.7134	 0.7450
1950	10	07	623.5811	 105.0817	 1.5939	 0.7450
1950	10	08	631.5763	 107.5241	 1.5685	 0.7450
1950	10	09	679.5336	 126.0937	 3.6919	 1.0000
1950	10	10	700.4415	 132.6481	 2.1966	 1.0000
1950	10	11	703.4787	 132.3576	 1.3786	 1.0000
1950	10	12	704.1824	 131.2273	 0.8826	 0.8266
1950	10	13	705.0326	 130.5384	 0.4006	 0.8005
1950	10	14	706.8250	 130.3687	 0.5803	 0.7495
1950	10	15	706.5947	 129.8014	 0.4184	 0.7450
1950	10	16	707.0125	 129.5597	 0.5262	 0.7450
1950	10	17	715.6000	 132.3063	 1.3980	 0.7450
1950	10	18	730.1889	 136.7424	 2.1245	 0.7450
1950	10	19	738.2427	 138.8193	 2.3911	 0.7450
1950	10	20	742.2238	 139.6696	 2.4736	 0.7495
1950	10	21	742.1878	 139.1288	 2.4148	 0.7450
1950	10	22	742.3703	 138.7906	 2.4525	 0.7450
1950	10	23	744.2804	 139.2760	 3.0267	 0.7450
1950	10	24	784.0852	 158.1574	 3.8740	 1.0000
1950	10	25	798.7804	 162.2263	 4.2926	 1.0000
1950	10	26	833.5874	 175.0748	 4.3335	 1.0000
1950	10	27	884.9708	 189.9140	 4.2900	 1.0000
1950	10	28	917.3263	 198.9530	 4.4493	 1.0000
1950	10	29	927.8794	 200.7713	 4.3783	 1.0000
1950	10	30	933.4554	 201.0013	 4.4560	 1.0000
1950	10	31	963.9587	 212.4284	 4.4719	 1.0000
1950	11	01	1004.7645	 227.8521	 3.6965	 1.0000
1950	11	02	1010.8607	 227.0403	 3.7558	 1.0000
1950	11	03	1012.5680	 224.5410	 3.7499	 1.0000
1950	11	04	1018.2309	 223.4933	 3.7307	 1.0000
1950	11	05	1019.4967	 221.5690	 3.7558	 1.0000
1950	11	06	1023.4266	 220.9328	 3.7516	 1.0000
1950	11	07	1034.5656	 224.2314	 3.6700	 1.0000
1950	11	08	1034.5351	 222.8506	 3.6541	 1.0000
1950	11	09	1034.4483	 221.6362	 3.6139	 1.0000
1950	11	10	1034.3826	 220.4046	 3.6194	 1.0000
1950	11	11	1035.4753	 219.8895	 3.6010	 1.0000
1950	11	12	1035.4618	 218.9184	 3.5379	 1.0000
1950	11	13	1039.5628	 221.5153	 3.5467	 1.0000
1950	11	14	1053.7692	 231.8959	 3.5348	 1.0000
1950	11	15	1102.2796	 261.4000	 3.4358	 1.0000
1950	11	16	1130.8797	 270.4082	 3.3222	 1.0000
1950	11	17	1149.0176	 276.7200	 3.2568	 1.0000
1950	11	18	1152.4952	 275.6494	 3.2486	 1.0000
1950	11	19	1177.3759	 292.1805	 3.2490	 1.0000
1950	11	20	1243.3122	 319.2290	 3.2360	 1.0000
1950	11	21	1308.3436	 331.1998	 3.5502	 1.0000
1950	11	22	1338.7930	 328.9686	 3.5588	 1.0000
1950	11	23	1380.0225	 334.4312	 3.6596	 1.0000
1950	11	24	1418.4393	 338.7679	 3.6410	 1.0000
1950	11	25	1469.2081	 348.0064	 3.6349	 1.0000
1950	11	26	1510.9158	 353.6172	 3.5468	 1.0000
1950	11	27	1531.7744	 354.1416	 3.5101	 1.0000
1950	11	28	1532.6374	 350.4106	 3.5537	 1.0000
1950	11	29	1545.2602	 354.5008	 3.5636	 1.0000
1950	11	30	1565.2742	 363.3346	 3.5308	 1.0000
1950	12	01	1567.9955	 361.2878	 3.3828	 1.0000
1950	12	02	1570.9142	 359.5859	 3.3652	 1.0000
1950	12	03	1575.9380	 359.4833	 3.3457	 1.0000
1950	12	04	1577.1878	 356.9465	 3.3519	 1.0000
1950	12	05	1603.0387	 370.1952	 3.3124	 1.0000
1950	12	06	1625.7869	 381.8271	 3.2939	 1.0000
1950	12	07	1636.1658	 381.8116	 3.2813	 1.0000
1950	12	08	1643.5237	 379.7205	 3.2665	 1.0000
1950	12	09	1673.2256	 387.0809	 3.2308	 1.0000
1950	12	10	1684.4613	 385.0267	 3.4556	 1.0000
1950	12	11	1687.7541	 380.6309	 3.5144	 1.0000
1950	12	12	1687.9022	 376.5713	 3.5138	 1.0000
1950	12	13	1691.2288	 375.9101	 3.5157	 1.0000
1950	12	14	1706.2560	 382.6781	 3.4934	 1.0000
1950	12	15	1719.7791	 385.8342	 3.4759	 1.0000
1950	12	16	1746.8868	 394.3624	 3.4562	 1.0000
1950	12	17	1756.4259	 394.0759	 3.5098	 1.0000
1950	12	18	1767.1292	 394.2387	 3.5065	 1.0000
1950	12	19	1793.5784	 399.5447	 3.4772	 1.0000
1950	12	20	1806.5204	 398.5454	 3.5262	 1.0000
1950	12	21	1822.8549	 398.5021	 3.4673	 1.0000
1950	12	22	1841.7746	 399.1436	 3.5147	 1.0000
1950	12	23	1854.7081	 398.7927	 3.5524	 1.0000
1950	12	24	1864.9362	 398.1156	 3.5544	 1.0000
1950	12	25	1870.5266	 397.3016	 3.5635	 1.0000
1950	12	26	1875.3511	 396.4777	 3.5647	 1.0000
1950	12	27	1899.6688	 405.9960	 3.5504	 1.0000
1950	12	28	1912.0509	 408.7978	 3.5450	 1.0000
1950	12	29	1914.5357	 406.7290	 3.5600	 1.0000
1950	12	30	1919.1117	 405.7406	 3.5294	 1.0000
1950	12	31	1934.2685	 409.2962	 3.5321	 1.0000
1951	01	01	1965.8097	 418.9352	 3.2353	 1.0000
1951	01	02	2038.1978	 447.8331	 3.2447	 1.0000
1951	01	03	2056.8300	 452.0167	 3.0996	 1.0000
1951	01	04	2061.1934	 449.9748	 3.0785	 1.0000
1951	01	05	2062.9613	 447.8722	 3.0853	 1.0000
1951	01	06	2063.0152	 444.9495	 3.1015	 1.0000
1951	01	07	2064.9870	 443.9926	 3.0742	 1.0000
1951	01	08	2067.1765	 443.4167	 3.0788	 1.0000
1951	01	09	2070.9833	 443.9354	 3.0835	 1.0000
1951	01	10	2078.5789	 445.7103	 3.0712	 1.0000
1951	01	11	2080.2409	 443.5683	 3.0671	 1.0000
1951	01	12	2105.3104	 453.4720	 3.0700	 1.0000
1951	01	13	2161.9289	 478.2717	 2.9977	 1.0000
1951	01	14	2218.0338	 499.3321	 2.9806	 1.0000
1951	01	15	2316.3041	 538.2444	 2.8583	 1.0000
1951	01	16	2397.1534	 570.8690	 2.7599	 1.0000
1951	01	17	2416.9581	 571.2567	 2.6678	 1.0000
1951	01	18	2426.6262	 568.5743	 2.6617	 1.0000
1951	01	19	2456.7460	 579.9835	 2.6549	 1.0000
1951	01	20	2504.2517	 597.0004	 2.6426	 1.0000
1951	01	21	2530.1211	 597.0082	 2.5788	 1.0000
1951	01	22	2552.6318	 595.6448	 2.5676	 1.0000
1951	01	23	2577.7870	 596.1584	 2.5609	 1.0000
1951	01	24	2612.0178	 596.6122	 2.8333	 1.0000
1951	01	25	2643.2353	 596.7466	 2.9773	 1.0000
1951	01	26	2654.8240	 596.7250	 2.8430	 1.0000
1951	01	27	2654.7544	 592.7599	 2.8243	 1.0000
1951	01	28	2654.4388	 590.0480	 2.7643	 1.0000
1951	01	29	2654.4243	 587.7290	 2.7698	 1.0000
1951	01	30	2654.4306	 585.4451	 2.7813	 1.0000
1951	01	31	2661.1569	 590.9980	 2.7761	 1.0000
1951	02	01	2698.4819	 630.3542	 2.7243	 1.0000
1951	02	02	2773.7284	 677.4410	 2.6212	 1.0000
1951	02	03	2801.7301	 676.1141	 2.5682	 1.0000
1951	02	04	2801.7570	 660.8749	 2.5838	 1.0000
1951	02	05	2801.7759	 648.2493	 2.5881	 1.0000
1951	02	06	2825.8822	 651.4560	 2.5848	 1.0000
1951	02	07	2870.1255	 659.4818	 2.5625	 1.0000
1951	02	08	2973.6518	 680.8107	 2.5329	 1.0000
1951	02	09	3119.4966	 698.8378	 2.8348	 1.0000
1951	02	10	3193.0725	 696.9596	 3.1074	 1.0000
1951	02	11	3200.3251	 689.3337	 3.1125	 1.0000
1951	02	12	3202.6116	 683.9678	 3.1286	 1.0000
1951	02	13	3202.4343	 678.4168	 3.1149	 1.0000
1951	02	14	3205.5199	 675.0413	 3.0634	 1.0000
1951	02	15	3209.3279	 671.8252	 3.0591	 1.0000
1951	02	16	3211.2202	 668.1464	 3.1093	 1.0000
1951	02	17	3212.2349	 663.4993	 3.0978	 1.0000
1951	02	18	3221.5061	 662.6063	 3.0916	 1.0000
1951	02	19	3244.4009	 668.3951	 3.0491	 1.0000
1951	02	20	3259.6024	 671.1028	 3.0576	 1.0000
1951	02	21	3263.5912	 668.5751	 3.0667	 1.0000
1951	02	22	3263.1667	 664.0798	 2.9662	 1.0000
1951	02	23	3263.0906	 660.3433	 2.9591	 1.0000
1951	02	24	3268.0771	 659.8681	 2.9908	 1.0000
1951	02	25	3269.9232	 657.9477	 2.9322	 1.0000
1951	02	26	3269.8704	 655.1666	 2.9222	 1.0000
1951	02	27	3269.8276	 652.6155	 2.9077	 1.0000
1951	02	28	3269.8150	 650.1536	 2.9091	 1.0000
1951	03	01	3269.7978	 647.7240	 2.9104	 1.0000
1951	03	02	3269.5633	 645.1652	 2.8700	 1.0000
1951	03	03	3309.5626	 670.1537	 2.8135	 1.0000
1951	03	04	3352.8770	 697.7822	 2.6641	 1.0000
1951	03	05	3367.1362	 704.9077	 2.5170	 1.0000
1951	03	06	3375.3340	 708.0920	 2.4635	 1.0000
1951	03	07	3382.1048	 710.0379	 2.4438	 1.0000
1951	03	08	3405.8055	 724.1298	 2.4114	 1.0000
1951	03	09	3419.8950	 730.0130	 2.3150	 1.0000
1951	03	10	3423.8560	 728.6051	 2.2750	 1.0000
1951	03	11	3438.5782	 736.2133	 2.2588	 1.0000
1951	03	12	3487.5311	 758.6810	 2.2328	 1.0000
1951	03	13	3503.3157	 757.3886	 2.2296	 1.0000
1951	03	14	3534.9899	 754.6584	 2.6445	 1.0000
1951	03	15	3585.7855	 760.7116	 2.8652	 1.0000
1951	03	16	3635.3609	 777.7189	 2.6578	 1.0000
1951	03	17	3635.7788	 769.7287	 2.6430	 1.0000
1951	03	18	3635.8604	 761.9544	 2.5521	 1.0000
1951	03	19	3635.8003	 753.4770	 2.5468	 1.0000
1951	03	20	3639.1831	 745.8426	 2.9614	 1.0000
1951	03	21	3646.0512	 739.3323	 3.0691	 1.0000
1951	03	22	3649.1965	 733.1253	 3.0406	 1.0000
1951	03	23	3649.1914	 727.0066	 2.9849	 1.0000
1951	03	24	3649.1032	 721.1723	 2.9845	 1.0000
1951	03	25	3649.1681	 715.4591	 2.8464	 1.0000
1951	03	26	3648.5370	 710.3179	 2.7053	 1.0000
1951	03	27	3648.0567	 705.8889	 2.6008	 1.0000
1951	03	28	3652.2885	 703.4371	 2.8825	 1.0000
1951	03	29	3657.8954	 701.8521	 2.9709	 1.0000
1951	03	30	3657.9141	 698.8318	 2.8191	 1.0000
1951	03	31	3657.8075	 695.5831	 2.7478	 1.0000
1951	04	01	3658.1252	 692.1816	 2.3294	 1.0000
1951	04	02	3658.7822	 688.8371	 1.5127	 1.0000
1951	04	03	3659.5502	 685.2381	 0.4558	 1.0000
1951	04	04	3659.7362	 681.5971	 0.0000	 1.0000
1951	04	05	3659.2717	 678.0409	 0.0000	 1.0000
1951	04	06	3658.5630	 674.6133	 0.0000	 1.0000
1951	04	07	3656.8203	 671.2559	 0.0000	 1.0000
1951	04	08	3654.9996	 668.0144	 0.0000	 1.0000
1951	04	09	3652.6922	 664.9554	 0.0000	 1.0000
1951	04	10	3648.7047	 661.7258	 0.0000	 1.0000
1951	04	11	3644.2161	 658.4083	 0.0000	 1.0000
1951	04	12	3638.3814	 654.8680	 0.0000	 1.0000
1951	04	13	3628.2596	 650.7124	 0.0000	 1.0000
1951	04	14	3615.7137	 646.2514	 0.0000	 1.0000
1951	04	15	3602.6392	 641.7468	 0.0000	 1.0000
1951	04	16	3587.0755	 636.8292	 0.0000	 1.0000
1951	04	17	3568.9626	 631.5559	 0.0000	 1.0000
1951	04	18	3553.6127	 627.0517	 0.0000	 1.0000
1951	04	19	3545.9840	 624.3275	 0.0000	 1.0000
1951	04	20	3539.0542	 621.7875	 0.0000	 1.0000
1951	04	21	3526.3449	 618.0915	 0.0000	 1.0000
1951	04	22	3510.4262	 613.7418	 0.0000	 1.0000
1951	04	23	3494.4270	 609.4695	 0.0000	 1.0000
1951	04	24	3475.2212	 604.6276	 0.0000	 1.0000
1951	04	25	3451.1258	 598.8860	 0.0000	 1.0000
1951	04	26	3444.8891	 596.3847	 0.0921	 1.0000
1951	04	27	3448.4760	 596.2164	 0.5280	 1.0000
1951	04	28	3456.8423	 597.3094	 1.4912	 1.0000
1951	04	29	3455.8321	 596.0658	 1.0058	 1.0000
1951	04	30	3453.1570	 594.5216	 0.5596	 1.0000
1951	05	01	3448.6468	 592.5962	 0.4560	 1.0000
1951	05	02	3440.3853	 589.9904	 0.0000	 1.0000
1951	05	03	3423.4807	 585.8645	 0.0000	 1.0000
1951	05	04	3412.9538	 582.8775	 0.0621	 1.0000
1951	05	05	3402.8102	 580.0218	 0.0812	 1.0000
1951	05	06	3389.7489	 576.6218	 0.0637	 1.0000
1951	05	07	3377.8787	 573.6029	 0.2553	 1.0000
1951	05	08	3364.3525	 570.1791	 0.1092	 1.0000
1951	05	09	3343.9269	 565.6437	 0.0000	 1.0000
1951	05	10	3327.1159	 561.7236	 0.2585	 1.0000
1951	05	11	3317.8304	 560.1246	 0.6669	 1.0000
1951	05	12	3316.9394	 559.4326	 0.7950	 1.0000
1951	05	13	3299.2163	 555.4140	 0.0000	 1.0000
1951	05	14	3278.4270	 550.9326	 0.0000	 1.0000
1951	05	15	3250.2695	 545.2545	 0.0000	 1.0000
1951	05	16	3227.0168	 540.4292	 0.0000	 1.0000
1951	05	17	3202.3889	 532.8236	 0.0450	 1.0000
1951	05	18	3189.7502	 529.9105	 0.0076	 1.0000
1951	05	19	3170.8887	 525.9986	 0.0000	 1.0000
1951	05	20	3146.9507	 521.2342	 0.0000	 1.0000
1951	05	21	3116.3190	 515.3752	 0.0000	 1.0000
1951	05	22	3084.3384	 509.2869	 0.0000	 1.0000
1951	05	23	3051.0350	 503.0833	 0.2114	 1.0000
1951	05	24	3045.4673	 501.8404	 0.5998	 1.0000
1951	05	25	3040.4841	 500.5819	 0.2989	 1.0000
1951	05	26	3023.3861	 497.1985	 0.0000	 1.0000
1951	05	27	3003.9225	 493.3443	 0.0000	 1.0000
1951	05	28	2992.1185	 490.8145	 0.0000	 1.0000
1951	05	29	2980.5687	 488.3568	 0.0000	 1.0000
1951	05	30	2975.5780	 487.1438	 0.2467	 1.0000
1951	05	31	2965.8933	 485.0461	 0.0919	 1.0000
1951	06	01	2945.2992	 481.0836	 0.0000	 1.0000
1951	06	02	2916.3674	 475.7520	 0.0000	 1.0000
1951	06	03	2892.8569	 471.3259	 0.0233	 1.0000
1951	06	04	2873.7151	 467.7375	 0.1149	 1.0000
1951	06	05	2860.3322	 465.1369	 0.2230	 1.0000
1951	06	06	2848.5532	 462.8887	 0.3600	 1.0000
1951	06	07	2837.3975	 460.5935	 0.1336	 1.0000
1951	06	08	2820.6124	 457.3410	 0.0268	 1.0000
1951	06	09	2788.8765	 451.6558	 0.0000	 1.0000
1951	06	10	2757.6477	 446.0503	 0.0000	 1.0000
1951	06	11	2730.6739	 441.1537	 0.0000	 1.0000
1951	06	12	2701.5667	 435.9211	 0.0000	 1.0000
1951	06	13	2669.6641	 430.2403	 0.0000	 1.0000
1951	06	14	2634.3242	 424.0102	 0.0000	 1.0000
1951	06	15	2595.7556	 417.2478	 0.0000	 1.0000
1951	06	16	2561.8705	 411.2890	 0.0000	 0.9739
1951	06	17	2526.7074	 405.1373	 0.0000	 0.9229
1951	06	18	2497.5724	 400.0070	 0.0000	 0.9229
1951	06	19	2468.7117	 394.9370	 0.0000	 0.9184
1951	06	20	2438.7379	 389.6998	 0.0000	 0.9184
1951	06	21	2404.0728	 383.7253	 0.0000	 0.9184
1951	06	22	2368.3357	 377.5853	 0.0000	 0.9184
1951	06	23	2329.0868	 370.8713	 0.0000	 0.9184
1951	06	24	2305.0270	 366.6544	 0.0000	 0.9184
1951	06	25	2269.6681	 360.6284	 0.0000	 0.9184
1951	06	26	2238.3967	 355.2588	 0.0000	 0.9184
1951	06	27	2206.3536	 349.7744	 0.0000	 0.9184
1951	06	28	2170.5192	 343.6828	 0.0000	 0.9184
1951	06	29	2133.2445	 337.3683	 0.0000	 0.9184
1951	06	30	2092.6645	 330.5413	 0.0000	 0.9184
1951	07	01	2054.5718	 324.1193	 0.0000	 0.9184
1951	07	02	2018.9041	 318.1084	 0.0000	 0.8925
1951	07	03	1982.4535	 311.9860	 0.0000	 0.8925
1951	07	04	1960.8303	 308.2985	 0.0481	 0.8419
1951	07	05	1949.9137	 306.4063	 0.0329	 0.8419
1951	07	06	1935.3799	 303.9262	 0.0346	 0.8419
1951	07	07	1916.4130	 300.6716	 0.0000	 0.8419
1951	07	08	1895.6969	 297.1391	 0.0000	 0.8374
1951	07	09	1872.9218	 293.2774	 0.0000	 0.8374
1951	07	10	1847.7665	 289.0325	 0.0000	 0.8374
1951	07	11	1819.5388	 284.3060	 0.0000	 0.8374
1951	07	12	1787.3479	 278.9439	 0.0000	 0.8374
1951	07	13	1753.4121	 273.3180	 0.0000	 0.8374
1951	07	14	1720.5677	 267.8693	 0.0000	 0.8374
1951	07	15	1689.9871	 262.7922	 0.0000	 0.8374
1951	07	16	1659.0833	 257.6701	 0.0000	 0.8374
1951	07	17	1624.9222	 252.0281	 0.0000	 0.8374
1951	07	18	1591.1172	 246.4441	 0.0000	 0.8125
1951	07	19	1565.3571	 242.1700	 0.0000	 0.8125
1951	07	20	1540.1604	 237.9864	 0.0000	 0.8125
1951	07	21	1514.2249	 233.7050	 0.0000	 0.7637
1951	07	22	1485.1955	 228.9489	 0.0000	 0.7637
1951	07	23	1455.6583	 224.1167	 0.0000	 0.7594
1951	07	24	1430.3234	 219.9757	 0.0000	 0.5860
1951	07	25	1409.8075	 216.6243	 0.0000	 0.5860
1951	07	26	1389.5038	 213.3125	 0.0000	 0.5860
1951	07	27	1368.5207	 209.8955	 0.0000	 0.5860
1951	07	28	1347.8556	 206.5323	 0.0000	 0.5860
1951	07	29	1326.6321	 203.0838	 0.0000	 0.5860
1951	07	30	1307.1105	 199.8943	 0.0000	 0.5606
1951	07	31	1288.3585	 196.8221	 0.0000	 0.5606
1951	08	01	1271.1819	 194.0199	 0.0000	 0.5110
1951	08	02	1254.5960	 191.3233	 0.0000	 0.5066
1951	08	03	1238.2404	 188.6678	 0.0000	 0.5066
1951	08	04	1223.4281	 186.2573	 0.0000	 0.5066
1951	08	05	1209.4229	 183.9762	 0.0000	 0.5066
1951	08	06	1196.0225	 181.7920	 0.0000	 0.5066
1951	08	07	1181.8975	 179.4966	 0.0000	 0.5066
1951	08	08	1167.1715	 177.1099	 0.0000	 0.5066
1951	08	09	1152.4504	 174.7266	 0.0000	 0.5066
1951	08	10	1138.5667	 172.4769	 0.0000	 0.5066
1951	08	11	1124.4394	 170.1900	 0.0000	 0.5066
1951	08	12	1112.2567	 168.2099	 0.0000	 0.5066
1951	08	13	1099.1410	 166.0861	 0.0000	 0.5066
1951	08	14	1084.7904	 163.7737	 0.0000	 0.5066
1951	08	15	1071.1661	 161.5750	 0.0000	 0.5066
1951	08	16	1056.3170	 159.1857	 0.0000	 0.5066
1951	08	17	1041.6283	 156.8234	 0.0000	 0.5066
1951	08	18	1026.9565	 154.4660	 0.0000	 0.5066
1951	08	19	1012.0803	 152.0782	 0.0000	 0.5066
1951	08	20	996.4903	 149.5803	 0.0000	 0.5066
1951	08	21	978.7418	 146.7492	 0.0000	 0.5066
1951	08	22	965.5002	 144.6326	 0.0000	 0.4290
1951	08	23	956.2754	 143.1414	 0.0000	 0.4290
1951	08	24	949.8242	 142.0912	 0.0000	 0.3346
1951	08	25	942.6727	 140.9404	 0.0000	 0.3346
1951	08	26	935.9922	 139.8582	 0.0000	 0.3346
1951	08	27	930.8696	 139.0037	 0.0000	 0.3346
1951	08	28	928.3821	 138.6756	 0.0439	 0.4139
1951	08	29	927.3767	 138.5598	 0.0133	 0.4139
1951	08	30	924.3337	 138.0543	 0.0375	 0.4139
1951	08	31	920.0897	 137.3480	 0.0005	 0.4095
1951	09	01	913.3854	 136.2559	 0.0000	 0.3346
1951	09	02	907.1865	 135.2554	 0.0000	 0.3346
1951	09	03	901.4905	 134.3306	 0.0000	 0.3346
1951	09	04	895.4565	 133.3548	 0.0000	 0.3346
1951	09	05	888.8962	 132.2999	 0.0000	 0.3346
1951	09	06	882.1219	 131.1932	 0.0000	 0.3346
1951	09	07	875.1232	 130.0713	 0.0000	 0.3346
1951	09	08	870.1670	 129.2572	 0.0000	 0.3346
1951	09	09	864.6697	 128.3715	 0.0000	 0.3346
1951	09	10	861.1996	 127.7994	 0.0000	 0.3346
1951	09	11	859.3041	 127.4703	 0.0211	 0.3346
1951	09	12	855.2841	 126.8176	 0.0000	 0.3346
1951	09	13	850.9092	 126.1033	 0.0000	 0.3346
1951	09	14	845.0173	 125.1571	 0.0000	 0.3346
1951	09	15	838.9144	 124.1801	 0.0000	 0.3346
1951	09	16	832.3300	 123.1311	 0.0000	 0.3346
1951	09	17	824.9931	 121.9690	 0.0000	 0.3346
1951	09	18	818.0854	 120.8724	 0.0000	 0.3346
1951	09	19	814.0155	 120.2106	 0.0000	 0.3346
1951	09	20	809.5746	 119.4905	 0.0000	 0.3346
1951	09	21	803.7219	 118.5578	 0.0000	 0.3346
1951	09	22	797.8626	 117.6244	 0.0000	 0.3346
1951	09	23	792.9654	 116.8454	 0.0000	 0.3346
1951	09	24	791.1210	 116.5666	 0.0000	 0.3346
1951	09	25	792.0414	 116.9365	 0.4927	 0.4920
1951	09	26	792.3838	 116.9672	 0.0333	 0.4920
1951	09	27	793.7050	 117.3018	 0.0982	 0.4139
1951	09	28	795.4504	 117.9017	 0.0803	 0.4139
1951	09	29	794.1535	 117.7137	 0.0000	 0.4139
1951	09	30	791.5393	 117.1761	 0.0000	 0.3346
1951	10	01	788.1821	 116.5878	 0.0000	 0.3346
1951	10	02	784.8829	 116.0157	 0.0182	 0.4139
1951	10	03	784.2812	 115.9536	 0.1177	 0.4139
1951	10	04	783.8894	 115.8169	 0.0411	 0.4139
1951	10	05	783.1222	 115.7513	 0.0108	 0.4139
1951	10	06	781.3914	 115.4259	 0.0157	 0.4139
1951	10	07	779.7271	 115.1171	 0.0512	 0.4139
1951	10	08	778.4361	 114.8825	 0.0000	 0.3346
1951	10	09	776.0681	 114.4622	 0.0000	 0.3346
1951	10	10	774.6253	 114.2346	 0.0000	 0.3346
1951	10	11	772.7024	 113.9194	 0.0000	 0.3346
1951	10	12	771.4573	 113.7072	 0.0402	 0.4877
1951	10	13	773.6087	 114.3478	 0.3030	 0.4920
1951	10	14	785.2675	 119.8288	 1.6721	 0.7450
1951	10	15	800.3697	 127.5299	 2.7152	 1.0000
1951	10	16	808.1364	 131.3823	 3.2866	 1.0000
1951	10	17	818.1235	 136.3308	 3.4056	 1.0000
1951	10	18	849.7838	 149.4919	 3.6682	 1.0000
1951	10	19	888.6048	 163.3146	 3.7100	 1.0000
1951	10	20	902.3590	 166.3606	 3.4462	 1.0000
1951	10	21	903.6483	 165.5428	 3.8712	 1.0000
1951	10	22	940.0634	 179.4242	 3.9068	 1.0000
1951	10	23	960.1685	 186.5608	 4.0259	 1.0000
1951	10	24	960.3730	 185.0249	 4.0441	 1.0000
1951	10	25	960.4624	 183.8179	 4.0497	 1.0000
1951	10	26	960.4687	 182.8714	 4.0651	 1.0000
1951	10	27	960.5132	 181.9982	 4.1149	 1.0000
1951	10	28	966.4776	 183.1169	 3.9393	 1.0000
1951	10	29	967.3677	 182.6745	 4.1232	 1.0000
1951	10	30	967.3219	 181.9952	 4.1299	 1.0000
1951	10	31	967.3113	 181.4512	 4.1284	 1.0000
1951	11	01	967.7772	 181.4917	 3.5970	 1.0000
1951	11	02	974.5537	 185.5252	 3.6122	 1.0000
1951	11	03	1001.6649	 198.9747	 3.6441	 1.0000
1951	11	04	1003.6072	 197.7909	 3.6599	 1.0000
1951	11	05	1003.6097	 196.4488	 3.6587	 1.0000
1951	11	06	1003.7926	 195.2872	 3.6521	 1.0000
1951	11	07	1004.1920	 194.4339	 3.6979	 1.0000
1951	11	08	1005.0490	 193.7460	 3.6992	 1.0000
1951	11	09	1011.6062	 195.1448	 3.6193	 1.0000
1951	11	10	1027.5804	 200.1417	 3.6146	 1.0000
1951	11	11	1051.9504	 209.5073	 3.6305	 1.0000
1951	11	12	1092.3429	 226.7773	 3.6428	 1.0000
1951	11	13	1117.3177	 236.0952	 3.5884	 1.0000
1951	11	14	1126.1698	 237.8015	 3.6082	 1.0000
1951	11	15	1128.5551	 237.3166	 3.6077	 1.0000
1951	11	16	1128.4266	 235.5312	 3.5974	 1.0000
1951	11	17	1128.1997	 233.8961	 3.5628	 1.0000
1951	11	18	1128.0552	 232.4124	 3.5521	 1.0000
1951	11	19	1127.8557	 230.8743	 3.5174	 1.0000
1951	11	20	1128.6040	 230.0616	 3.5475	 1.0000
1951	11	21	1128.9750	 229.1746	 3.5645	 1.0000
1951	11	22	1129.0120	 228.2991	 3.5798	 1.0000
1951	11	23	1129.0544	 227.5371	 3.5946	 1.0000
1951	11	24	1132.0272	 229.0225	 3.5947	 1.0000
1951	11	25	1179.4490	 257.9786	 3.5383	 1.0000
1951	11	26	1217.5476	 271.2264	 3.5480	 1.0000
1951	11	27	1246.5243	 280.6156	 3.4979	 1.0000
1951	11	28	1287.6169	 291.9853	 3.6023	 1.0000
1951	11	29	1333.8038	 305.9316	 3.5216	 1.0000
1951	11	30	1362.5254	 312.6068	 3.4479	 1.0000
1951	12	01	1375.8724	 312.8132	 3.3922	 1.0000
1951	12	02	1391.7587	 315.8977	 3.4325	 1.0000
1951	12	03	1419.6057	 324.8654	 3.3495	 1.0000
1951	12	04	1434.4279	 327.5405	 3.2808	 1.0000
1951	12	05	1438.9926	 325.2448	 3.1286	 1.0000
1951	12	06	1438.9194	 321.8036	 3.0738	 1.0000
1951	12	07	1438.9252	 319.5239	 3.0930	 1.0000
1951	12	08	1438.9517	 317.3264	 3.0990	 1.0000
1951	12	09	1439.3505	 315.6037	 3.1080	 1.0000
1951	12	10	1439.6678	 313.7378	 3.1244	 1.0000
1951	12	11	1439.8726	 311.4482	 3.1348	 1.0000
1951	12	12	1439.9070	 308.9802	 3.1176	 1.0000
1951	12	13	1439.9352	 307.2365	 3.1338	 1.0000
1951	12	14	1441.0895	 306.7841	 3.1333	 1.0000
1951	12	15	1448.2091	 311.1565	 3.1094	 1.0000
1951	12	16	1458.1966	 316.2999	 3.0703	 1.0000
1951	12	17	1482.2243	 329.8010	 3.0427	 1.0000
1951	12	18	1513.0736	 349.6275	 2.8903	 1.0000
1951	12	19	1515.1220	 347.4548	 2.8633	 1.0000
1951	12	20	1524.5736	 355.0562	 2.8481	 1.0000
1951	12	21	1557.1138	 386.2880	 2.8344	 1.0000
1951	12	22	1564.1951	 384.3958	 2.7315	 1.0000
1951	12	23	1564.1724	 379.0561	 2.7489	 1.0000
1951	12	24	1564.1992	 375.1772	 2.7655	 1.0000
1951	12	25	1565.8290	 373.1552	 2.7596	 1.0000
1951	12	26	1582.7902	 388.6339	 2.7355	 1.0000
1951	12	27	1589.6631	 389.5744	 2.7403	 1.0000
1951	12	28	1595.8652	 388.5940	 2.7465	 1.0000
1951	12	29	1616.3201	 397.2452	 2.6204	 1.0000
1951	12	30	1619.0795	 394.6008	 2.6176	 1.0000
1951	12	31	1620.4129	 392.5861	 2.6201	 1.0000
