1949	01	01	6.4561	 6.7651	 1.0508	 1.0000
1949	01	02	7.7762	 8.0517	 1.0425	 1.0000
1949	01	03	8.0304	 8.1887	 0.7626	 1.0000
1949	01	04	12.2940	 12.8157	 1.0813	 1.0000
1949	01	05	27.7919	 25.2585	 1.1091	 1.0000
1949	01	06	48.4466	 34.4039	 1.1192	 1.0000
1949	01	07	54.7134	 35.0669	 1.0338	 1.0000
1949	01	08	54.7118	 33.1800	 1.0087	 1.0000
1949	01	09	54.9755	 32.3715	 0.7309	 1.0000
1949	01	10	54.9583	 31.4342	 0.7384	 1.0000
1949	01	11	54.9310	 30.4806	 0.7534	 1.0000
1949	01	12	54.8856	 29.4483	 0.7727	 1.0000
1949	01	13	55.3058	 28.9440	 0.9346	 1.0000
1949	01	14	57.2982	 29.8120	 1.0915	 1.0000
1949	01	15	58.1191	 29.3337	 1.0931	 1.0000
1949	01	16	59.1992	 29.5911	 1.1177	 1.0000
1949	01	17	60.4335	 29.8517	 1.1130	 1.0000
1949	01	18	61.5655	 30.2983	 1.1199	 1.0000
1949	01	19	61.9072	 30.0377	 1.1276	 1.0000
1949	01	20	62.4687	 30.1672	 1.1247	 1.0000
1949	01	21	62.6169	 29.8003	 1.1029	 1.0000
1949	01	22	62.7456	 29.4564	 0.8970	 1.0000
1949	01	23	62.5973	 28.8823	 0.8817	 1.0000
1949	01	24	62.5873	 28.4880	 0.8750	 1.0000
1949	01	25	63.2003	 29.0115	 1.0378	 1.0000
1949	01	26	64.4586	 30.1821	 1.1512	 1.0000
1949	01	27	64.8757	 30.0098	 1.1717	 1.0000
1949	01	28	65.0683	 29.5646	 0.9781	 1.0000
1949	01	29	64.9667	 28.8147	 0.9866	 1.0000
1949	01	30	64.8884	 28.1804	 0.9983	 1.0000
1949	01	31	64.8225	 27.6899	 1.0064	 1.0000
1949	02	01	64.7222	 27.2091	 1.0162	 1.0000
1949	02	02	65.1159	 27.3251	 1.1057	 1.0000
1949	02	03	66.3852	 28.3914	 1.1975	 1.0000
1949	02	04	66.7729	 28.4528	 1.1625	 1.0000
1949	02	05	79.7534	 42.3221	 1.2543	 1.0000
1949	02	06	100.2167	 58.6925	 1.2591	 1.0000
1949	02	07	117.5084	 64.6745	 1.2740	 1.0000
1949	02	08	127.7677	 64.5747	 1.2865	 1.0000
1949	02	09	171.6576	 82.5966	 1.3110	 1.0000
1949	02	10	214.2481	 100.0618	 1.3089	 1.0000
1949	02	11	225.2831	 101.8571	 1.3134	 1.0000
1949	02	12	225.3966	 96.4757	 1.0989	 1.0000
1949	02	13	243.2833	 111.0533	 1.3197	 1.0000
1949	02	14	267.5047	 123.1594	 1.3307	 1.0000
1949	02	15	363.1106	 154.3725	 1.3573	 1.0000
1949	02	16	486.4046	 182.6574	 1.3759	 1.0000
1949	02	17	531.3156	 184.9766	 1.3874	 1.0000
1949	02	18	538.8587	 179.7705	 1.3825	 1.0000
1949	02	19	548.7423	 181.8082	 1.4014	 1.0000
1949	02	20	567.9448	 192.0442	 1.4094	 1.0000
1949	02	21	615.9272	 217.2730	 1.4387	 1.0000
1949	02	22	650.8902	 218.3480	 1.4596	 1.0000
1949	02	23	658.6942	 208.3459	 1.4714	 1.0000
1949	02	24	658.7743	 198.7591	 1.2688	 1.0000
1949	02	25	658.6459	 191.8582	 1.2721	 1.0000
1949	02	26	658.3732	 186.3921	 1.2197	 1.0000
1949	02	27	658.0995	 182.0854	 1.1850	 1.0000
1949	02	28	657.9212	 178.4796	 1.0290	 1.0000
1949	03	01	657.6601	 175.3038	 1.0157	 1.0000
1949	03	02	657.3114	 172.3665	 1.0155	 1.0000
1949	03	03	657.0122	 169.6057	 1.0144	 1.0000
1949	03	04	656.9338	 167.1597	 1.0170	 1.0000
1949	03	05	656.7827	 164.8138	 1.0193	 1.0000
1949	03	06	657.1324	 163.2711	 1.1518	 1.0000
1949	03	07	662.7871	 164.3563	 2.0915	 1.0000
1949	03	08	667.2144	 165.3775	 2.2688	 1.0000
1949	03	09	667.1335	 164.0963	 2.0211	 1.0000
1949	03	10	666.7188	 162.7664	 1.9256	 1.0000
1949	03	11	670.5611	 163.8275	 2.3725	 1.0000
1949	03	12	687.9654	 170.9284	 2.8726	 1.0000
1949	03	13	695.0779	 173.6574	 2.8549	 1.0000
1949	03	14	701.7257	 176.0857	 2.7812	 1.0000
1949	03	15	708.2862	 178.1917	 2.7564	 1.0000
1949	03	16	713.9181	 178.7095	 2.8806	 1.0000
1949	03	17	718.3903	 178.7708	 3.0078	 1.0000
1949	03	18	730.3384	 182.3249	 3.1194	 1.0000
1949	03	19	744.4758	 185.9084	 3.6594	 1.0000
1949	03	20	761.9752	 191.4798	 3.5924	 1.0000
1949	03	21	767.9863	 192.3121	 3.5517	 1.0000
1949	03	22	767.8662	 190.0835	 3.3977	 1.0000
1949	03	23	767.6497	 188.0241	 3.3114	 1.0000
1949	03	24	771.2002	 188.0931	 3.5883	 1.0000
1949	03	25	775.1860	 187.9787	 3.5778	 1.0000
1949	03	26	789.0161	 194.2182	 3.5604	 1.0000
1949	03	27	795.6915	 197.0038	 3.3517	 1.0000
1949	03	28	796.0965	 195.3849	 3.2758	 1.0000
1949	03	29	797.3092	 194.0705	 3.2668	 1.0000
1949	03	30	797.6700	 192.3613	 3.1608	 1.0000
1949	03	31	797.5746	 190.6349	 3.1099	 1.0000
1949	04	01	798.0262	 189.2899	 3.2231	 1.0000
1949	04	02	797.8964	 187.7552	 3.0509	 1.0000
1949	04	03	797.8694	 186.3608	 2.9767	 1.0000
1949	04	04	800.9125	 185.9276	 2.1929	 1.0000
1949	04	05	802.2455	 184.5865	 0.9344	 1.0000
1949	04	06	802.1046	 183.2107	 0.6936	 1.0000
1949	04	07	801.3749	 181.6145	 0.1593	 1.0000
1949	04	08	800.0164	 179.9965	 0.1513	 1.0000
1949	04	09	798.5589	 178.4480	 0.1193	 1.0000
1949	04	10	801.8389	 178.4622	 0.2803	 1.0000
1949	04	11	802.3843	 177.4751	 0.6465	 1.0000
1949	04	12	802.0841	 176.3456	 0.0065	 1.0000
1949	04	13	800.9662	 175.1270	 0.0029	 1.0000
1949	04	14	799.1666	 173.8529	 0.0000	 1.0000
1949	04	15	795.3142	 172.1204	 0.0000	 1.0000
1949	04	16	788.4160	 169.7415	 0.0000	 1.0000
1949	04	17	783.6619	 167.8770	 0.0073	 1.0000
1949	04	18	777.8272	 165.8222	 0.0111	 1.0000
1949	04	19	784.1831	 167.4596	 1.5208	 1.0000
1949	04	20	795.8715	 172.0287	 2.0904	 1.0000
1949	04	21	799.4108	 173.1426	 2.4834	 1.0000
1949	04	22	806.7944	 175.8699	 2.6002	 1.0000
1949	04	23	821.5171	 181.2652	 2.3338	 1.0000
1949	04	24	827.9598	 182.6476	 1.9753	 1.0000
1949	04	25	827.2257	 181.4017	 1.1533	 1.0000
1949	04	26	823.7754	 179.5780	 0.4974	 1.0000
1949	04	27	816.0515	 176.9327	 0.1140	 1.0000
1949	04	28	813.3637	 175.4767	 0.4885	 1.0000
1949	04	29	815.2352	 175.3963	 1.0031	 1.0000
1949	04	30	818.9682	 176.2946	 1.6389	 1.0000
1949	05	01	829.9124	 180.0975	 2.8633	 1.0000
1949	05	02	841.1263	 184.1137	 3.8647	 1.0000
1949	05	03	844.1219	 184.7817	 3.9550	 1.0000
1949	05	04	844.4898	 184.0561	 3.4009	 1.0000
1949	05	05	844.2658	 183.0240	 0.9760	 1.0000
1949	05	06	834.6997	 179.8933	 0.0000	 1.0000
1949	05	07	814.0126	 174.4281	 0.0000	 1.0000
1949	05	08	791.6308	 168.7250	 0.0000	 1.0000
1949	05	09	768.7458	 163.0448	 0.0000	 1.0000
1949	05	10	741.6524	 156.5662	 0.0000	 1.0000
1949	05	11	711.6243	 149.5806	 0.0000	 1.0000
1949	05	12	678.9384	 142.1405	 0.0000	 1.0000
1949	05	13	647.6155	 135.0828	 0.0000	 1.0000
1949	05	14	613.7651	 127.5837	 0.0000	 1.0000
1949	05	15	579.6685	 120.1047	 0.0000	 1.0000
1949	05	16	559.7153	 115.6363	 0.0138	 1.0000
1949	05	17	550.4513	 113.4223	 0.1149	 1.0000
1949	05	18	541.7251	 111.3393	 0.0057	 1.0000
1949	05	19	526.1010	 107.8528	 0.0820	 0.9848
1949	05	20	520.3859	 106.4349	 0.0233	 0.9848
1949	05	21	504.1949	 102.8621	 0.0000	 0.9508
1949	05	22	488.9289	 99.4976	 0.0000	 0.9508
1949	05	23	472.0799	 95.8366	 0.0000	 0.9508
1949	05	24	454.9251	 92.1398	 0.0000	 0.9508
1949	05	25	430.1591	 86.9263	 0.0000	 0.9365
1949	05	26	416.0003	 83.9010	 0.0000	 0.9365
1949	05	27	396.6879	 79.8723	 0.0203	 0.9046
1949	05	28	387.2389	 77.8642	 0.4016	 0.9046
1949	05	29	383.8915	 77.1020	 0.0023	 0.9046
1949	05	30	369.6212	 74.0917	 0.0000	 0.9046
1949	05	31	360.5437	 72.1475	 0.0477	 0.9046
1949	06	01	353.3368	 70.5821	 0.0233	 0.9046
1949	06	02	347.5568	 69.3040	 0.0005	 0.9046
1949	06	03	336.3508	 66.9474	 0.0000	 0.9046
1949	06	04	316.2454	 62.8104	 0.0000	 0.7988
1949	06	05	298.4403	 59.1489	 0.0000	 0.6469
1949	06	06	275.8825	 54.5749	 0.0000	 0.6469
1949	06	07	261.1989	 51.5709	 0.0000	 0.6469
1949	06	08	253.4278	 50.1109	 0.0000	 0.6469
1949	06	09	237.4335	 46.8666	 0.0000	 0.6469
1949	06	10	225.7836	 44.4845	 0.0013	 0.6469
1949	06	11	216.5535	 42.5818	 0.0000	 0.6469
1949	06	12	207.0033	 40.6208	 0.0000	 0.6469
1949	06	13	197.2292	 38.6225	 0.0000	 0.6324
1949	06	14	187.0201	 36.5597	 0.0000	 0.6000
1949	06	15	178.6399	 34.9335	 0.0377	 0.6469
1949	06	16	176.9059	 34.6622	 0.2690	 0.6938
1949	06	17	174.6500	 34.2112	 0.2287	 0.5817
1949	06	18	170.2741	 33.3324	 0.0000	 0.4022
1949	06	19	164.1949	 32.0998	 0.0000	 0.4022
1949	06	20	155.9631	 30.4479	 0.0000	 0.4022
1949	06	21	150.5065	 29.3515	 0.0000	 0.4022
1949	06	22	146.3223	 28.5143	 0.0000	 0.4022
1949	06	23	142.1082	 27.6779	 0.0000	 0.4022
1949	06	24	138.5484	 26.9532	 0.0369	 0.4022
1949	06	25	137.8658	 26.8474	 0.1937	 0.4491
1949	06	26	137.1536	 26.7341	 0.0748	 0.4022
1949	06	27	136.1206	 26.6862	 0.1783	 0.4960
1949	06	28	134.8733	 26.4725	 0.1380	 0.4960
1949	06	29	134.2351	 26.3288	 0.0237	 0.4022
1949	06	30	132.6941	 25.9979	 0.0028	 0.4022
1949	07	01	127.8703	 25.0156	 0.0000	 0.4022
1949	07	02	123.5150	 24.1269	 0.0000	 0.4022
1949	07	03	117.0619	 22.8244	 0.0000	 0.4022
1949	07	04	110.7007	 21.5417	 0.0000	 0.4022
1949	07	05	104.3285	 20.2587	 0.0000	 0.4022
1949	07	06	97.8390	 18.9564	 0.0000	 0.4022
1949	07	07	91.5880	 17.7018	 0.0000	 0.4022
1949	07	08	82.2535	 15.8395	 0.0000	 0.4022
1949	07	09	74.7065	 14.3545	 0.0000	 0.2011
1949	07	10	69.7847	 13.3984	 0.0000	 0.2011
1949	07	11	64.7594	 12.4246	 0.0000	 0.2011
1949	07	12	60.1015	 11.5232	 0.0000	 0.2011
1949	07	13	54.5576	 10.4538	 0.0000	 0.2011
1949	07	14	48.6835	 9.3229	 0.0000	 0.2011
1949	07	15	42.9401	 8.2183	 0.0000	 0.2011
1949	07	16	40.8924	 7.8441	 0.0464	 0.2480
1949	07	17	38.9490	 7.4777	 0.0385	 0.2480
1949	07	18	35.4928	 6.8819	 0.0000	 0.2011
1949	07	19	33.5361	 6.5279	 0.0000	 0.2011
1949	07	20	31.7760	 6.1825	 0.0090	 0.2011
1949	07	21	27.6103	 5.3711	 0.0000	 0.2011
1949	07	22	25.0513	 4.8881	 0.0000	 0.2011
1949	07	23	22.9710	 4.5373	 0.0142	 0.2480
1949	07	24	21.0378	 4.1762	 0.0000	 0.2011
1949	07	25	19.2451	 3.8440	 0.0000	 0.2011
1949	07	26	17.7505	 3.5546	 0.0735	 0.2480
1949	07	27	16.3758	 3.2964	 0.0052	 0.2011
1949	07	28	13.5048	 2.7156	 0.0000	 0.2011
1949	07	29	9.6616	 1.9362	 0.0000	 0.2011
1949	07	30	4.8943	 0.9710	 0.0000	 0.0871
1949	07	31	2.8019	 0.5575	 0.0000	 0.0871
1949	08	01	0.6336	 0.1261	 0.0000	 0.0871
1949	08	02	0.0000	 0.0000	 0.0000	 0.0000
1949	08	03	0.0000	 0.0000	 0.0000	 0.0000
1949	08	04	0.0000	 0.0000	 0.0000	 0.0000
1949	08	05	0.0000	 0.0000	 0.0000	 0.0000
1949	08	06	0.0000	 0.0000	 0.0000	 0.0000
1949	08	07	0.0000	 0.0000	 0.0000	 0.0000
1949	08	08	0.0527	 0.0361	 0.0201	 0.2480
1949	08	09	0.0000	 0.0000	 0.0000	 0.0000
1949	08	10	0.0000	 0.0000	 0.0000	 0.0000
1949	08	11	0.0000	 0.0000	 0.0000	 0.0000
1949	08	12	0.0070	 0.0048	 0.0412	 0.0469
1949	08	13	0.0010	 0.0008	 0.1576	 0.0469
1949	08	14	0.0000	 0.0000	 0.0028	 0.0000
1949	08	15	0.0000	 0.0000	 0.0000	 0.0000
1949	08	16	0.0000	 0.0000	 0.0000	 0.0000
1949	08	17	0.0000	 0.0000	 0.0000	 0.0000
1949	08	18	0.0000	 0.0000	 0.0000	 0.0000
1949	08	19	0.0000	 0.0000	 0.0000	 0.0000
1949	08	20	0.0000	 0.0000	 0.0000	 0.0000
1949	08	21	0.0000	 0.0000	 0.0000	 0.0000
1949	08	22	0.0000	 0.0000	 0.0000	 0.0000
1949	08	23	0.0000	 0.0000	 0.0000	 0.0000
1949	08	24	0.0000	 0.0000	 0.0000	 0.0000
1949	08	25	0.0049	 0.0033	 0.0346	 0.0469
1949	08	26	0.0000	 0.0000	 0.0000	 0.0000
1949	08	27	0.0000	 0.0000	 0.0000	 0.0000
1949	08	28	0.0000	 0.0000	 0.0000	 0.0000
1949	08	29	0.0000	 0.0000	 0.0000	 0.0000
1949	08	30	0.0000	 0.0000	 0.0000	 0.0000
1949	08	31	0.0000	 0.0000	 0.0000	 0.0000
1949	09	01	0.0000	 0.0000	 0.0000	 0.0000
1949	09	02	0.0000	 0.0000	 0.0000	 0.0000
1949	09	03	0.0000	 0.0000	 0.0000	 0.0000
1949	09	04	0.0000	 0.0000	 0.0000	 0.0000
1949	09	05	0.0000	 0.0000	 0.0000	 0.0000
1949	09	06	0.0000	 0.0000	 0.0000	 0.0000
1949	09	07	0.0000	 0.0000	 0.0000	 0.0000
1949	09	08	0.0000	 0.0000	 0.0000	 0.0000
1949	09	09	0.0000	 0.0000	 0.0000	 0.0000
1949	09	10	0.0014	 0.0011	 0.0604	 0.0469
1949	09	11	0.0000	 0.0000	 0.0521	 0.0000
1949	09	12	0.0000	 0.0000	 0.0000	 0.0000
1949	09	13	0.0004	 0.0003	 0.0711	 0.0469
1949	09	14	0.0000	 0.0000	 0.0000	 0.0000
1949	09	15	4.8846	 2.5809	 1.9840	 0.7400
1949	09	16	10.4647	 5.3029	 1.0224	 0.6938
1949	09	17	12.5320	 5.8520	 1.1588	 0.5422
1949	09	18	15.5506	 6.8443	 0.8172	 0.4960
1949	09	19	17.1396	 7.6058	 0.8910	 0.7400
1949	09	20	16.2678	 6.8536	 0.5787	 0.4960
1949	09	21	13.4852	 5.2773	 0.0000	 0.4815
1949	09	22	10.5886	 4.0424	 0.0000	 0.2480
1949	09	23	7.1309	 2.6795	 0.0000	 0.2480
1949	09	24	4.1543	 1.5454	 0.0000	 0.2011
1949	09	25	1.7388	 0.6429	 0.0000	 0.2011
1949	09	26	0.0000	 0.0000	 0.0000	 0.0000
1949	09	27	0.0000	 0.0000	 0.0000	 0.0000
1949	09	28	0.0000	 0.0000	 0.0000	 0.0000
1949	09	29	0.0000	 0.0000	 0.0000	 0.0000
1949	09	30	0.0008	 0.0006	 0.0284	 0.0469
1949	10	01	0.0000	 0.0000	 0.0099	 0.0000
1949	10	02	0.0000	 0.0000	 0.0000	 0.0000
1949	10	03	0.1987	 0.1347	 0.2456	 0.2949
1949	10	04	2.4898	 1.4376	 0.7514	 0.5422
1949	10	05	6.9552	 3.9845	 2.3096	 1.0000
1949	10	06	9.1099	 5.1388	 2.6722	 0.9508
1949	10	07	9.2304	 5.0857	 2.6216	 0.8595
1949	10	08	16.9262	 9.7462	 3.3528	 1.0000
1949	10	09	28.6083	 14.5392	 4.2321	 1.0000
1949	10	10	39.6922	 18.2966	 4.1257	 1.0000
1949	10	11	46.9322	 20.3911	 4.2681	 1.0000
1949	10	12	49.0501	 20.5916	 4.6563	 1.0000
1949	10	13	49.2622	 20.2103	 4.7258	 1.0000
1949	10	14	56.2375	 23.5009	 4.7875	 1.0000
1949	10	15	60.0729	 24.5075	 5.1834	 1.0000
1949	10	16	60.4141	 24.0373	 5.1870	 1.0000
1949	10	17	60.3622	 23.5371	 5.1564	 1.0000
1949	10	18	60.2192	 23.0469	 5.0516	 1.0000
1949	10	19	60.0075	 22.6197	 4.9540	 1.0000
1949	10	20	59.8587	 22.2496	 4.9402	 1.0000
1949	10	21	59.5148	 21.7831	 4.8649	 1.0000
1949	10	22	59.1650	 21.3361	 4.8559	 1.0000
1949	10	23	58.7783	 20.8730	 4.8499	 0.9508
1949	10	24	58.4034	 20.4331	 4.7065	 0.9508
1949	10	25	58.4352	 20.1879	 4.7061	 0.9508
1949	10	26	61.4661	 21.1696	 4.2160	 0.9508
1949	10	27	83.6742	 29.4293	 4.3188	 1.0000
1949	10	28	99.7342	 34.7574	 4.2692	 1.0000
1949	10	29	100.0932	 34.2644	 4.4042	 1.0000
1949	10	30	100.0461	 33.6811	 4.4004	 1.0000
1949	10	31	99.8822	 33.0808	 4.3713	 1.0000
1949	11	01	100.0208	 32.6927	 4.0393	 0.9508
1949	11	02	99.8115	 32.1160	 3.8898	 0.9508
1949	11	03	99.4841	 31.5386	 3.7435	 0.9508
1949	11	04	99.1513	 31.0029	 3.6702	 0.9508
1949	11	05	98.5217	 30.3842	 3.4320	 0.9508
1949	11	06	97.3763	 29.6613	 3.3911	 0.9508
1949	11	07	97.3220	 29.4177	 3.4959	 0.9508
1949	11	08	103.0249	 31.7318	 3.8305	 0.9508
1949	11	09	106.3515	 33.1785	 3.9718	 1.0000
1949	11	10	124.6077	 42.0987	 4.1955	 1.0000
1949	11	11	185.3675	 68.1466	 4.3291	 1.0000
1949	11	12	226.0337	 83.1647	 4.3423	 1.0000
1949	11	13	252.4949	 89.5711	 4.2873	 1.0000
1949	11	14	266.0995	 89.9821	 4.3994	 1.0000
1949	11	15	267.1009	 86.8806	 4.5094	 1.0000
1949	11	16	267.6337	 84.2939	 4.5533	 1.0000
1949	11	17	269.1887	 82.6270	 4.6272	 1.0000
1949	11	18	272.1266	 81.8504	 4.6384	 1.0000
1949	11	19	273.1396	 80.5407	 4.6354	 1.0000
1949	11	20	273.1789	 79.3129	 4.6181	 1.0000
1949	11	21	275.4281	 79.4785	 4.6457	 1.0000
1949	11	22	303.9859	 91.8737	 4.5673	 1.0000
1949	11	23	341.9450	 103.7066	 4.4715	 1.0000
1949	11	24	374.9558	 111.3539	 4.6064	 1.0000
1949	11	25	423.4048	 124.5575	 4.4625	 1.0000
1949	11	26	489.9882	 142.6823	 4.4822	 1.0000
1949	11	27	528.2791	 151.1101	 4.4424	 1.0000
1949	11	28	546.9001	 153.3691	 4.6420	 1.0000
1949	11	29	563.6459	 156.4270	 4.7143	 1.0000
1949	11	30	592.4070	 164.5399	 4.6257	 1.0000
1949	12	01	633.1572	 178.9505	 4.3593	 1.0000
1949	12	02	651.5899	 183.7998	 4.2168	 1.0000
1949	12	03	659.8353	 185.3651	 4.2357	 1.0000
1949	12	04	663.3072	 183.5184	 4.1899	 1.0000
1949	12	05	667.5546	 182.8145	 4.1174	 1.0000
1949	12	06	669.0691	 181.0479	 4.1231	 1.0000
1949	12	07	670.6618	 179.7453	 4.1120	 1.0000
1949	12	08	673.3121	 179.8157	 4.1164	 1.0000
1949	12	09	674.9079	 178.9812	 4.0475	 1.0000
1949	12	10	676.2241	 178.4817	 4.0479	 1.0000
1949	12	11	677.2141	 178.0911	 4.0567	 1.0000
1949	12	12	677.4728	 176.7539	 4.0545	 1.0000
1949	12	13	681.5354	 178.4524	 4.0515	 1.0000
1949	12	14	693.3861	 184.9911	 4.0208	 1.0000
1949	12	15	699.6577	 186.9293	 3.9831	 1.0000
1949	12	16	703.3714	 187.1324	 3.9709	 1.0000
1949	12	17	709.5449	 189.7010	 3.8409	 1.0000
1949	12	18	711.4820	 189.7074	 3.7884	 1.0000
1949	12	19	711.6789	 188.5704	 3.7890	 1.0000
1949	12	20	716.8118	 193.8768	 3.7799	 1.0000
1949	12	21	730.2610	 205.1800	 3.8029	 1.0000
1949	12	22	749.1322	 212.8559	 3.7603	 1.0000
1949	12	23	770.7640	 220.5822	 3.6616	 1.0000
1949	12	24	788.3921	 229.8734	 3.5627	 1.0000
1949	12	25	815.0059	 244.8453	 3.5375	 1.0000
1949	12	26	875.7070	 268.0173	 3.4583	 1.0000
1949	12	27	942.0996	 286.8984	 3.3572	 1.0000
1949	12	28	973.7035	 286.1240	 3.2995	 1.0000
1949	12	29	986.7425	 280.4537	 3.1885	 1.0000
1949	12	30	998.0715	 280.9638	 3.1913	 1.0000
1949	12	31	1003.3869	 280.1244	 3.1400	 1.0000
1950	01	01	1004.9939	 277.5280	 3.0103	 1.0000
1950	01	02	1005.0538	 274.8245	 2.9367	 1.0000
1950	01	03	1006.8938	 275.4315	 3.0195	 1.0000
1950	01	04	1009.5167	 277.0542	 3.0432	 1.0000
1950	01	05	1028.8792	 298.3514	 3.0533	 1.0000
1950	01	06	1044.8024	 309.0088	 3.0543	 1.0000
1950	01	07	1048.8945	 303.4516	 3.0249	 1.0000
1950	01	08	1053.2134	 299.4637	 3.0388	 1.0000
1950	01	09	1065.7727	 305.0602	 3.0360	 1.0000
1950	01	10	1073.9688	 304.4920	 2.9603	 1.0000
1950	01	11	1076.8536	 300.1903	 2.9315	 1.0000
1950	01	12	1079.0389	 298.4464	 2.8565	 1.0000
1950	01	13	1081.3476	 298.9454	 2.8659	 1.0000
1950	01	14	1082.9685	 299.1265	 2.8750	 1.0000
1950	01	15	1084.0568	 298.5652	 2.8815	 1.0000
1950	01	16	1084.7569	 297.0805	 2.8892	 1.0000
1950	01	17	1084.8990	 294.7938	 2.8839	 1.0000
1950	01	18	1099.1141	 311.2086	 2.8917	 1.0000
1950	01	19	1147.4583	 364.4549	 2.9027	 1.0000
1950	01	20	1199.8737	 389.5723	 2.8995	 1.0000
1950	01	21	1240.8436	 383.0786	 2.8924	 1.0000
1950	01	22	1261.0277	 367.1275	 2.8156	 1.0000
1950	01	23	1270.5821	 360.3970	 2.7338	 1.0000
1950	01	24	1273.0870	 357.3522	 2.6172	 1.0000
1950	01	25	1276.6944	 358.5178	 2.6462	 1.0000
1950	01	26	1281.2433	 360.4339	 2.6214	 1.0000
1950	01	27	1282.4380	 357.8190	 2.6286	 1.0000
1950	01	28	1282.5091	 354.1488	 2.5572	 1.0000
1950	01	29	1282.4983	 351.0115	 2.5604	 1.0000
1950	01	30	1282.4573	 348.0486	 2.5556	 1.0000
1950	01	31	1282.4483	 345.2877	 2.5592	 1.0000
1950	02	01	1282.4589	 342.6305	 2.5464	 1.0000
1950	02	02	1282.9917	 340.3217	 2.5648	 1.0000
1950	02	03	1288.2791	 343.7827	 2.6043	 1.0000
1950	02	04	1295.6052	 346.8690	 2.5733	 1.0000
1950	02	05	1311.4618	 354.6373	 2.5996	 1.0000
1950	02	06	1323.2886	 353.1848	 2.5894	 1.0000
1950	02	07	1338.8907	 351.7257	 2.5483	 1.0000
1950	02	08	1355.1591	 352.6890	 2.5014	 1.0000
1950	02	09	1366.7706	 352.7014	 2.4912	 1.0000
1950	02	10	1372.4021	 350.3442	 2.4889	 1.0000
1950	02	11	1377.5989	 347.2635	 2.4744	 1.0000
1950	02	12	1400.8749	 354.4445	 2.4951	 1.0000
1950	02	13	1411.1401	 352.7987	 2.4873	 1.0000
1950	02	14	1420.1553	 350.5415	 2.4897	 1.0000
1950	02	15	1437.0724	 352.6684	 2.4808	 1.0000
1950	02	16	1444.9029	 350.8632	 2.4880	 1.0000
1950	02	17	1445.8105	 346.3913	 2.4860	 1.0000
1950	02	18	1449.3820	 343.6431	 2.4616	 1.0000
1950	02	19	1452.0733	 341.1127	 2.4960	 1.0000
1950	02	20	1454.6689	 339.2850	 2.4985	 1.0000
1950	02	21	1467.6090	 343.3626	 2.4938	 1.0000
1950	02	22	1481.4592	 347.6875	 2.4868	 1.0000
1950	02	23	1527.0208	 365.1713	 2.9267	 1.0000
1950	02	24	1564.5642	 381.9689	 2.8474	 1.0000
1950	02	25	1609.2252	 398.6648	 2.8043	 1.0000
1950	02	26	1632.6670	 401.0813	 2.7376	 1.0000
1950	02	27	1635.4277	 395.5557	 2.6739	 1.0000
1950	02	28	1635.5013	 390.1770	 2.5446	 1.0000
1950	03	01	1637.2922	 386.3103	 2.6442	 1.0000
1950	03	02	1649.5831	 386.5317	 3.3823	 1.0000
1950	03	03	1706.1460	 404.1439	 3.5682	 1.0000
1950	03	04	1746.3737	 411.2869	 3.7280	 1.0000
1950	03	05	1759.6889	 409.6056	 3.7277	 1.0000
1950	03	06	1763.0110	 404.9091	 3.5948	 1.0000
1950	03	07	1764.6921	 401.1162	 3.6340	 1.0000
1950	03	08	1771.0823	 400.1339	 3.6166	 1.0000
1950	03	09	1777.7337	 400.1296	 3.5591	 1.0000
1950	03	10	1779.4356	 397.5979	 3.5750	 1.0000
1950	03	11	1779.4133	 394.6493	 3.5036	 1.0000
1950	03	12	1780.2499	 392.8724	 3.4895	 1.0000
1950	03	13	1780.7277	 390.7095	 3.4938	 1.0000
1950	03	14	1785.4943	 390.2409	 3.5864	 1.0000
1950	03	15	1796.6525	 392.2168	 3.5490	 1.0000
1950	03	16	1828.8169	 402.6440	 3.4925	 1.0000
1950	03	17	1849.1660	 408.6434	 3.3336	 1.0000
1950	03	18	1887.5538	 423.4889	 3.3653	 1.0000
1950	03	19	1913.7853	 434.6462	 3.2459	 1.0000
1950	03	20	1927.9703	 438.8467	 3.2260	 1.0000
1950	03	21	1935.0694	 436.6868	 3.3507	 1.0000
1950	03	22	1944.0338	 435.1376	 3.4190	 1.0000
1950	03	23	1949.5385	 433.6864	 3.3580	 1.0000
1950	03	24	1950.0066	 429.6425	 3.3281	 1.0000
1950	03	25	1950.1769	 425.8092	 3.3045	 1.0000
1950	03	26	1960.7027	 426.6203	 3.4680	 1.0000
1950	03	27	1972.0708	 428.6184	 3.3481	 1.0000
1950	03	28	1976.1891	 427.8685	 3.1449	 1.0000
1950	03	29	1986.3552	 431.2849	 3.0947	 1.0000
1950	03	30	1990.6752	 430.0423	 3.3776	 1.0000
1950	03	31	2011.8726	 436.6343	 3.2873	 1.0000
1950	04	01	2033.0943	 441.5483	 3.4231	 1.0000
1950	04	02	2042.3536	 441.7807	 3.4395	 1.0000
1950	04	03	2043.9254	 439.0703	 3.3096	 1.0000
1950	04	04	2043.7647	 435.7931	 3.2178	 1.0000
1950	04	05	2044.0683	 432.2323	 2.8355	 1.0000
1950	04	06	2044.9877	 429.1277	 2.8092	 1.0000
1950	04	07	2045.9592	 427.0100	 2.8046	 1.0000
1950	04	08	2046.3516	 424.4402	 2.8211	 1.0000
1950	04	09	2046.1024	 421.5485	 2.6276	 1.0000
1950	04	10	2046.0939	 419.0573	 2.5852	 1.0000
1950	04	11	2055.2080	 419.4421	 2.7870	 1.0000
1950	04	12	2063.2092	 419.2598	 2.6545	 1.0000
1950	04	13	2064.6364	 417.7822	 2.8624	 1.0000
1950	04	14	2077.9067	 420.0570	 3.3378	 1.0000
1950	04	15	2100.7734	 426.0463	 3.9791	 1.0000
1950	04	16	2120.1505	 432.4910	 3.9655	 1.0000
1950	04	17	2124.7917	 432.4364	 4.0860	 1.0000
1950	04	18	2124.9173	 430.2166	 3.7607	 1.0000
1950	04	19	2127.0580	 427.8941	 1.0763	 1.0000
1950	04	20	2129.8930	 425.9310	 0.5971	 1.0000
1950	04	21	2134.1206	 425.2190	 1.0463	 1.0000
1950	04	22	2143.1352	 427.2124	 2.2136	 1.0000
1950	04	23	2146.8237	 427.6719	 2.1133	 1.0000
1950	04	24	2148.2463	 426.7474	 2.4297	 1.0000
1950	04	25	2148.6203	 425.0090	 2.3920	 1.0000
1950	04	26	2151.8114	 424.9684	 2.9173	 1.0000
1950	04	27	2153.9385	 423.8557	 2.7407	 1.0000
1950	04	28	2154.1978	 422.0207	 1.9619	 1.0000
1950	04	29	2155.3124	 420.4606	 0.8655	 1.0000
1950	04	30	2159.3925	 419.8730	 0.7341	 1.0000
1950	05	01	2164.2469	 418.9301	 0.3946	 1.0000
1950	05	02	2165.4939	 417.4481	 0.7870	 1.0000
1950	05	03	2169.2099	 417.0611	 1.2133	 1.0000
1950	05	04	2173.9819	 416.8106	 1.1441	 1.0000
1950	05	05	2174.7703	 415.9757	 1.4433	 1.0000
1950	05	06	2174.7443	 414.6497	 0.8685	 1.0000
1950	05	07	2174.8982	 413.3380	 0.3454	 1.0000
1950	05	08	2174.7770	 411.7572	 0.0000	 1.0000
1950	05	09	2174.5074	 410.1589	 0.0000	 1.0000
1950	05	10	2173.5985	 408.4611	 0.0000	 1.0000
1950	05	11	2171.7773	 406.6771	 0.0000	 1.0000
1950	05	12	2162.3715	 403.5404	 0.0000	 1.0000
1950	05	13	2154.2140	 400.7303	 0.0000	 1.0000
1950	05	14	2144.0401	 397.6254	 0.0000	 1.0000
1950	05	15	2134.0312	 394.6215	 0.0000	 1.0000
1950	05	16	2133.4079	 393.6186	 0.3320	 1.0000
1950	05	17	2132.5200	 392.6045	 0.6053	 1.0000
1950	05	18	2135.2503	 392.7411	 1.6122	 1.0000
1950	05	19	2136.7882	 392.2632	 0.5059	 1.0000
1950	05	20	2134.4929	 390.9227	 0.2128	 1.0000
1950	05	21	2129.5031	 388.9934	 0.1590	 1.0000
1950	05	22	2124.3009	 387.0971	 0.0227	 1.0000
1950	05	23	2120.7609	 385.6577	 0.0000	 1.0000
1950	05	24	2112.1977	 383.2646	 0.0000	 1.0000
1950	05	25	2099.3917	 380.0850	 0.0000	 1.0000
1950	05	26	2089.1037	 377.3966	 0.0182	 1.0000
1950	05	27	2077.0121	 374.3663	 0.3265	 1.0000
1950	05	28	2077.3300	 373.8816	 0.3456	 1.0000
1950	05	29	2075.2970	 372.8575	 0.4915	 1.0000
1950	05	30	2073.4265	 371.8423	 0.0311	 1.0000
1950	05	31	2063.3521	 369.3526	 0.0000	 1.0000
1950	06	01	2046.4115	 365.5958	 0.0000	 1.0000
1950	06	02	2028.8874	 361.7771	 0.0000	 1.0000
1950	06	03	2006.0889	 357.0432	 0.0000	 1.0000
1950	06	04	1988.5675	 353.2802	 0.0072	 1.0000
1950	06	05	1977.9677	 350.7872	 0.1848	 1.0000
1950	06	06	1976.3371	 350.0114	 0.2622	 1.0000
1950	06	07	1972.7527	 348.8810	 0.3121	 1.0000
1950	06	08	1966.3338	 347.2043	 0.1135	 1.0000
1950	06	09	1953.8162	 344.4620	 0.0000	 1.0000
1950	06	10	1940.2646	 341.5320	 0.0028	 1.0000
1950	06	11	1920.5319	 337.5211	 0.0000	 1.0000
1950	06	12	1895.0682	 332.5073	 0.0000	 1.0000
1950	06	13	1873.1545	 328.1620	 0.0000	 1.0000
1950	06	14	1854.5708	 324.4388	 0.0302	 1.0000
1950	06	15	1833.4727	 320.2920	 0.0040	 1.0000
1950	06	16	1805.3994	 314.9461	 0.0000	 1.0000
1950	06	17	1774.7685	 309.1782	 0.0000	 1.0000
1950	06	18	1750.0288	 304.4636	 0.0000	 1.0000
1950	06	19	1722.0814	 299.2166	 0.0000	 1.0000
1950	06	20	1685.3007	 292.4556	 0.0000	 1.0000
1950	06	21	1656.8547	 287.1543	 0.0000	 1.0000
1950	06	22	1643.9364	 284.7126	 0.5112	 1.0000
1950	06	23	1638.8842	 283.7537	 0.2454	 1.0000
1950	06	24	1625.3413	 281.0841	 0.0902	 1.0000
1950	06	25	1613.3853	 278.7131	 0.0546	 1.0000
1950	06	26	1592.8379	 274.8551	 0.0000	 1.0000
1950	06	27	1562.7488	 269.3534	 0.0000	 1.0000
1950	06	28	1527.2479	 262.9369	 0.0000	 1.0000
1950	06	29	1492.6623	 256.6948	 0.0000	 0.9848
1950	06	30	1459.9605	 250.7964	 0.0000	 0.9508
1950	07	01	1430.1976	 245.4272	 0.0000	 0.9508
1950	07	02	1401.1858	 240.2030	 0.0000	 0.9508
1950	07	03	1368.7091	 234.4015	 0.0000	 0.9508
1950	07	04	1334.2276	 228.2720	 0.0000	 0.9508
1950	07	05	1301.7638	 222.4995	 0.0000	 0.9508
1950	07	06	1269.2185	 216.7263	 0.0000	 0.9508
1950	07	07	1244.6921	 212.3412	 0.0000	 0.9508
1950	07	08	1221.4432	 208.2098	 0.0000	 0.9508
1950	07	09	1199.9580	 204.3689	 0.0000	 0.9508
1950	07	10	1181.7427	 201.0932	 0.0000	 0.9508
1950	07	11	1162.8320	 197.7057	 0.0054	 0.9508
1950	07	12	1136.6998	 193.0920	 0.0000	 0.9508
1950	07	13	1098.7412	 186.4821	 0.0000	 0.9365
1950	07	14	1067.6356	 181.0408	 0.0000	 0.9046
1950	07	15	1042.8411	 176.6899	 0.0000	 0.9046
1950	07	16	1018.9085	 172.4968	 0.0000	 0.9046
1950	07	17	994.0923	 168.1650	 0.0000	 0.9046
1950	07	18	962.5445	 162.7006	 0.0000	 0.9046
1950	07	19	935.4997	 157.9989	 0.0000	 0.9046
1950	07	20	911.6218	 153.8499	 0.0000	 0.9046
1950	07	21	882.2244	 148.7654	 0.0000	 0.9046
1950	07	22	849.1804	 143.0703	 0.0000	 0.9046
1950	07	23	817.8898	 137.6782	 0.0000	 0.9046
1950	07	24	784.8790	 132.0048	 0.0000	 0.8901
1950	07	25	754.2583	 126.7425	 0.0000	 0.8901
1950	07	26	731.0465	 122.7497	 0.0000	 0.7383
1950	07	27	711.4254	 119.3736	 0.0000	 0.7383
1950	07	28	697.8666	 117.0347	 0.0000	 0.7383
1950	07	29	687.8048	 115.2756	 0.0000	 0.7383
1950	07	30	677.1024	 113.4135	 0.0000	 0.6469
1950	07	31	660.7538	 110.6088	 0.0000	 0.6469
1950	08	01	639.2245	 106.9387	 0.0000	 0.6469
1950	08	02	620.5387	 103.7485	 0.0000	 0.6469
1950	08	03	604.8252	 101.0597	 0.0000	 0.6469
1950	08	04	596.5305	 99.6899	 0.0858	 0.6469
1950	08	05	589.0372	 98.4403	 0.0000	 0.6469
1950	08	06	578.7859	 96.6770	 0.0000	 0.6469
1950	08	07	567.5226	 94.7472	 0.0055	 0.6469
1950	08	08	557.3974	 93.0059	 0.0000	 0.6469
1950	08	09	544.7087	 90.8333	 0.0000	 0.6469
1950	08	10	529.5819	 88.2552	 0.0000	 0.6469
1950	08	11	514.2611	 85.6458	 0.0000	 0.6469
1950	08	12	498.2114	 82.9169	 0.0000	 0.6469
1950	08	13	485.6704	 80.7874	 0.0000	 0.6469
1950	08	14	470.2429	 78.2024	 0.0000	 0.6469
1950	08	15	456.4704	 75.8611	 0.0000	 0.6469
1950	08	16	445.6398	 74.0373	 0.0000	 0.6469
1950	08	17	431.9533	 71.7112	 0.0000	 0.6469
1950	08	18	414.7054	 68.7891	 0.0000	 0.6469
1950	08	19	398.4370	 66.0334	 0.0000	 0.5348
1950	08	20	382.1400	 63.2825	 0.0000	 0.5348
1950	08	21	368.7117	 61.0167	 0.0000	 0.5348
1950	08	22	354.7175	 58.6817	 0.0000	 0.4346
1950	08	23	344.1179	 56.8866	 0.0000	 0.4346
1950	08	24	336.9492	 55.6753	 0.0000	 0.4346
1950	08	25	329.9880	 54.5000	 0.0000	 0.4346
1950	08	26	320.7809	 52.9517	 0.0000	 0.4022
1950	08	27	311.4517	 51.3900	 0.0000	 0.4022
1950	08	28	301.8836	 49.7902	 0.0000	 0.4022
1950	08	29	293.4282	 48.3756	 0.0000	 0.4022
1950	08	30	286.8344	 47.2696	 0.0000	 0.4022
1950	08	31	279.2370	 45.9987	 0.0000	 0.4022
1950	09	01	268.6232	 44.2305	 0.0000	 0.4022
1950	09	02	258.2138	 42.4973	 0.0000	 0.4022
1950	09	03	247.6531	 40.7403	 0.0000	 0.4022
1950	09	04	238.5852	 39.2308	 0.0000	 0.4022
1950	09	05	231.0950	 37.9825	 0.0000	 0.4022
1950	09	06	224.8230	 36.9358	 0.0000	 0.4022
1950	09	07	219.6976	 36.0796	 0.0000	 0.4022
1950	09	08	213.1610	 34.9907	 0.0000	 0.4022
1950	09	09	206.3209	 33.8522	 0.0000	 0.4022
1950	09	10	199.5967	 32.7333	 0.0000	 0.4022
1950	09	11	193.4620	 31.7122	 0.0000	 0.4022
1950	09	12	185.4790	 30.3867	 0.0000	 0.4022
1950	09	13	178.7962	 29.2759	 0.0000	 0.4022
1950	09	14	173.9691	 28.4713	 0.0000	 0.4022
1950	09	15	168.4898	 27.5624	 0.0000	 0.2882
1950	09	16	165.4294	 27.0521	 0.0000	 0.2882
1950	09	17	161.5250	 26.4034	 0.0000	 0.2882
1950	09	18	157.7061	 25.7710	 0.0000	 0.2011
1950	09	19	155.3780	 25.3846	 0.0000	 0.2011
1950	09	20	153.4460	 25.0631	 0.0000	 0.2011
1950	09	21	150.9065	 24.6426	 0.0000	 0.2011
1950	09	22	146.5939	 23.9329	 0.0000	 0.2011
1950	09	23	144.8548	 23.6807	 0.0000	 0.2011
1950	09	24	143.0771	 23.4971	 0.0000	 0.2011
1950	09	25	144.3973	 24.0310	 0.6854	 0.2949
1950	09	26	147.0107	 25.3422	 0.8647	 0.4960
1950	09	27	150.5956	 27.2312	 1.4250	 0.7400
1950	09	28	152.2684	 28.2471	 1.6370	 0.7740
1950	09	29	151.9689	 27.9914	 1.1631	 0.4960
1950	09	30	151.0493	 27.4802	 1.0767	 0.4960
1950	10	01	150.7729	 27.3831	 1.2340	 0.4960
1950	10	02	151.0422	 27.5903	 1.3012	 0.4960
1950	10	03	153.3601	 29.2218	 2.1973	 0.7400
1950	10	04	160.4365	 32.5797	 2.1048	 1.0000
1950	10	05	169.1359	 36.4037	 2.7007	 0.7892
1950	10	06	176.8774	 39.6635	 2.9473	 0.8805
1950	10	07	182.4514	 41.5202	 2.8496	 0.7400
1950	10	08	186.6535	 42.7030	 2.2522	 0.7400
1950	10	09	209.7698	 52.2217	 3.9992	 1.0000
1950	10	10	227.4379	 58.7301	 4.2499	 1.0000
1950	10	11	231.8937	 59.5373	 3.7367	 1.0000
1950	10	12	232.7154	 58.7280	 2.4613	 1.0000
1950	10	13	233.1869	 57.8687	 1.6980	 0.8805
1950	10	14	233.5466	 57.1624	 1.0380	 0.7400
1950	10	15	233.1414	 56.5483	 0.8962	 0.7400
1950	10	16	233.2126	 56.2160	 0.9345	 0.7400
1950	10	17	239.4728	 58.6504	 1.9176	 1.0000
1950	10	18	249.3063	 61.8260	 2.6311	 0.7892
1950	10	19	259.1167	 65.2068	 3.3081	 1.0000
1950	10	20	262.2976	 66.1061	 3.6816	 1.0000
1950	10	21	262.1805	 65.4680	 3.6777	 0.9086
1950	10	22	262.8402	 65.3708	 3.9159	 1.0000
1950	10	23	263.5469	 65.2767	 4.1424	 1.0000
1950	10	24	277.4452	 72.5706	 4.6925	 1.0000
1950	10	25	293.2513	 79.5709	 5.0802	 1.0000
1950	10	26	306.7026	 84.7753	 5.2286	 1.0000
1950	10	27	327.9393	 92.0759	 5.1963	 1.0000
1950	10	28	342.1582	 95.9082	 5.2643	 1.0000
1950	10	29	346.1643	 95.9040	 5.2400	 1.0000
1950	10	30	350.3123	 96.2466	 5.2272	 1.0000
1950	10	31	360.1901	 99.3517	 5.2544	 1.0000
1950	11	01	369.0920	 101.9392	 4.6553	 1.0000
1950	11	02	375.8964	 103.3203	 4.6722	 1.0000
1950	11	03	381.9528	 103.9316	 4.6929	 1.0000
1950	11	04	395.1467	 106.7894	 4.4750	 1.0000
1950	11	05	400.8874	 107.1745	 4.6766	 1.0000
1950	11	06	403.5767	 106.8500	 4.7114	 1.0000
1950	11	07	404.8544	 106.1607	 4.7039	 1.0000
1950	11	08	404.8378	 105.1213	 4.6885	 1.0000
1950	11	09	404.7891	 104.2672	 4.6558	 1.0000
1950	11	10	404.8515	 103.5250	 4.6261	 1.0000
1950	11	11	406.1120	 103.5146	 4.6191	 1.0000
1950	11	12	406.8024	 103.3946	 4.5325	 1.0000
1950	11	13	409.7249	 105.1841	 4.5580	 1.0000
1950	11	14	415.1622	 109.3222	 4.5346	 1.0000
1950	11	15	429.2577	 120.1801	 4.4307	 1.0000
1950	11	16	442.2908	 126.0683	 4.2707	 1.0000
1950	11	17	451.4240	 129.6279	 4.2064	 1.0000
1950	11	18	454.6862	 130.0122	 4.1877	 1.0000
1950	11	19	473.9300	 144.0011	 4.1758	 1.0000
1950	11	20	506.9269	 161.1749	 4.1546	 1.0000
1950	11	21	534.1410	 165.5451	 4.4394	 1.0000
1950	11	22	546.0187	 162.7031	 4.6583	 1.0000
1950	11	23	587.6107	 174.6273	 4.6234	 1.0000
1950	11	24	626.7261	 184.3013	 4.6753	 1.0000
1950	11	25	665.0356	 191.2813	 4.5777	 1.0000
1950	11	26	698.3352	 195.8483	 4.6776	 1.0000
1950	11	27	724.7775	 198.8455	 4.4786	 1.0000
1950	11	28	728.9214	 196.6296	 4.6289	 1.0000
1950	11	29	733.6859	 196.4494	 4.6351	 1.0000
1950	11	30	739.4005	 197.3395	 4.6031	 1.0000
1950	12	01	741.1841	 195.9922	 4.3716	 1.0000
1950	12	02	743.1020	 195.1096	 4.3526	 1.0000
1950	12	03	743.9295	 193.2503	 4.3358	 1.0000
1950	12	04	744.0089	 191.0286	 4.3415	 1.0000
1950	12	05	764.3521	 205.4514	 4.2897	 1.0000
1950	12	06	786.0700	 218.1035	 4.2645	 1.0000
1950	12	07	793.0726	 217.4425	 4.2460	 1.0000
1950	12	08	796.4871	 214.7101	 4.2269	 1.0000
1950	12	09	826.1370	 225.1100	 4.1952	 1.0000
1950	12	10	842.4709	 226.2822	 4.1501	 1.0000
1950	12	11	844.9790	 221.8679	 4.2984	 1.0000
1950	12	12	847.2329	 218.6449	 4.4172	 1.0000
1950	12	13	848.8516	 216.6541	 4.4193	 1.0000
1950	12	14	857.1031	 219.7889	 4.3957	 1.0000
1950	12	15	866.7628	 222.2003	 4.3736	 1.0000
1950	12	16	883.0753	 227.3793	 4.3643	 1.0000
1950	12	17	891.8737	 227.7267	 4.4104	 1.0000
1950	12	18	898.1816	 226.9717	 4.4370	 1.0000
1950	12	19	915.7250	 231.0127	 4.4136	 1.0000
1950	12	20	938.1626	 235.1574	 4.4222	 1.0000
1950	12	21	952.9178	 236.8627	 4.4237	 1.0000
1950	12	22	968.8589	 238.4123	 4.4880	 1.0000
1950	12	23	993.4345	 242.6800	 4.4199	 1.0000
1950	12	24	1026.0457	 250.0561	 4.4306	 1.0000
1950	12	25	1039.8999	 251.8448	 4.3881	 1.0000
1950	12	26	1047.0084	 251.8879	 4.4703	 1.0000
1950	12	27	1058.5285	 255.2353	 4.4317	 1.0000
1950	12	28	1063.4308	 255.2727	 4.4195	 1.0000
1950	12	29	1071.1121	 256.7126	 4.3993	 1.0000
1950	12	30	1074.9993	 255.7372	 4.4171	 1.0000
1950	12	31	1085.8888	 258.6104	 4.4236	 1.0000
1951	01	01	1104.4584	 265.7984	 4.1905	 1.0000
1951	01	02	1142.1732	 284.7824	 4.1219	 1.0000
1951	01	03	1160.7644	 291.3253	 3.9514	 1.0000
1951	01	04	1164.9874	 289.5280	 3.9377	 1.0000
1951	01	05	1165.6966	 286.4055	 3.9358	 1.0000
1951	01	06	1165.7574	 283.4864	 3.9342	 1.0000
1951	01	07	1168.6295	 283.3574	 3.9057	 1.0000
1951	01	08	1170.0202	 282.0190	 3.9133	 1.0000
1951	01	09	1171.7555	 280.9480	 3.9152	 1.0000
1951	01	10	1173.1664	 279.3757	 3.8955	 1.0000
1951	01	11	1173.5212	 277.0902	 3.8880	 1.0000
1951	01	12	1195.4778	 288.7965	 3.8920	 1.0000
1951	01	13	1225.9062	 304.1120	 3.8164	 1.0000
1951	01	14	1261.9656	 319.7144	 3.7991	 1.0000
1951	01	15	1292.0476	 331.0714	 3.6718	 1.0000
1951	01	16	1326.8374	 344.6677	 3.5381	 1.0000
1951	01	17	1342.1776	 348.1576	 3.4385	 1.0000
1951	01	18	1344.7578	 343.9037	 3.4329	 1.0000
1951	01	19	1355.9366	 347.3580	 3.4144	 1.0000
1951	01	20	1378.9296	 357.9146	 3.3941	 1.0000
1951	01	21	1401.4819	 364.1360	 3.3206	 1.0000
1951	01	22	1408.9968	 360.3004	 3.2975	 1.0000
1951	01	23	1424.2951	 361.8634	 3.2790	 1.0000
1951	01	24	1460.4683	 373.8949	 3.2727	 1.0000
1951	01	25	1496.5107	 382.9062	 3.2286	 1.0000
1951	01	26	1506.9791	 382.0018	 3.0936	 1.0000
1951	01	27	1506.9791	 378.1048	 2.9745	 1.0000
1951	01	28	1506.7487	 375.4708	 2.9463	 1.0000
1951	01	29	1506.7384	 373.1907	 2.9582	 1.0000
1951	01	30	1506.7360	 370.9280	 2.9726	 1.0000
1951	01	31	1508.2617	 370.2779	 3.0256	 1.0000
1951	02	01	1545.9541	 411.8044	 3.0038	 1.0000
1951	02	02	1594.3973	 446.0372	 2.9904	 1.0000
1951	02	03	1613.5216	 440.7425	 2.9703	 1.0000
1951	02	04	1618.4596	 428.4833	 2.9695	 1.0000
1951	02	05	1621.5008	 418.6044	 2.9668	 1.0000
1951	02	06	1638.8305	 419.5766	 2.9781	 1.0000
1951	02	07	1680.8773	 431.9169	 2.9786	 1.0000
1951	02	08	1774.6172	 456.5472	 2.9662	 1.0000
1951	02	09	1914.5357	 495.6229	 2.9348	 1.0000
1951	02	10	2006.6637	 500.1065	 3.4282	 1.0000
1951	02	11	2028.6683	 496.2192	 3.2879	 1.0000
1951	02	12	2028.7163	 487.8879	 3.2255	 1.0000
1951	02	13	2028.6096	 481.2328	 3.2301	 1.0000
1951	02	14	2034.2552	 478.4173	 3.2419	 1.0000
1951	02	15	2037.3106	 473.8780	 3.2446	 1.0000
1951	02	16	2037.4213	 468.4160	 3.2526	 1.0000
1951	02	17	2039.8713	 464.3321	 3.2238	 1.0000
1951	02	18	2042.6667	 460.5835	 3.1637	 1.0000
1951	02	19	2065.1129	 467.4512	 3.1304	 1.0000
1951	02	20	2075.9807	 469.4428	 3.1089	 1.0000
1951	02	21	2076.0283	 464.6012	 3.0382	 1.0000
1951	02	22	2075.7097	 459.9541	 2.9317	 1.0000
1951	02	23	2075.5808	 456.0796	 2.9245	 1.0000
1951	02	24	2078.4079	 454.5261	 2.9925	 1.0000
1951	02	25	2079.9743	 452.6022	 2.9305	 1.0000
1951	02	26	2079.9776	 450.0687	 2.9046	 1.0000
1951	02	27	2079.9883	 447.7654	 2.8279	 1.0000
1951	02	28	2079.9543	 445.5293	 2.8305	 1.0000
1951	03	01	2079.9095	 443.3651	 2.8354	 1.0000
1951	03	02	2081.7930	 442.8118	 2.8367	 1.0000
1951	03	03	2098.2421	 453.4035	 2.7989	 1.0000
1951	03	04	2111.8621	 462.8904	 2.7004	 1.0000
1951	03	05	2115.9920	 464.8283	 2.5683	 1.0000
1951	03	06	2119.1611	 466.3819	 2.5764	 1.0000
1951	03	07	2123.8671	 469.7845	 2.5888	 1.0000
1951	03	08	2130.9422	 474.7027	 2.5803	 1.0000
1951	03	09	2139.4138	 480.8737	 2.5420	 1.0000
1951	03	10	2143.5657	 482.6328	 2.5275	 1.0000
1951	03	11	2155.2439	 491.1367	 2.5234	 1.0000
1951	03	12	2175.5635	 502.3371	 2.5242	 1.0000
1951	03	13	2182.9428	 500.9222	 2.5290	 1.0000
1951	03	14	2198.6351	 499.9487	 3.0630	 1.0000
1951	03	15	2223.2005	 502.9536	 3.2060	 1.0000
1951	03	16	2229.8552	 501.3131	 3.0154	 1.0000
1951	03	17	2229.8788	 496.5956	 2.8729	 1.0000
1951	03	18	2229.7869	 491.9113	 2.8674	 1.0000
1951	03	19	2229.6688	 486.7023	 2.8544	 1.0000
1951	03	20	2229.8399	 481.5785	 2.8860	 1.0000
1951	03	21	2234.2729	 478.1631	 3.3022	 1.0000
1951	03	22	2236.4409	 475.1775	 3.2155	 1.0000
1951	03	23	2236.5429	 471.5761	 3.1241	 1.0000
1951	03	24	2236.5374	 468.1760	 3.1113	 1.0000
1951	03	25	2237.0154	 464.9406	 3.2054	 1.0000
1951	03	26	2239.3446	 462.5868	 3.2636	 1.0000
1951	03	27	2240.8432	 460.5084	 3.1860	 1.0000
1951	03	28	2243.9021	 459.3646	 3.3361	 1.0000
1951	03	29	2246.6452	 458.0123	 3.3784	 1.0000
1951	03	30	2246.9193	 456.0083	 3.1707	 1.0000
1951	03	31	2246.7374	 453.6905	 3.0771	 1.0000
1951	04	01	2246.9428	 451.3044	 2.7274	 1.0000
1951	04	02	2247.8106	 448.8408	 1.6173	 1.0000
1951	04	03	2248.3806	 446.2790	 0.7431	 1.0000
1951	04	04	2248.5677	 443.7484	 0.1949	 1.0000
1951	04	05	2248.1455	 441.2513	 0.0000	 1.0000
1951	04	06	2247.7486	 438.9004	 0.0000	 1.0000
1951	04	07	2247.3572	 436.6749	 0.0000	 1.0000
1951	04	08	2246.4074	 434.4628	 0.0000	 1.0000
1951	04	09	2244.3510	 432.2382	 0.0000	 1.0000
1951	04	10	2241.9384	 430.0359	 0.0000	 1.0000
1951	04	11	2237.3441	 427.3860	 0.0000	 1.0000
1951	04	12	2230.9256	 424.3442	 0.0000	 1.0000
1951	04	13	2222.8175	 421.1354	 0.0000	 1.0000
1951	04	14	2212.6417	 417.6440	 0.0000	 1.0000
1951	04	15	2202.1521	 414.1748	 0.0000	 1.0000
1951	04	16	2187.9211	 410.0157	 0.0000	 1.0000
1951	04	17	2173.6472	 405.9446	 0.0000	 1.0000
1951	04	18	2160.9154	 402.2797	 0.0000	 1.0000
1951	04	19	2157.6645	 400.7408	 0.0000	 1.0000
1951	04	20	2153.0706	 398.9872	 0.0000	 1.0000
1951	04	21	2144.1433	 396.3499	 0.0000	 1.0000
1951	04	22	2131.7347	 393.0019	 0.0000	 1.0000
1951	04	23	2120.8654	 390.0218	 0.0000	 1.0000
1951	04	24	2105.5666	 386.2249	 0.0000	 1.0000
1951	04	25	2083.5118	 381.1453	 0.0000	 1.0000
1951	04	26	2078.9222	 379.3762	 0.0020	 1.0000
1951	04	27	2081.2187	 379.4230	 0.6017	 1.0000
1951	04	28	2086.3909	 380.4217	 1.6523	 1.0000
1951	04	29	2086.3537	 379.7830	 1.3188	 1.0000
1951	04	30	2086.1219	 379.0670	 1.0605	 1.0000
1951	05	01	2085.4196	 378.2317	 0.9189	 1.0000
1951	05	02	2084.2293	 377.3124	 0.4482	 1.0000
1951	05	03	2075.3468	 374.9150	 0.0000	 1.0000
1951	05	04	2064.6699	 372.1353	 0.0478	 1.0000
1951	05	05	2055.3864	 369.6415	 0.1831	 1.0000
1951	05	06	2044.6579	 366.9602	 0.0825	 1.0000
1951	05	07	2037.3091	 364.9540	 0.3167	 1.0000
1951	05	08	2031.7622	 363.2284	 0.2222	 1.0000
1951	05	09	2022.1258	 360.7970	 0.0045	 1.0000
1951	05	10	2011.2912	 358.5699	 0.2038	 1.0000
1951	05	11	2000.4345	 356.2450	 0.6925	 1.0000
1951	05	12	2002.4462	 356.3768	 0.9034	 1.0000
1951	05	13	1994.6286	 354.3897	 0.0000	 1.0000
1951	05	14	1986.4114	 352.2747	 0.0064	 1.0000
1951	05	15	1973.3392	 349.3317	 0.0043	 1.0000
1951	05	16	1957.2390	 345.8492	 0.0000	 1.0000
1951	05	17	1941.3097	 342.4024	 0.0629	 1.0000
1951	05	18	1932.9279	 340.3555	 0.0014	 1.0000
1951	05	19	1918.8920	 337.3540	 0.0000	 1.0000
1951	05	20	1902.0525	 333.8564	 0.0000	 1.0000
1951	05	21	1877.3889	 328.9885	 0.0000	 1.0000
1951	05	22	1851.5928	 323.9447	 0.0000	 1.0000
1951	05	23	1823.9760	 318.5782	 0.0930	 1.0000
1951	05	24	1824.6183	 318.6580	 0.7108	 1.0000
1951	05	25	1823.8972	 318.2994	 0.4185	 1.0000
1951	05	26	1810.8105	 315.7670	 0.0000	 1.0000
1951	05	27	1801.6339	 313.8086	 0.1903	 1.0000
1951	05	28	1801.6094	 313.6335	 0.5949	 1.0000
1951	05	29	1801.9623	 313.5066	 0.4587	 1.0000
1951	05	30	1800.1651	 312.8788	 0.1008	 1.0000
1951	05	31	1791.2550	 310.9756	 0.0000	 1.0000
1951	06	01	1774.4831	 307.6459	 0.0000	 1.0000
1951	06	02	1744.0752	 301.9471	 0.0000	 1.0000
1951	06	03	1725.9620	 298.4393	 0.0317	 1.0000
1951	06	04	1707.1011	 294.7962	 0.0414	 1.0000
1951	06	05	1696.6962	 292.6639	 0.0738	 1.0000
1951	06	06	1684.0427	 290.1927	 0.1412	 1.0000
1951	06	07	1674.9903	 288.2804	 0.1819	 1.0000
1951	06	08	1664.2125	 286.0756	 0.0051	 1.0000
1951	06	09	1636.3306	 280.9239	 0.0000	 1.0000
1951	06	10	1610.4044	 276.1113	 0.0000	 0.9848
1951	06	11	1585.8925	 271.5501	 0.0000	 0.9848
1951	06	12	1566.1891	 267.8490	 0.0000	 0.9508
1951	06	13	1545.7822	 264.0379	 0.0000	 0.9508
1951	06	14	1525.2728	 260.2250	 0.0000	 0.9508
1951	06	15	1498.9673	 255.4140	 0.0000	 0.9508
1951	06	16	1476.8230	 251.3373	 0.0000	 0.9508
1951	06	17	1454.2119	 247.1896	 0.0000	 0.9508
1951	06	18	1430.2986	 242.8257	 0.0000	 0.9508
1951	06	19	1408.5594	 238.8503	 0.0000	 0.9508
1951	06	20	1384.7049	 234.5226	 0.0000	 0.9508
1951	06	21	1351.4154	 228.5990	 0.0000	 0.9508
1951	06	22	1329.2114	 224.6052	 0.0000	 0.9508
1951	06	23	1302.6303	 219.8436	 0.0000	 0.9508
1951	06	24	1286.9493	 216.9833	 0.0000	 0.9508
1951	06	25	1253.5314	 211.1075	 0.0000	 0.9508
1951	06	26	1229.3307	 206.7927	 0.0000	 0.9365
1951	06	27	1204.9527	 202.4597	 0.0000	 0.9365
1951	06	28	1175.7232	 197.3077	 0.0000	 0.9046
1951	06	29	1146.2769	 192.1412	 0.0000	 0.9046
1951	06	30	1111.8711	 186.1487	 0.0000	 0.9046
1951	07	01	1087.9320	 181.9474	 0.0000	 0.9046
1951	07	02	1066.7301	 178.2176	 0.0000	 0.9046
1951	07	03	1043.0190	 174.0696	 0.0000	 0.9046
1951	07	04	1027.6276	 171.3427	 0.1097	 0.9046
1951	07	05	1021.5614	 170.4904	 0.2026	 0.9046
1951	07	06	1009.9330	 168.4649	 0.0608	 0.9046
1951	07	07	997.8306	 166.2885	 0.0023	 0.9046
1951	07	08	984.0121	 163.8197	 0.0035	 0.9046
1951	07	09	969.1929	 161.1843	 0.0078	 0.9046
1951	07	10	950.0067	 157.7862	 0.0000	 0.9046
1951	07	11	924.4393	 153.3182	 0.0000	 0.9046
1951	07	12	898.7402	 148.8527	 0.0000	 0.6793
1951	07	13	873.3745	 144.4817	 0.0000	 0.6469
1951	07	14	852.2659	 140.8502	 0.0000	 0.6469
1951	07	15	833.1693	 137.5626	 0.0000	 0.6469
1951	07	16	813.6649	 134.2122	 0.0000	 0.6469
1951	07	17	792.3025	 130.5545	 0.0000	 0.6469
1951	07	18	772.8124	 127.2094	 0.0000	 0.6469
1951	07	19	757.0189	 124.4893	 0.0000	 0.6469
1951	07	20	743.6159	 122.1697	 0.0000	 0.6469
1951	07	21	727.6240	 119.4209	 0.0000	 0.6469
1951	07	22	706.1013	 115.7577	 0.0000	 0.6469
1951	07	23	683.6315	 111.9399	 0.0000	 0.6469
1951	07	24	663.5328	 108.5171	 0.0000	 0.6469
1951	07	25	645.4453	 105.4329	 0.0000	 0.6324
1951	07	26	627.7799	 102.4321	 0.0000	 0.6324
1951	07	27	612.4626	 99.8331	 0.0000	 0.6000
1951	07	28	596.3275	 97.1042	 0.0000	 0.6000
1951	07	29	580.7139	 94.4654	 0.0000	 0.6000
1951	07	30	564.8665	 91.7894	 0.0000	 0.6000
1951	07	31	548.3925	 89.0119	 0.0000	 0.6000
1951	08	01	531.4682	 86.1620	 0.0000	 0.6000
1951	08	02	517.2032	 83.7661	 0.0000	 0.4022
1951	08	03	506.7602	 82.0177	 0.0000	 0.4022
1951	08	04	496.6672	 80.3291	 0.0000	 0.4022
1951	08	05	485.5513	 78.4754	 0.0000	 0.4022
1951	08	06	477.1932	 77.0732	 0.0000	 0.4022
1951	08	07	468.3488	 75.5929	 0.0000	 0.4022
1951	08	08	458.5230	 73.9541	 0.0000	 0.4022
1951	08	09	449.8443	 72.5078	 0.0000	 0.4022
1951	08	10	441.0175	 71.0396	 0.0000	 0.4022
1951	08	11	432.8412	 69.6735	 0.0000	 0.4022
1951	08	12	426.8192	 68.6608	 0.0000	 0.4022
1951	08	13	419.9259	 67.5070	 0.0000	 0.4022
1951	08	14	408.1734	 65.5613	 0.0000	 0.4022
1951	08	15	397.7439	 63.8326	 0.0000	 0.4022
1951	08	16	388.3954	 62.2798	 0.0000	 0.4022
1951	08	17	379.0959	 60.7369	 0.0000	 0.4022
1951	08	18	369.8035	 59.1956	 0.0000	 0.4022
1951	08	19	360.3129	 57.6234	 0.0000	 0.4022
1951	08	20	349.3599	 55.8150	 0.0000	 0.4022
1951	08	21	336.2768	 53.6615	 0.0000	 0.4022
1951	08	22	326.3460	 52.0224	 0.0000	 0.4022
1951	08	23	321.6191	 51.2895	 0.1315	 0.4491
1951	08	24	318.5104	 50.7860	 0.0987	 0.4022
1951	08	25	313.1499	 49.8755	 0.0000	 0.2882
1951	08	26	310.4838	 49.4184	 0.0000	 0.2011
1951	08	27	309.7948	 49.4221	 0.0000	 0.2011
1951	08	28	309.1967	 49.4229	 0.1517	 0.2480
1951	08	29	309.3684	 49.4888	 0.0371	 0.2480
1951	08	30	308.8162	 49.3927	 0.0071	 0.2011
1951	08	31	307.4668	 49.1593	 0.0039	 0.2011
1951	09	01	305.5439	 48.8353	 0.0000	 0.2011
1951	09	02	302.9966	 48.4112	 0.0000	 0.2011
1951	09	03	300.5632	 48.0062	 0.0000	 0.2011
1951	09	04	297.8202	 47.5521	 0.0000	 0.2011
1951	09	05	294.7242	 47.0421	 0.0000	 0.2011
1951	09	06	291.7855	 46.5763	 0.0000	 0.2011
1951	09	07	288.0087	 45.9752	 0.0000	 0.2011
1951	09	08	286.3518	 45.7018	 0.0231	 0.2480
1951	09	09	283.7165	 45.2686	 0.0000	 0.2011
1951	09	10	282.4699	 45.0698	 0.0000	 0.2011
1951	09	11	282.4297	 45.0569	 0.0522	 0.2011
1951	09	12	281.1416	 44.8494	 0.0000	 0.2011
1951	09	13	279.5688	 44.5849	 0.0000	 0.2011
1951	09	14	276.6589	 44.1072	 0.0000	 0.2011
1951	09	15	273.9741	 43.6658	 0.0000	 0.2011
1951	09	16	270.6018	 43.1153	 0.0000	 0.2011
1951	09	17	266.6747	 42.4770	 0.0000	 0.2011
1951	09	18	263.5353	 41.9647	 0.0000	 0.2011
1951	09	19	261.7065	 41.6619	 0.0000	 0.2011
1951	09	20	260.1939	 41.4098	 0.0000	 0.2011
1951	09	21	257.2322	 40.9270	 0.0000	 0.2011
1951	09	22	254.1596	 40.4269	 0.0000	 0.2011
1951	09	23	250.3145	 39.8045	 0.0000	 0.2011
1951	09	24	251.0047	 40.1776	 0.0000	 0.2011
1951	09	25	252.1801	 40.4963	 0.4029	 0.2949
1951	09	26	252.1198	 40.5290	 0.0000	 0.2011
1951	09	27	252.6382	 40.6959	 0.2362	 0.2804
1951	09	28	255.3574	 41.6584	 0.2245	 0.2949
1951	09	29	257.0792	 42.3468	 0.0000	 0.2480
1951	09	30	257.0549	 42.2988	 0.0082	 0.2480
1951	10	01	255.7526	 42.0213	 0.0000	 0.2011
1951	10	02	254.6345	 41.8309	 0.0000	 0.2011
1951	10	03	255.2955	 42.0010	 0.1895	 0.2949
1951	10	04	255.3483	 41.9777	 0.1556	 0.2480
1951	10	05	256.4536	 42.3613	 0.3413	 0.2949
1951	10	06	257.6637	 42.6672	 0.0992	 0.2480
1951	10	07	257.6920	 42.6399	 0.1270	 0.2480
1951	10	08	257.6129	 42.6286	 0.0000	 0.2011
1951	10	09	256.8491	 42.4832	 0.0000	 0.2011
1951	10	10	256.5479	 42.4471	 0.0000	 0.2011
1951	10	11	256.4893	 42.4631	 0.0106	 0.2480
1951	10	12	258.4414	 43.0516	 0.4841	 0.2949
1951	10	13	264.0235	 45.4236	 1.1350	 0.7400
1951	10	14	271.9014	 49.4244	 2.5807	 0.8805
1951	10	15	277.1408	 52.2824	 2.9385	 1.0000
1951	10	16	278.0593	 52.6507	 3.1064	 1.0000
1951	10	17	281.6728	 54.6168	 3.4770	 1.0000
1951	10	18	302.8392	 65.0493	 3.6584	 1.0000
1951	10	19	328.1086	 75.4871	 3.7943	 1.0000
1951	10	20	337.7628	 78.2379	 4.6092	 1.0000
1951	10	21	339.2972	 77.9950	 4.7007	 1.0000
1951	10	22	359.8862	 87.3509	 4.5481	 1.0000
1951	10	23	369.1506	 91.4639	 4.6489	 1.0000
1951	10	24	369.7943	 90.6308	 4.6744	 1.0000
1951	10	25	369.9545	 89.7224	 4.6942	 1.0000
1951	10	26	369.9639	 88.9534	 4.7090	 1.0000
1951	10	27	369.9967	 88.2649	 4.7465	 1.0000
1951	10	28	372.6727	 88.6175	 4.9887	 1.0000
1951	10	29	376.0324	 89.3178	 5.2108	 1.0000
1951	10	30	377.4294	 89.6302	 5.2263	 1.0000
1951	10	31	377.4185	 89.1050	 5.2117	 1.0000
1951	11	01	378.0382	 89.2463	 4.5505	 1.0000
1951	11	02	387.8152	 95.5473	 4.5319	 1.0000
1951	11	03	407.4766	 105.5129	 4.5675	 1.0000
1951	11	04	414.4137	 106.2510	 4.5297	 1.0000
1951	11	05	414.5384	 104.7783	 4.5325	 1.0000
1951	11	06	414.5514	 103.4455	 4.5503	 1.0000
1951	11	07	416.5887	 103.1826	 4.6340	 1.0000
1951	11	08	417.9587	 102.6738	 4.6352	 1.0000
1951	11	09	425.8060	 104.9176	 4.6208	 1.0000
1951	11	10	444.7559	 111.3172	 4.6206	 1.0000
1951	11	11	475.0019	 122.5655	 4.5248	 1.0000
1951	11	12	505.7048	 135.0844	 4.4265	 1.0000
1951	11	13	519.7960	 140.0537	 4.3415	 1.0000
1951	11	14	522.6523	 139.0703	 4.2928	 1.0000
1951	11	15	523.1421	 137.4101	 4.2923	 1.0000
1951	11	16	523.0639	 135.7897	 4.2947	 1.0000
1951	11	17	522.9204	 134.2421	 4.2500	 1.0000
1951	11	18	522.8258	 132.8403	 4.2417	 1.0000
1951	11	19	522.7973	 131.4009	 4.1593	 1.0000
1951	11	20	522.9301	 130.2554	 4.1740	 1.0000
1951	11	21	522.9822	 129.2127	 4.1781	 1.0000
1951	11	22	523.0040	 128.4054	 4.1970	 1.0000
1951	11	23	523.0364	 127.7115	 4.2150	 1.0000
1951	11	24	524.9832	 128.6863	 4.2141	 1.0000
1951	11	25	547.3508	 144.7411	 4.1587	 1.0000
1951	11	26	570.5577	 155.7532	 4.0536	 1.0000
1951	11	27	591.8380	 163.4004	 4.0002	 1.0000
1951	11	28	616.4167	 169.9116	 4.4489	 1.0000
1951	11	29	633.5876	 174.1862	 4.3590	 1.0000
1951	11	30	663.6494	 185.3986	 4.2791	 1.0000
1951	12	01	681.1250	 188.4674	 4.1689	 1.0000
1951	12	02	691.5872	 189.1652	 4.2839	 1.0000
1951	12	03	708.2023	 194.4923	 4.1901	 1.0000
1951	12	04	716.2478	 194.7980	 4.1190	 1.0000
1951	12	05	718.9023	 192.1307	 3.9227	 1.0000
1951	12	06	719.6968	 189.6937	 3.8632	 1.0000
1951	12	07	719.7338	 187.4932	 3.8716	 1.0000
1951	12	08	719.9479	 185.6760	 3.8602	 1.0000
1951	12	09	721.6691	 185.4145	 3.8552	 1.0000
1951	12	10	722.6223	 184.2275	 3.8768	 1.0000
1951	12	11	723.7052	 182.7480	 3.8827	 1.0000
1951	12	12	724.4004	 180.9532	 3.8660	 1.0000
1951	12	13	724.4665	 179.2636	 3.8666	 1.0000
1951	12	14	726.5604	 179.8052	 3.8647	 1.0000
1951	12	15	739.3911	 189.5947	 3.8361	 1.0000
1951	12	16	746.2628	 192.9020	 3.7853	 1.0000
1951	12	17	768.8975	 206.0307	 3.7567	 1.0000
1951	12	18	783.3775	 213.3438	 3.5569	 1.0000
1951	12	19	785.0897	 211.8510	 3.5323	 1.0000
1951	12	20	796.1481	 223.2938	 3.5128	 1.0000
1951	12	21	824.0809	 249.7064	 3.5148	 1.0000
1951	12	22	834.5497	 249.5849	 3.4265	 1.0000
1951	12	23	842.0495	 250.0599	 3.4271	 1.0000
1951	12	24	846.4250	 249.5394	 3.4314	 1.0000
1951	12	25	847.5967	 245.3898	 3.4235	 1.0000
1951	12	26	850.1987	 243.6895	 3.3988	 1.0000
1951	12	27	851.6062	 240.3355	 3.4062	 1.0000
1951	12	28	859.1481	 242.8358	 3.4162	 1.0000
1951	12	29	867.4657	 244.2128	 3.2494	 1.0000
1951	12	30	868.4334	 241.3536	 3.2410	 1.0000
1951	12	31	868.4992	 238.8656	 3.1587	 1.0000
