1949	01	01	2.7415	 3.5561	 1.0993	 1.0000
1949	01	02	2.7483	 3.4857	 0.8903	 0.9664
1949	01	03	2.7030	 3.3891	 0.8892	 0.9664
1949	01	04	2.7466	 3.4402	 0.7526	 0.9664
1949	01	05	4.6255	 5.6951	 1.1407	 1.0000
1949	01	06	9.8603	 10.5340	 1.2379	 1.0000
1949	01	07	11.4883	 11.1026	 1.0435	 1.0000
1949	01	08	11.8829	 11.2507	 1.0496	 1.0000
1949	01	09	12.0052	 11.2065	 0.9140	 1.0000
1949	01	10	11.9862	 10.9931	 0.9170	 1.0000
1949	01	11	11.9530	 10.7286	 0.9220	 1.0000
1949	01	12	11.9064	 10.4302	 0.9295	 1.0000
1949	01	13	11.9545	 10.2090	 0.9441	 1.0000
1949	01	14	12.0707	 10.0454	 0.9596	 0.9944
1949	01	15	12.0890	 9.7295	 0.8914	 0.9944
1949	01	16	12.5339	 10.0246	 0.9978	 0.9944
1949	01	17	13.2047	 10.5180	 1.0492	 0.9944
1949	01	18	13.2680	 10.4131	 0.9005	 0.9944
1949	01	19	13.2342	 10.1976	 0.9003	 0.9944
1949	01	20	14.1898	 11.3430	 1.1052	 1.0000
1949	01	21	14.8113	 11.9345	 1.1197	 0.9944
1949	01	22	14.8623	 11.7704	 0.9530	 0.9944
1949	01	23	14.7326	 11.4452	 0.9070	 0.9944
1949	01	24	14.8203	 11.3749	 0.9264	 0.9944
1949	01	25	16.3134	 13.1586	 1.1539	 1.0000
1949	01	26	19.2624	 16.3991	 1.2264	 1.0000
1949	01	27	19.3747	 15.9508	 1.0635	 1.0000
1949	01	28	19.3160	 15.3452	 1.0657	 1.0000
1949	01	29	19.4337	 14.8778	 1.0592	 1.0000
1949	01	30	19.3968	 14.3681	 1.0127	 1.0000
1949	01	31	19.3395	 13.9422	 1.0117	 1.0000
1949	02	01	19.2415	 13.4688	 1.0004	 0.9944
1949	02	02	20.7531	 15.0303	 1.1578	 0.9944
1949	02	03	24.1775	 18.3325	 1.2129	 1.0000
1949	02	04	26.4125	 19.6599	 1.1692	 0.9944
1949	02	05	37.5950	 29.8441	 1.2353	 1.0000
1949	02	06	45.1781	 34.0755	 1.1970	 1.0000
1949	02	07	52.5682	 37.1833	 1.1914	 1.0000
1949	02	08	63.5173	 42.0380	 1.2128	 1.0000
1949	02	09	85.9138	 52.8624	 1.2404	 1.0000
1949	02	10	99.7497	 57.1373	 1.1952	 1.0000
1949	02	11	100.0028	 54.2301	 1.1513	 1.0000
1949	02	12	100.0683	 51.8975	 0.9927	 1.0000
1949	02	13	107.6792	 59.1084	 1.2381	 1.0000
1949	02	14	116.9323	 64.3666	 1.2173	 1.0000
1949	02	15	225.0435	 111.2492	 1.2414	 1.0000
1949	02	16	335.2980	 134.2659	 1.4555	 1.0000
1949	02	17	362.4280	 135.8688	 1.3292	 1.0000
1949	02	18	370.3099	 134.8048	 1.2699	 1.0000
1949	02	19	385.0572	 143.8178	 1.2792	 1.0000
1949	02	20	402.3072	 150.9548	 1.2583	 1.0000
1949	02	21	432.5811	 162.7222	 1.2599	 1.0000
1949	02	22	447.2801	 157.9650	 1.2547	 1.0000
1949	02	23	447.9960	 149.0380	 1.2269	 1.0000
1949	02	24	447.9668	 142.5871	 1.0532	 1.0000
1949	02	25	447.8319	 138.3518	 1.0226	 1.0000
1949	02	26	447.6176	 135.2245	 0.9304	 1.0000
1949	02	27	447.5201	 132.5990	 0.7472	 1.0000
1949	02	28	447.2621	 130.3349	 0.7005	 1.0000
1949	03	01	447.2012	 128.2800	 0.5474	 1.0000
1949	03	02	446.9138	 126.0741	 0.5399	 1.0000
1949	03	03	446.5778	 123.8547	 0.5289	 1.0000
1949	03	04	446.4797	 121.9325	 0.5319	 1.0000
1949	03	05	446.1679	 119.9049	 0.5351	 1.0000
1949	03	06	445.3866	 118.0636	 0.5348	 1.0000
1949	03	07	445.4279	 116.7696	 0.6013	 1.0000
1949	03	08	452.3811	 119.8442	 1.6062	 1.0000
1949	03	09	452.2537	 118.8804	 1.3522	 1.0000
1949	03	10	451.9386	 118.0055	 1.2097	 1.0000
1949	03	11	454.1644	 118.7435	 1.4528	 1.0000
1949	03	12	463.7307	 123.1054	 1.8866	 1.0000
1949	03	13	468.0568	 124.3733	 1.9267	 1.0000
1949	03	14	470.1450	 124.4047	 1.8506	 1.0000
1949	03	15	477.9793	 128.4486	 1.8540	 1.0000
1949	03	16	487.2617	 131.9541	 2.0397	 1.0000
1949	03	17	491.2176	 131.9882	 2.0551	 1.0000
1949	03	18	505.7195	 136.5871	 2.3857	 1.0000
1949	03	19	515.6570	 139.1204	 2.3138	 1.0000
1949	03	20	517.6222	 138.2432	 2.3138	 1.0000
1949	03	21	518.3740	 136.8332	 2.2934	 1.0000
1949	03	22	518.2285	 135.2821	 2.1012	 1.0000
1949	03	23	518.0858	 133.9210	 1.9316	 1.0000
1949	03	24	517.9244	 132.5731	 1.7437	 1.0000
1949	03	25	520.5877	 132.7111	 2.1097	 1.0000
1949	03	26	527.0086	 135.5474	 2.1832	 1.0000
1949	03	27	527.9872	 135.3693	 1.9729	 1.0000
1949	03	28	527.9592	 134.3158	 1.7505	 1.0000
1949	03	29	527.8616	 133.0042	 1.7304	 1.0000
1949	03	30	528.2535	 132.0502	 1.7953	 1.0000
1949	03	31	528.2018	 131.0134	 1.6249	 1.0000
1949	04	01	528.1383	 129.9292	 1.5664	 1.0000
1949	04	02	527.6488	 128.7280	 1.2172	 1.0000
1949	04	03	527.8509	 127.6027	 0.1869	 1.0000
1949	04	04	526.4104	 126.0990	 0.0000	 1.0000
1949	04	05	522.8223	 124.2186	 0.0000	 1.0000
1949	04	06	518.2845	 122.2189	 0.0000	 1.0000
1949	04	07	512.0135	 119.8642	 0.0000	 1.0000
1949	04	08	506.3410	 117.7288	 0.0000	 1.0000
1949	04	09	498.9007	 115.2833	 0.0000	 1.0000
1949	04	10	488.3018	 112.1509	 0.0000	 1.0000
1949	04	11	478.5860	 109.2703	 0.0000	 1.0000
1949	04	12	471.0368	 106.9762	 0.0000	 1.0000
1949	04	13	459.9312	 103.9094	 0.0000	 1.0000
1949	04	14	450.5962	 101.3397	 0.0000	 0.9944
1949	04	15	436.0938	 97.6259	 0.0000	 0.9664
1949	04	16	417.4136	 93.0093	 0.0000	 0.9664
1949	04	17	406.3368	 90.1663	 0.0198	 0.9664
1949	04	18	394.3504	 87.1460	 0.0000	 0.9664
1949	04	19	386.9770	 85.2012	 0.2004	 0.9664
1949	04	20	387.2700	 85.3506	 0.6077	 0.9664
1949	04	21	388.1721	 85.6533	 0.7864	 0.9664
1949	04	22	389.4506	 86.1238	 0.4205	 0.9916
1949	04	23	390.9372	 86.6446	 0.5549	 0.9664
1949	04	24	389.7483	 86.1425	 0.1395	 0.9664
1949	04	25	382.6367	 84.3059	 0.0000	 0.9664
1949	04	26	370.9997	 81.4209	 0.0000	 0.9664
1949	04	27	354.9962	 77.6490	 0.0699	 0.9664
1949	04	28	342.2948	 74.5861	 0.0000	 0.9664
1949	04	29	340.0812	 73.8870	 0.0177	 0.9264
1949	04	30	344.3689	 75.6055	 1.0029	 0.9264
1949	05	01	350.4675	 78.4081	 2.2961	 1.0000
1949	05	02	350.5704	 78.1837	 0.8245	 0.9264
1949	05	03	349.1542	 77.6347	 0.4062	 0.9264
1949	05	04	344.2722	 76.2635	 0.1494	 0.9264
1949	05	05	332.2517	 73.2514	 0.0000	 0.9264
1949	05	06	315.8322	 69.2628	 0.0000	 0.7886
1949	05	07	297.8500	 64.9894	 0.0000	 0.7859
1949	05	08	277.5740	 60.2780	 0.0000	 0.7614
1949	05	09	255.0820	 55.1281	 0.0000	 0.7531
1949	05	10	233.8504	 50.3313	 0.0000	 0.7229
1949	05	11	213.1559	 45.7212	 0.0000	 0.6964
1949	05	12	192.0962	 41.0949	 0.0000	 0.6647
1949	05	13	172.6306	 36.8590	 0.0000	 0.6647
1949	05	14	151.8444	 32.3634	 0.0000	 0.6647
1949	05	15	133.6012	 28.4289	 0.0000	 0.6647
1949	05	16	123.2508	 26.1903	 0.0023	 0.6647
1949	05	17	118.4477	 25.1692	 0.2113	 0.7282
1949	05	18	112.1325	 23.8596	 0.0000	 0.6257
1949	05	19	105.6755	 22.4553	 0.0147	 0.6257
1949	05	20	99.8174	 21.2490	 0.0000	 0.6257
1949	05	21	91.9351	 19.5427	 0.0000	 0.4972
1949	05	22	86.4613	 18.3556	 0.0000	 0.4972
1949	05	23	77.8458	 16.5051	 0.0000	 0.4972
1949	05	24	69.5185	 14.7208	 0.0000	 0.4972
1949	05	25	54.6611	 11.5574	 0.0000	 0.4575
1949	05	26	44.0235	 9.2977	 0.0000	 0.4575
1949	05	27	34.9975	 7.3835	 0.0000	 0.3265
1949	05	28	29.9188	 6.3064	 0.0000	 0.3265
1949	05	29	25.0815	 5.2819	 0.0000	 0.3265
1949	05	30	20.9452	 4.4096	 0.0000	 0.2885
1949	05	31	18.2763	 3.8810	 0.0965	 0.3521
1949	06	01	17.0056	 3.6204	 0.0000	 0.1632
1949	06	02	15.2720	 3.2491	 0.0000	 0.1632
1949	06	03	12.7936	 2.7200	 0.0000	 0.1632
1949	06	04	8.9761	 1.9068	 0.0000	 0.1632
1949	06	05	5.0368	 1.0685	 0.0000	 0.1632
1949	06	06	0.0000	 0.0000	 0.0000	 0.0000
1949	06	07	0.0000	 0.0000	 0.0000	 0.0000
1949	06	08	0.0000	 0.0000	 0.0000	 0.0000
1949	06	09	0.0000	 0.0000	 0.0000	 0.0000
1949	06	10	0.0000	 0.0000	 0.0000	 0.0000
1949	06	11	0.0000	 0.0000	 0.0000	 0.0000
1949	06	12	0.0000	 0.0000	 0.0000	 0.0000
1949	06	13	0.0000	 0.0000	 0.0000	 0.0000
1949	06	14	0.0000	 0.0000	 0.0000	 0.0000
1949	06	15	0.0000	 0.0000	 0.0263	 0.0000
1949	06	16	0.0000	 0.0000	 0.2861	 0.0000
1949	06	17	0.0000	 0.0000	 0.1690	 0.0000
1949	06	18	0.0000	 0.0000	 0.0000	 0.0000
1949	06	19	0.0000	 0.0000	 0.0000	 0.0000
1949	06	20	0.0000	 0.0000	 0.0000	 0.0000
1949	06	21	0.0000	 0.0000	 0.0000	 0.0000
1949	06	22	0.0000	 0.0000	 0.0000	 0.0000
1949	06	23	0.0000	 0.0000	 0.0000	 0.0000
1949	06	24	0.0000	 0.0000	 0.0000	 0.0000
1949	06	25	0.0000	 0.0000	 0.0000	 0.0000
1949	06	26	0.0000	 0.0000	 0.0000	 0.0000
1949	06	27	0.0000	 0.0000	 0.0000	 0.0000
1949	06	28	0.0000	 0.0000	 0.0188	 0.0000
1949	06	29	0.0000	 0.0000	 0.0000	 0.0000
1949	06	30	0.0000	 0.0000	 0.0000	 0.0000
1949	07	01	0.0000	 0.0000	 0.0000	 0.0000
1949	07	02	0.0000	 0.0000	 0.0000	 0.0000
1949	07	03	0.0000	 0.0000	 0.0000	 0.0000
1949	07	04	0.0000	 0.0000	 0.0000	 0.0000
1949	07	05	0.0000	 0.0000	 0.0000	 0.0000
1949	07	06	0.0000	 0.0000	 0.0000	 0.0000
1949	07	07	0.0000	 0.0000	 0.0000	 0.0000
1949	07	08	0.0000	 0.0000	 0.0000	 0.0000
1949	07	09	0.0000	 0.0000	 0.0000	 0.0000
1949	07	10	0.0000	 0.0000	 0.0000	 0.0000
1949	07	11	0.0000	 0.0000	 0.0000	 0.0000
1949	07	12	0.0000	 0.0000	 0.0000	 0.0000
1949	07	13	0.0000	 0.0000	 0.0000	 0.0000
1949	07	14	0.0000	 0.0000	 0.0000	 0.0000
1949	07	15	0.0000	 0.0000	 0.0000	 0.0000
1949	07	16	0.0000	 0.0000	 0.0000	 0.0000
1949	07	17	0.0000	 0.0000	 0.0000	 0.0000
1949	07	18	0.0000	 0.0000	 0.0000	 0.0000
1949	07	19	0.0000	 0.0000	 0.0000	 0.0000
1949	07	20	0.0000	 0.0000	 0.0000	 0.0000
1949	07	21	0.0000	 0.0000	 0.0000	 0.0000
1949	07	22	0.0000	 0.0000	 0.0000	 0.0000
1949	07	23	0.0000	 0.0000	 0.0000	 0.0000
1949	07	24	0.0000	 0.0000	 0.0000	 0.0000
1949	07	25	0.0000	 0.0000	 0.0000	 0.0000
1949	07	26	0.0000	 0.0000	 0.0000	 0.0000
1949	07	27	0.0000	 0.0000	 0.0000	 0.0000
1949	07	28	0.0000	 0.0000	 0.0000	 0.0000
1949	07	29	0.0000	 0.0000	 0.0000	 0.0000
1949	07	30	0.0000	 0.0000	 0.0000	 0.0000
1949	07	31	0.0000	 0.0000	 0.0000	 0.0000
1949	08	01	0.0000	 0.0000	 0.0000	 0.0000
1949	08	02	0.0000	 0.0000	 0.0000	 0.0000
1949	08	03	0.0000	 0.0000	 0.0000	 0.0000
1949	08	04	0.0000	 0.0000	 0.0000	 0.0000
1949	08	05	0.0000	 0.0000	 0.0000	 0.0000
1949	08	06	0.0000	 0.0000	 0.0000	 0.0000
1949	08	07	0.0000	 0.0000	 0.0000	 0.0000
1949	08	08	0.0000	 0.0000	 0.0000	 0.0000
1949	08	09	0.0000	 0.0000	 0.0000	 0.0000
1949	08	10	0.0000	 0.0000	 0.0000	 0.0000
1949	08	11	0.0000	 0.0000	 0.0000	 0.0000
1949	08	12	0.0000	 0.0000	 0.0000	 0.0000
1949	08	13	0.0000	 0.0000	 0.0000	 0.0000
1949	08	14	0.0000	 0.0000	 0.0000	 0.0000
1949	08	15	0.0000	 0.0000	 0.0000	 0.0000
1949	08	16	0.0000	 0.0000	 0.0000	 0.0000
1949	08	17	0.0000	 0.0000	 0.0000	 0.0000
1949	08	18	0.0000	 0.0000	 0.0000	 0.0000
1949	08	19	0.0000	 0.0000	 0.0000	 0.0000
1949	08	20	0.0000	 0.0000	 0.0000	 0.0000
1949	08	21	0.0000	 0.0000	 0.0000	 0.0000
1949	08	22	0.0000	 0.0000	 0.0000	 0.0000
1949	08	23	0.0000	 0.0000	 0.0000	 0.0000
1949	08	24	0.0000	 0.0000	 0.0000	 0.0000
1949	08	25	0.0000	 0.0000	 0.0999	 0.0000
1949	08	26	0.0000	 0.0000	 0.0000	 0.0000
1949	08	27	0.0000	 0.0000	 0.0000	 0.0000
1949	08	28	0.0000	 0.0000	 0.0000	 0.0000
1949	08	29	0.0000	 0.0000	 0.0000	 0.0000
1949	08	30	0.0000	 0.0000	 0.0000	 0.0000
1949	08	31	0.0000	 0.0000	 0.0000	 0.0000
1949	09	01	0.0000	 0.0000	 0.0000	 0.0000
1949	09	02	0.0000	 0.0000	 0.0000	 0.0000
1949	09	03	0.0000	 0.0000	 0.0000	 0.0000
1949	09	04	0.0000	 0.0000	 0.0000	 0.0000
1949	09	05	0.0000	 0.0000	 0.0000	 0.0000
1949	09	06	0.0000	 0.0000	 0.0000	 0.0000
1949	09	07	0.0000	 0.0000	 0.0000	 0.0000
1949	09	08	0.0000	 0.0000	 0.0000	 0.0000
1949	09	09	0.0000	 0.0000	 0.0000	 0.0000
1949	09	10	0.0000	 0.0000	 0.0153	 0.0000
1949	09	11	0.0000	 0.0000	 0.0000	 0.0000
1949	09	12	0.0000	 0.0000	 0.0000	 0.0000
1949	09	13	0.1133	 0.0810	 0.0792	 0.2517
1949	09	14	0.0838	 0.0491	 0.0779	 0.0318
1949	09	15	0.6680	 0.4395	 0.7195	 0.6266
1949	09	16	0.3522	 0.2004	 0.1144	 0.2215
1949	09	17	0.0000	 0.0000	 0.1060	 0.0000
1949	09	18	0.0052	 0.0035	 0.0318	 0.0318
1949	09	19	0.0000	 0.0000	 0.0717	 0.0000
1949	09	20	0.0000	 0.0000	 0.0000	 0.0000
1949	09	21	0.0000	 0.0000	 0.0000	 0.0000
1949	09	22	0.0000	 0.0000	 0.0000	 0.0000
1949	09	23	0.0000	 0.0000	 0.0000	 0.0000
1949	09	24	0.0000	 0.0000	 0.0000	 0.0000
1949	09	25	0.0000	 0.0000	 0.0000	 0.0000
1949	09	26	0.0000	 0.0000	 0.0000	 0.0000
1949	09	27	0.0000	 0.0000	 0.0000	 0.0000
1949	09	28	0.0000	 0.0000	 0.0000	 0.0000
1949	09	29	0.0000	 0.0000	 0.0000	 0.0000
1949	09	30	0.0000	 0.0000	 0.0000	 0.0000
1949	10	01	0.0000	 0.0000	 0.0000	 0.0000
1949	10	02	0.0000	 0.0000	 0.0000	 0.0000
1949	10	03	0.0383	 0.0256	 0.0225	 0.2215
1949	10	04	0.3821	 0.3022	 0.2723	 0.7940
1949	10	05	0.1271	 0.1082	 0.3783	 0.1897
1949	10	06	0.0582	 0.0657	 0.2418	 0.1632
1949	10	07	0.0082	 0.0104	 0.1748	 0.1253
1949	10	08	1.7350	 1.4604	 1.4126	 0.7940
1949	10	09	3.8133	 2.4057	 1.4300	 0.7940
1949	10	10	5.0347	 3.0253	 1.4500	 0.6329
1949	10	11	4.6402	 2.6173	 0.6403	 0.5608
1949	10	12	3.8862	 2.1654	 0.4231	 0.5608
1949	10	13	2.6687	 1.4867	 0.4011	 0.2647
1949	10	14	2.7251	 1.5296	 0.5044	 0.2647
1949	10	15	2.6110	 1.4324	 0.3992	 0.2647
1949	10	16	2.5308	 1.3629	 0.3835	 0.2409
1949	10	17	2.4918	 1.3219	 0.3700	 0.2382
1949	10	18	2.4445	 1.2797	 0.3474	 0.2329
1949	10	19	2.3906	 1.2368	 0.3091	 0.2329
1949	10	20	2.1325	 1.0845	 0.2905	 0.2329
1949	10	21	1.8761	 0.9367	 0.2606	 0.1632
1949	10	22	1.7628	 0.8682	 0.2043	 0.1632
1949	10	23	1.7894	 0.8445	 0.0690	 0.1632
1949	10	24	1.0355	 0.4824	 0.0523	 0.1632
1949	10	25	0.4054	 0.1866	 0.0489	 0.1253
1949	10	26	0.3342	 0.1833	 0.1469	 0.4232
1949	10	27	8.9044	 4.8522	 1.7083	 0.7940
1949	10	28	24.3526	 11.4817	 3.3065	 0.7940
1949	10	29	25.0234	 11.5961	 3.3935	 0.7940
1949	10	30	24.9846	 11.3207	 3.3113	 0.7940
1949	10	31	24.9159	 11.0569	 3.2580	 0.7940
1949	11	01	24.8770	 10.8424	 3.2070	 0.7940
1949	11	02	24.7042	 10.5656	 3.1393	 0.7940
1949	11	03	24.4296	 10.2632	 3.0664	 0.7940
1949	11	04	24.0717	 9.9475	 3.0043	 0.7940
1949	11	05	23.6028	 9.6052	 2.9107	 0.7940
1949	11	06	23.2728	 9.3432	 2.8366	 0.7940
1949	11	07	23.3319	 9.2778	 2.8262	 0.7940
1949	11	08	28.8014	 12.0852	 3.4917	 0.7940
1949	11	09	33.7361	 14.5088	 3.6680	 0.9916
1949	11	10	54.6113	 24.1904	 4.0297	 1.0000
1949	11	11	98.2186	 40.6174	 4.2967	 1.0000
1949	11	12	117.5011	 45.4957	 4.3918	 1.0000
1949	11	13	128.2397	 47.0946	 4.4935	 1.0000
1949	11	14	136.0859	 48.2990	 4.7007	 1.0000
1949	11	15	136.1424	 47.0931	 4.7241	 1.0000
1949	11	16	136.0641	 46.0006	 4.6834	 1.0000
1949	11	17	136.0763	 45.1531	 4.6333	 1.0000
1949	11	18	136.3509	 44.5225	 4.6632	 1.0000
1949	11	19	136.3261	 43.7991	 4.6598	 1.0000
1949	11	20	136.2932	 43.2926	 4.6592	 1.0000
1949	11	21	140.3224	 45.9432	 4.7249	 1.0000
1949	11	22	153.4609	 53.4162	 4.6902	 1.0000
1949	11	23	179.0209	 65.1472	 4.9179	 1.0000
1949	11	24	205.8443	 73.4378	 4.9960	 1.0000
1949	11	25	229.7624	 79.3418	 5.1846	 1.0000
1949	11	26	290.9991	 98.0563	 4.6919	 1.0000
1949	11	27	337.2338	 110.1910	 4.9006	 1.0000
1949	11	28	354.0056	 113.1454	 4.8806	 1.0000
1949	11	29	361.0430	 112.7096	 4.8858	 1.0000
1949	11	30	367.6815	 112.5901	 4.9155	 1.0000
1949	12	01	389.3640	 119.8032	 4.7857	 1.0000
1949	12	02	403.9225	 124.3853	 4.6784	 1.0000
1949	12	03	410.4242	 126.2998	 4.6952	 1.0000
1949	12	04	416.1451	 127.2879	 4.6436	 1.0000
1949	12	05	417.6286	 125.7749	 4.5510	 1.0000
1949	12	06	417.6279	 123.8218	 4.5906	 1.0000
1949	12	07	417.6408	 122.0569	 4.6095	 1.0000
1949	12	08	418.0729	 121.1265	 4.6176	 1.0000
1949	12	09	418.1311	 119.8335	 4.5476	 1.0000
1949	12	10	418.1149	 118.7405	 4.5621	 1.0000
1949	12	11	418.1232	 117.9319	 4.5806	 1.0000
1949	12	12	418.1187	 117.0184	 4.5889	 1.0000
1949	12	13	418.1581	 116.1213	 4.6212	 1.0000
1949	12	14	421.3342	 117.8761	 4.6082	 1.0000
1949	12	15	425.9435	 120.4941	 4.5559	 1.0000
1949	12	16	430.8619	 123.9275	 4.5535	 1.0000
1949	12	17	436.9612	 128.2247	 4.4448	 1.0000
1949	12	18	441.1220	 131.2790	 4.3740	 1.0000
1949	12	19	441.6346	 130.8367	 4.3658	 1.0000
1949	12	20	442.4915	 130.9152	 4.3623	 1.0000
1949	12	21	450.5111	 138.3243	 4.3778	 1.0000
1949	12	22	459.1929	 141.6342	 4.5477	 1.0000
1949	12	23	470.3180	 145.2877	 4.5521	 1.0000
1949	12	24	476.1650	 147.8156	 4.4103	 1.0000
1949	12	25	485.3776	 153.5508	 4.3589	 1.0000
1949	12	26	493.9852	 155.4070	 4.3017	 1.0000
1949	12	27	529.1122	 167.5548	 4.1626	 1.0000
1949	12	28	537.2313	 164.1323	 4.2006	 1.0000
1949	12	29	541.4088	 161.8461	 4.0342	 1.0000
1949	12	30	549.2327	 165.9336	 3.9502	 1.0000
1949	12	31	554.4694	 168.7434	 3.8078	 1.0000
1950	01	01	557.7277	 170.5775	 3.7246	 1.0000
1950	01	02	557.7116	 168.6793	 3.7271	 1.0000
1950	01	03	557.6898	 167.4663	 3.7188	 1.0000
1950	01	04	560.9161	 170.8076	 3.7223	 1.0000
1950	01	05	572.4480	 184.3554	 3.7202	 1.0000
1950	01	06	584.5445	 195.4248	 3.6913	 1.0000
1950	01	07	585.3513	 190.6249	 3.6128	 1.0000
1950	01	08	586.9833	 187.7172	 3.5955	 1.0000
1950	01	09	601.2591	 198.4966	 3.5600	 1.0000
1950	01	10	617.0747	 206.5131	 3.3563	 1.0000
1950	01	11	619.0371	 202.5731	 3.2851	 1.0000
1950	01	12	621.5733	 201.3764	 3.1862	 1.0000
1950	01	13	624.7757	 202.5470	 3.1697	 1.0000
1950	01	14	626.8021	 203.0183	 3.1691	 1.0000
1950	01	15	640.3774	 217.6402	 3.1686	 1.0000
1950	01	16	640.4748	 213.7240	 3.1667	 1.0000
1950	01	17	640.5375	 210.2186	 3.1052	 1.0000
1950	01	18	658.0464	 228.4065	 3.1748	 1.0000
1950	01	19	697.4813	 265.2179	 3.1694	 1.0000
1950	01	20	720.5895	 268.2127	 3.1676	 1.0000
1950	01	21	743.1294	 258.2442	 3.1891	 1.0000
1950	01	22	759.8153	 246.8833	 3.1264	 1.0000
1950	01	23	761.9282	 238.5177	 3.0052	 1.0000
1950	01	24	762.0342	 234.8368	 2.8707	 1.0000
1950	01	25	767.3040	 239.6495	 3.0030	 1.0000
1950	01	26	772.7760	 243.4264	 2.9892	 1.0000
1950	01	27	773.2168	 240.7437	 2.9890	 1.0000
1950	01	28	773.2681	 237.7635	 2.9226	 1.0000
1950	01	29	773.2601	 235.4741	 2.9219	 1.0000
1950	01	30	773.2355	 233.4801	 2.9098	 1.0000
1950	01	31	773.2277	 231.5676	 2.9091	 1.0000
1950	02	01	773.2279	 229.7108	 2.9055	 1.0000
1950	02	02	773.1819	 227.4501	 2.9013	 1.0000
1950	02	03	787.1024	 242.8304	 3.0078	 1.0000
1950	02	04	799.0194	 251.9372	 2.9919	 1.0000
1950	02	05	814.3520	 261.1145	 3.0142	 1.0000
1950	02	06	825.4516	 257.9529	 3.0139	 1.0000
1950	02	07	845.3156	 256.1884	 3.0058	 1.0000
1950	02	08	853.1352	 249.9170	 2.9419	 1.0000
1950	02	09	853.9914	 243.1066	 2.8971	 1.0000
1950	02	10	854.3899	 238.6624	 2.8934	 1.0000
1950	02	11	856.4724	 234.9577	 2.9009	 1.0000
1950	02	12	875.9112	 241.1877	 2.9688	 1.0000
1950	02	13	885.7802	 240.2976	 2.9520	 1.0000
1950	02	14	890.9403	 237.2807	 2.9486	 1.0000
1950	02	15	894.8555	 234.2117	 2.9069	 1.0000
1950	02	16	896.2292	 230.7041	 2.9135	 1.0000
1950	02	17	896.2609	 227.5379	 2.8957	 1.0000
1950	02	18	896.1553	 224.2925	 2.8657	 1.0000
1950	02	19	896.0864	 221.4824	 2.8639	 1.0000
1950	02	20	896.0406	 219.3123	 2.8762	 1.0000
1950	02	21	896.2044	 217.3543	 2.8725	 1.0000
1950	02	22	909.6501	 222.2207	 3.3951	 1.0000
1950	02	23	950.4181	 241.3699	 3.6179	 1.0000
1950	02	24	982.2336	 252.6547	 3.6142	 1.0000
1950	02	25	995.8991	 254.2884	 3.6329	 1.0000
1950	02	26	997.9297	 250.7678	 3.6088	 1.0000
1950	02	27	997.7314	 247.5569	 3.4976	 1.0000
1950	02	28	997.6696	 245.1652	 3.4811	 1.0000
1950	03	01	997.4502	 242.9460	 3.3549	 1.0000
1950	03	02	998.2958	 241.1295	 3.4289	 1.0000
1950	03	03	1013.0684	 243.9097	 4.0508	 1.0000
1950	03	04	1039.1814	 250.0224	 4.2474	 1.0000
1950	03	05	1046.8867	 249.7766	 4.6333	 1.0000
1950	03	06	1046.1936	 246.5508	 4.2779	 1.0000
1950	03	07	1049.6229	 246.3140	 4.7792	 1.0000
1950	03	08	1052.0655	 245.8113	 4.7705	 1.0000
1950	03	09	1054.7633	 245.4020	 4.7279	 1.0000
1950	03	10	1055.4688	 243.8718	 4.7323	 1.0000
1950	03	11	1055.2967	 242.2743	 4.6407	 1.0000
1950	03	12	1055.7083	 241.5665	 4.6206	 1.0000
1950	03	13	1055.7588	 240.3126	 4.6197	 1.0000
1950	03	14	1055.7576	 238.8199	 4.6315	 1.0000
1950	03	15	1067.5377	 242.2855	 4.8953	 1.0000
1950	03	16	1089.9526	 249.7637	 4.8276	 1.0000
1950	03	17	1102.6209	 252.7204	 4.7636	 1.0000
1950	03	18	1127.9731	 263.1618	 4.7063	 1.0000
1950	03	19	1138.9606	 267.8443	 4.5588	 1.0000
1950	03	20	1142.1836	 267.7198	 4.6163	 1.0000
1950	03	21	1145.5293	 266.6778	 4.5980	 1.0000
1950	03	22	1154.9576	 268.7121	 4.5944	 1.0000
1950	03	23	1165.6579	 272.6752	 4.5601	 1.0000
1950	03	24	1168.4900	 271.5013	 4.5348	 1.0000
1950	03	25	1168.4133	 269.0686	 4.4673	 1.0000
1950	03	26	1174.4029	 270.0783	 4.4772	 1.0000
1950	03	27	1178.8973	 270.0401	 4.3161	 1.0000
1950	03	28	1178.6764	 267.9656	 4.0608	 1.0000
1950	03	29	1181.9608	 268.1001	 4.1712	 1.0000
1950	03	30	1183.2062	 266.5728	 4.2172	 1.0000
1950	03	31	1189.1961	 267.4221	 4.3541	 1.0000
1950	04	01	1191.5715	 266.4052	 4.2479	 1.0000
1950	04	02	1191.3483	 264.3935	 4.0493	 1.0000
1950	04	03	1190.9482	 262.5082	 3.8151	 1.0000
1950	04	04	1190.7627	 260.9185	 3.5809	 1.0000
1950	04	05	1191.8800	 260.0541	 3.7344	 1.0000
1950	04	06	1195.0378	 260.2686	 3.9312	 1.0000
1950	04	07	1197.4793	 260.3885	 4.2526	 1.0000
1950	04	08	1201.5026	 260.6240	 4.2653	 1.0000
1950	04	09	1201.2891	 259.0929	 4.0719	 1.0000
1950	04	10	1202.0734	 257.6816	 3.2073	 1.0000
1950	04	11	1207.4998	 257.9750	 2.7430	 1.0000
1950	04	12	1208.4969	 256.8473	 2.7236	 1.0000
1950	04	13	1208.4396	 255.5145	 2.3846	 1.0000
1950	04	14	1218.5453	 258.3035	 2.8157	 1.0000
1950	04	15	1228.1052	 260.5532	 3.3037	 1.0000
1950	04	16	1232.1379	 260.8843	 3.4380	 1.0000
1950	04	17	1231.8856	 259.5336	 3.1187	 1.0000
1950	04	18	1232.2856	 258.4027	 2.5214	 1.0000
1950	04	19	1233.9414	 257.2268	 0.1862	 1.0000
1950	04	20	1233.5663	 255.6861	 0.0000	 1.0000
1950	04	21	1237.3823	 255.8470	 1.3289	 1.0000
1950	04	22	1239.7669	 256.0869	 1.6964	 1.0000
1950	04	23	1240.4705	 255.6537	 1.5041	 1.0000
1950	04	24	1240.8920	 254.6782	 0.4620	 1.0000
1950	04	25	1239.7238	 253.3778	 0.4087	 1.0000
1950	04	26	1239.6705	 252.5349	 0.4800	 1.0000
1950	04	27	1238.9746	 251.4512	 0.3147	 1.0000
1950	04	28	1237.9611	 250.2973	 0.1052	 1.0000
1950	04	29	1234.9618	 248.7207	 0.0000	 1.0000
1950	04	30	1240.8073	 249.8719	 0.6294	 1.0000
1950	05	01	1244.9930	 250.1124	 0.6809	 1.0000
1950	05	02	1246.6180	 249.7896	 1.0208	 1.0000
1950	05	03	1251.2218	 250.4491	 1.2085	 1.0000
1950	05	04	1252.4102	 250.0074	 0.7726	 1.0000
1950	05	05	1250.7074	 248.8930	 0.4662	 1.0000
1950	05	06	1247.9419	 247.4568	 0.0000	 1.0000
1950	05	07	1244.6132	 245.9616	 0.0000	 1.0000
1950	05	08	1238.9554	 243.9975	 0.0000	 1.0000
1950	05	09	1231.0255	 241.5776	 0.0000	 1.0000
1950	05	10	1220.2185	 238.6310	 0.0000	 1.0000
1950	05	11	1205.3136	 234.9464	 0.0000	 1.0000
1950	05	12	1184.4952	 230.1708	 0.0000	 1.0000
1950	05	13	1165.3011	 225.7596	 0.0000	 1.0000
1950	05	14	1146.7690	 221.5287	 0.0000	 1.0000
1950	05	15	1128.8072	 217.4495	 0.0000	 1.0000
1950	05	16	1105.3912	 212.3802	 0.0000	 1.0000
1950	05	17	1088.6566	 208.6216	 0.0000	 1.0000
1950	05	18	1078.3898	 206.1677	 0.0000	 1.0000
1950	05	19	1061.8788	 202.5336	 0.0000	 0.9944
1950	05	20	1038.4093	 197.5805	 0.0000	 0.9916
1950	05	21	1012.4131	 192.1832	 0.0000	 0.9916
1950	05	22	995.8637	 188.6299	 0.0000	 0.9664
1950	05	23	980.5699	 185.3754	 0.0000	 0.9664
1950	05	24	962.1700	 181.5482	 0.0000	 0.9664
1950	05	25	937.1221	 176.4665	 0.0000	 0.9664
1950	05	26	905.9067	 170.2430	 0.0000	 0.9664
1950	05	27	878.9283	 164.8448	 0.0000	 0.9664
1950	05	28	860.9791	 161.1834	 0.0000	 0.9664
1950	05	29	846.4403	 158.1779	 0.0000	 0.9664
1950	05	30	825.9760	 154.0861	 0.0000	 0.9664
1950	05	31	799.4688	 148.8672	 0.0000	 0.9583
1950	06	01	770.0085	 143.1083	 0.0000	 0.9339
1950	06	02	748.0626	 138.7811	 0.0000	 0.9339
1950	06	03	718.5110	 133.0494	 0.0000	 0.9256
1950	06	04	691.1773	 127.7544	 0.0000	 0.9006
1950	06	05	679.9190	 125.4964	 0.1062	 0.8953
1950	06	06	676.4351	 124.8017	 0.1608	 0.8015
1950	06	07	674.2398	 124.3706	 0.2725	 0.8015
1950	06	08	670.7815	 123.7414	 0.4129	 0.8341
1950	06	09	662.7436	 122.1132	 0.0910	 0.7614
1950	06	10	654.2166	 120.3354	 0.0000	 0.7202
1950	06	11	639.1748	 117.4242	 0.0000	 0.6964
1950	06	12	621.4697	 113.9902	 0.0000	 0.6964
1950	06	13	604.0096	 110.6175	 0.0000	 0.6964
1950	06	14	586.4770	 107.2576	 0.0000	 0.6885
1950	06	15	568.4781	 103.8463	 0.0000	 0.6885
1950	06	16	552.5053	 100.8253	 0.0000	 0.6647
1950	06	17	534.5798	 97.4547	 0.0000	 0.6647
1950	06	18	516.9973	 94.1572	 0.0000	 0.6647
1950	06	19	494.5032	 89.9753	 0.0000	 0.6647
1950	06	20	469.4186	 85.3338	 0.0000	 0.6647
1950	06	21	452.8262	 82.2466	 0.0000	 0.6647
1950	06	22	443.5895	 80.5083	 0.0385	 0.6647
1950	06	23	435.8686	 79.0530	 0.0000	 0.6647
1950	06	24	427.2936	 77.4356	 0.0000	 0.6647
1950	06	25	416.4637	 75.4139	 0.0000	 0.6647
1950	06	26	401.0620	 72.5682	 0.0000	 0.6647
1950	06	27	382.7089	 69.1941	 0.0000	 0.6647
1950	06	28	359.3987	 64.9303	 0.0000	 0.6647
1950	06	29	337.1812	 60.8714	 0.0000	 0.6647
1950	06	30	315.8978	 56.9878	 0.0000	 0.6647
1950	07	01	295.6166	 53.2909	 0.0000	 0.6647
1950	07	02	274.9689	 49.5329	 0.0000	 0.6647
1950	07	03	251.8678	 45.3372	 0.0000	 0.6647
1950	07	04	229.9419	 41.3616	 0.0000	 0.5362
1950	07	05	212.5340	 38.2091	 0.0000	 0.5362
1950	07	06	196.1177	 35.2388	 0.0000	 0.5362
1950	07	07	184.4696	 33.1305	 0.0000	 0.4972
1950	07	08	175.1272	 31.4602	 0.0000	 0.4972
1950	07	09	165.5059	 29.7313	 0.0000	 0.4972
1950	07	10	157.7611	 28.3277	 0.0000	 0.4972
1950	07	11	147.2474	 26.4282	 0.0000	 0.4972
1950	07	12	137.0737	 24.5914	 0.0000	 0.4972
1950	07	13	115.8301	 20.7684	 0.0000	 0.4972
1950	07	14	103.1676	 18.4885	 0.0000	 0.4972
1950	07	15	96.1149	 17.2185	 0.0000	 0.3662
1950	07	16	88.6446	 15.8745	 0.0000	 0.3662
1950	07	17	80.6793	 14.4460	 0.0000	 0.3662
1950	07	18	71.1314	 12.7424	 0.0000	 0.3662
1950	07	19	64.2124	 11.4980	 0.0000	 0.3265
1950	07	20	53.1824	 9.5171	 0.0000	 0.3265
1950	07	21	44.7397	 8.0008	 0.0000	 0.3265
1950	07	22	37.3335	 6.6730	 0.0000	 0.2012
1950	07	23	32.1068	 5.7374	 0.0000	 0.2012
1950	07	24	25.6534	 4.5829	 0.0000	 0.2012
1950	07	25	20.2421	 3.6152	 0.0000	 0.1632
1950	07	26	15.7301	 2.8086	 0.0000	 0.1632
1950	07	27	11.8558	 2.1161	 0.0000	 0.1632
1950	07	28	8.9158	 1.5922	 0.0000	 0.1632
1950	07	29	6.4893	 1.1581	 0.0000	 0.1632
1950	07	30	3.4878	 0.6212	 0.0000	 0.1632
1950	07	31	2.5129	 0.4474	 0.0000	 0.0379
1950	08	01	1.3334	 0.2374	 0.0000	 0.0379
1950	08	02	0.4895	 0.0871	 0.0000	 0.0379
1950	08	03	0.0000	 0.0000	 0.0000	 0.0000
1950	08	04	0.0000	 0.0000	 0.0000	 0.0000
1950	08	05	0.0000	 0.0000	 0.0000	 0.0000
1950	08	06	0.0000	 0.0000	 0.0000	 0.0000
1950	08	07	0.0000	 0.0000	 0.0000	 0.0000
1950	08	08	0.0000	 0.0000	 0.0000	 0.0000
1950	08	09	0.0000	 0.0000	 0.0000	 0.0000
1950	08	10	0.0000	 0.0000	 0.0000	 0.0000
1950	08	11	0.0000	 0.0000	 0.0000	 0.0000
1950	08	12	0.0000	 0.0000	 0.0000	 0.0000
1950	08	13	0.0000	 0.0000	 0.0000	 0.0000
1950	08	14	0.0000	 0.0000	 0.0000	 0.0000
1950	08	15	0.0000	 0.0000	 0.0000	 0.0000
1950	08	16	0.0000	 0.0000	 0.0000	 0.0000
1950	08	17	0.0000	 0.0000	 0.0000	 0.0000
1950	08	18	0.0000	 0.0000	 0.0000	 0.0000
1950	08	19	0.0000	 0.0000	 0.0000	 0.0000
1950	08	20	0.0000	 0.0000	 0.0000	 0.0000
1950	08	21	0.0000	 0.0000	 0.0000	 0.0000
1950	08	22	0.0000	 0.0000	 0.0000	 0.0000
1950	08	23	0.0000	 0.0000	 0.0000	 0.0000
1950	08	24	0.0000	 0.0000	 0.0000	 0.0000
1950	08	25	0.0000	 0.0000	 0.0000	 0.0000
1950	08	26	0.0000	 0.0000	 0.0000	 0.0000
1950	08	27	0.0000	 0.0000	 0.0000	 0.0000
1950	08	28	0.0000	 0.0000	 0.0000	 0.0000
1950	08	29	0.0000	 0.0000	 0.0000	 0.0000
1950	08	30	0.0000	 0.0000	 0.0000	 0.0000
1950	08	31	0.0000	 0.0000	 0.0000	 0.0000
1950	09	01	0.0000	 0.0000	 0.0000	 0.0000
1950	09	02	0.0000	 0.0000	 0.0000	 0.0000
1950	09	03	0.0000	 0.0000	 0.0000	 0.0000
1950	09	04	0.0000	 0.0000	 0.0000	 0.0000
1950	09	05	0.0000	 0.0000	 0.0000	 0.0000
1950	09	06	0.0000	 0.0000	 0.0000	 0.0000
1950	09	07	0.0000	 0.0000	 0.0000	 0.0000
1950	09	08	0.0000	 0.0000	 0.0000	 0.0000
1950	09	09	0.0000	 0.0000	 0.0000	 0.0000
1950	09	10	0.0000	 0.0000	 0.0000	 0.0000
1950	09	11	0.0000	 0.0000	 0.0000	 0.0000
1950	09	12	0.0000	 0.0000	 0.0000	 0.0000
1950	09	13	0.0000	 0.0000	 0.0000	 0.0000
1950	09	14	0.0000	 0.0000	 0.0000	 0.0000
1950	09	15	0.0000	 0.0000	 0.0000	 0.0000
1950	09	16	0.0000	 0.0000	 0.0000	 0.0000
1950	09	17	0.0000	 0.0000	 0.0000	 0.0000
1950	09	18	0.0000	 0.0000	 0.0000	 0.0000
1950	09	19	0.0000	 0.0000	 0.0000	 0.0000
1950	09	20	0.0000	 0.0000	 0.0000	 0.0000
1950	09	21	0.0000	 0.0000	 0.0000	 0.0000
1950	09	22	0.0000	 0.0000	 0.0000	 0.0000
1950	09	23	0.0000	 0.0000	 0.0000	 0.0000
1950	09	24	0.0000	 0.0000	 0.0000	 0.0000
1950	09	25	0.0020	 0.0013	 0.0236	 0.0318
1950	09	26	0.0000	 0.0000	 0.1351	 0.0000
1950	09	27	0.0000	 0.0000	 0.0000	 0.0000
1950	09	28	0.0000	 0.0000	 0.0000	 0.0000
1950	09	29	0.0000	 0.0000	 0.0000	 0.0000
1950	09	30	0.0000	 0.0000	 0.2053	 0.0238
1950	10	01	0.0014	 0.0016	 0.2783	 0.2594
1950	10	02	0.0603	 0.0719	 0.4612	 0.4901
1950	10	03	1.3012	 1.0058	 1.2130	 0.7859
1950	10	04	4.8395	 3.1628	 0.9691	 0.7940
1950	10	05	8.9497	 4.8481	 1.3386	 0.7940
1950	10	06	9.4314	 4.9626	 0.3954	 0.7886
1950	10	07	11.0639	 5.3646	 0.7450	 0.5940
1950	10	08	11.3124	 5.2475	 0.5807	 0.6266
1950	10	09	30.9182	 15.0768	 2.8926	 1.0000
1950	10	10	37.5176	 16.8904	 1.7631	 0.7940
1950	10	11	39.7602	 17.1194	 1.0063	 0.7940
1950	10	12	39.0312	 15.9596	 0.4578	 0.7940
1950	10	13	37.0970	 14.4917	 0.0193	 0.7940
1950	10	14	35.6811	 13.4477	 0.2961	 0.7940
1950	10	15	35.1710	 13.0118	 0.0000	 0.6266
1950	10	16	35.2810	 12.8616	 0.1419	 0.6266
1950	10	17	38.7016	 14.4190	 1.5048	 0.7940
1950	10	18	44.5072	 16.6795	 1.9001	 0.7940
1950	10	19	46.2959	 17.1557	 2.1164	 0.7940
1950	10	20	47.2184	 17.2539	 2.0823	 0.7940
1950	10	21	46.6175	 16.7085	 2.0616	 0.7940
1950	10	22	46.1218	 16.2661	 2.0736	 0.6655
1950	10	23	46.8607	 16.5297	 2.3903	 0.6655
1950	10	24	63.6229	 25.3487	 3.5860	 1.0000
1950	10	25	70.4566	 27.1895	 4.6246	 1.0000
1950	10	26	89.1856	 35.5221	 5.0313	 1.0000
1950	10	27	128.4213	 48.4385	 5.1725	 1.0000
1950	10	28	141.2141	 51.7004	 5.1857	 1.0000
1950	10	29	143.4422	 50.9307	 5.1578	 1.0000
1950	10	30	144.3072	 49.9271	 5.1415	 1.0000
1950	10	31	164.3362	 59.3636	 5.2615	 1.0000
1950	11	01	187.4347	 68.8412	 4.8609	 1.0000
1950	11	02	188.4617	 66.6743	 4.9309	 1.0000
1950	11	03	189.9099	 64.8645	 4.9890	 1.0000
1950	11	04	194.2882	 64.5982	 4.9557	 1.0000
1950	11	05	195.8494	 63.6892	 5.0365	 1.0000
1950	11	06	196.0292	 62.4670	 5.0131	 1.0000
1950	11	07	196.0008	 61.3250	 5.0075	 1.0000
1950	11	08	195.9438	 60.5364	 4.9776	 1.0000
1950	11	09	195.8615	 59.9006	 4.9437	 1.0000
1950	11	10	195.7986	 59.2755	 4.9487	 1.0000
1950	11	11	197.4940	 60.0751	 4.9302	 1.0000
1950	11	12	197.6586	 59.7205	 4.8352	 1.0000
1950	11	13	199.5449	 61.2615	 4.8427	 1.0000
1950	11	14	207.7088	 68.0628	 4.8346	 1.0000
1950	11	15	224.7422	 79.9495	 4.7509	 1.0000
1950	11	16	236.0537	 82.5358	 4.8925	 1.0000
1950	11	17	244.4656	 85.2321	 4.8482	 1.0000
1950	11	18	246.8284	 85.4545	 4.8168	 1.0000
1950	11	19	272.6110	 107.4389	 4.8186	 1.0000
1950	11	20	320.2287	 129.9057	 4.8033	 1.0000
1950	11	21	349.8376	 131.8385	 4.8704	 1.0000
1950	11	22	369.6954	 128.0809	 5.0616	 1.0000
1950	11	23	388.0165	 128.4576	 5.1494	 1.0000
1950	11	24	416.3880	 133.9561	 5.1580	 1.0000
1950	11	25	441.3874	 138.7601	 5.1670	 1.0000
1950	11	26	447.4246	 136.0795	 5.2072	 1.0000
1950	11	27	450.4226	 133.4171	 5.2049	 1.0000
1950	11	28	450.4081	 131.1265	 5.2339	 1.0000
1950	11	29	457.6227	 134.3769	 5.2540	 1.0000
1950	11	30	466.3044	 139.0784	 5.1871	 1.0000
1950	12	01	469.4911	 139.9834	 4.9605	 1.0000
1950	12	02	470.8209	 138.8632	 4.9507	 1.0000
1950	12	03	472.0217	 137.5469	 4.9393	 1.0000
1950	12	04	472.1559	 135.4989	 4.9483	 1.0000
1950	12	05	487.9468	 147.3185	 4.8926	 1.0000
1950	12	06	498.8785	 154.9919	 4.8764	 1.0000
1950	12	07	502.6820	 154.0866	 4.8850	 1.0000
1950	12	08	509.4420	 154.2234	 4.8673	 1.0000
1950	12	09	520.2335	 156.4602	 4.8180	 1.0000
1950	12	10	523.9015	 153.8441	 4.7772	 1.0000
1950	12	11	524.4207	 150.2395	 4.7852	 1.0000
1950	12	12	524.4425	 147.3430	 4.7921	 1.0000
1950	12	13	526.6038	 147.2796	 4.7868	 1.0000
1950	12	14	536.9471	 154.5507	 4.7633	 1.0000
1950	12	15	545.9982	 157.7461	 4.7287	 1.0000
1950	12	16	556.2523	 161.3313	 4.7198	 1.0000
1950	12	17	558.0622	 158.7699	 4.7026	 1.0000
1950	12	18	565.0532	 159.3385	 4.6746	 1.0000
1950	12	19	575.3218	 161.7365	 4.6335	 1.0000
1950	12	20	578.5507	 159.9964	 4.7259	 1.0000
1950	12	21	587.1785	 160.9842	 5.0104	 1.0000
1950	12	22	598.1662	 163.3720	 5.0188	 1.0000
1950	12	23	604.0609	 163.5417	 5.0234	 1.0000
1950	12	24	608.7385	 163.0436	 4.9962	 1.0000
1950	12	25	614.3680	 163.9901	 5.0138	 1.0000
1950	12	26	618.9037	 164.8769	 5.0211	 1.0000
1950	12	27	623.9773	 166.1655	 4.9962	 1.0000
1950	12	28	626.6070	 165.6964	 4.9864	 1.0000
1950	12	29	628.1361	 164.4248	 4.9646	 1.0000
1950	12	30	628.5380	 162.6335	 4.8693	 1.0000
1950	12	31	636.7897	 165.7444	 4.9736	 1.0000
1951	01	01	653.8417	 172.6984	 4.7973	 1.0000
1951	01	02	684.5822	 187.7181	 4.7373	 1.0000
1951	01	03	691.5958	 188.5112	 4.5336	 1.0000
1951	01	04	693.1889	 186.8184	 4.5198	 1.0000
1951	01	05	693.7972	 185.4194	 4.5199	 1.0000
1951	01	06	693.8131	 183.7848	 4.5381	 1.0000
1951	01	07	694.5948	 183.0475	 4.4956	 1.0000
1951	01	08	695.0397	 182.1800	 4.4927	 1.0000
1951	01	09	698.2831	 184.3512	 4.5055	 1.0000
1951	01	10	702.2617	 185.6919	 4.4929	 1.0000
1951	01	11	702.2958	 183.5405	 4.5022	 1.0000
1951	01	12	723.0943	 198.0187	 4.5030	 1.0000
1951	01	13	750.0329	 212.8061	 4.4242	 1.0000
1951	01	14	785.9762	 227.6066	 4.4028	 1.0000
1951	01	15	829.6892	 243.6522	 4.2112	 1.0000
1951	01	16	862.0505	 258.6600	 4.1149	 1.0000
1951	01	17	877.4832	 259.8180	 3.9707	 1.0000
1951	01	18	882.0637	 257.0133	 3.9740	 1.0000
1951	01	19	904.6444	 268.0077	 3.9636	 1.0000
1951	01	20	934.6066	 282.1460	 3.9371	 1.0000
1951	01	21	951.5406	 283.1603	 3.8334	 1.0000
1951	01	22	952.9033	 274.1916	 3.8015	 1.0000
1951	01	23	962.3566	 273.8390	 3.8209	 1.0000
1951	01	24	972.4208	 271.5682	 3.8319	 1.0000
1951	01	25	982.2154	 268.6085	 3.9517	 1.0000
1951	01	26	984.4249	 264.1343	 3.7718	 1.0000
1951	01	27	984.3492	 261.5335	 3.7017	 1.0000
1951	01	28	984.1105	 260.0003	 3.5994	 1.0000
1951	01	29	984.0851	 258.8016	 3.5972	 1.0000
1951	01	30	984.0809	 257.6602	 3.6003	 1.0000
1951	01	31	987.1110	 260.4867	 3.6238	 1.0000
1951	02	01	1013.9253	 292.7053	 3.6118	 1.0000
1951	02	02	1047.6045	 320.0301	 3.5673	 1.0000
1951	02	03	1058.9793	 317.2726	 3.5139	 1.0000
1951	02	04	1059.9150	 307.8835	 3.4797	 1.0000
1951	02	05	1061.3248	 300.8450	 3.4543	 1.0000
1951	02	06	1072.0193	 303.7035	 3.4944	 1.0000
1951	02	07	1102.6429	 314.0151	 3.5109	 1.0000
1951	02	08	1168.3336	 333.4267	 3.5184	 1.0000
1951	02	09	1249.9419	 344.4314	 4.0529	 1.0000
1951	02	10	1275.6398	 337.7061	 4.1241	 1.0000
1951	02	11	1276.3564	 329.1215	 3.9642	 1.0000
1951	02	12	1277.3066	 324.9955	 3.9514	 1.0000
1951	02	13	1277.1690	 321.3688	 3.8952	 1.0000
1951	02	14	1277.7883	 318.4673	 3.7978	 1.0000
1951	02	15	1278.2503	 315.0790	 3.7735	 1.0000
1951	02	16	1278.2812	 311.9298	 3.7517	 1.0000
1951	02	17	1278.4506	 308.6092	 3.7283	 1.0000
1951	02	18	1281.5531	 307.1392	 3.7120	 1.0000
1951	02	19	1292.0319	 311.0411	 3.6681	 1.0000
1951	02	20	1299.8319	 312.2116	 3.7219	 1.0000
1951	02	21	1299.7877	 309.0274	 3.6628	 1.0000
1951	02	22	1299.4351	 306.2860	 3.5023	 1.0000
1951	02	23	1299.3537	 304.2547	 3.4649	 1.0000
1951	02	24	1299.6557	 302.6111	 3.4044	 1.0000
1951	02	25	1299.5451	 300.7293	 3.3319	 1.0000
1951	02	26	1299.4758	 299.1427	 3.2924	 1.0000
1951	02	27	1299.3983	 297.7628	 3.2522	 1.0000
1951	02	28	1299.3717	 296.4263	 3.2438	 1.0000
1951	03	01	1299.3367	 295.1028	 3.2325	 1.0000
1951	03	02	1299.3070	 293.7816	 3.0436	 1.0000
1951	03	03	1332.1391	 321.2634	 3.2428	 1.0000
1951	03	04	1356.3798	 336.7997	 3.0594	 1.0000
1951	03	05	1362.0524	 338.4224	 2.8587	 1.0000
1951	03	06	1368.2156	 341.5264	 2.8131	 1.0000
1951	03	07	1376.5498	 347.0561	 2.8039	 1.0000
1951	03	08	1389.9750	 354.7561	 2.7650	 1.0000
1951	03	09	1393.2965	 353.0615	 2.6383	 1.0000
1951	03	10	1395.8962	 352.1138	 2.5945	 1.0000
1951	03	11	1412.6539	 365.0755	 2.6305	 1.0000
1951	03	12	1430.0670	 370.5085	 2.6117	 1.0000
1951	03	13	1435.4893	 367.0901	 2.6226	 1.0000
1951	03	14	1462.0003	 367.7040	 3.2731	 1.0000
1951	03	15	1488.5369	 371.0201	 3.3971	 1.0000
1951	03	16	1507.3985	 376.3479	 3.1169	 1.0000
1951	03	17	1507.4932	 370.7793	 3.0691	 1.0000
1951	03	18	1507.5048	 365.8953	 2.9792	 1.0000
1951	03	19	1507.4492	 360.9821	 2.9602	 1.0000
1951	03	20	1507.3488	 355.5945	 2.9357	 1.0000
1951	03	21	1509.0466	 351.3356	 3.0678	 1.0000
1951	03	22	1509.6310	 347.2776	 2.8747	 1.0000
1951	03	23	1509.5848	 343.4220	 2.8141	 1.0000
1951	03	24	1509.5008	 339.8168	 2.7962	 1.0000
1951	03	25	1509.4756	 336.4528	 2.7703	 1.0000
1951	03	26	1508.9175	 332.9984	 2.5285	 1.0000
1951	03	27	1508.3264	 330.0351	 2.2877	 1.0000
1951	03	28	1512.2630	 329.7664	 2.6688	 1.0000
1951	03	29	1516.1581	 329.5552	 2.7004	 1.0000
1951	03	30	1515.9127	 327.4794	 2.4515	 1.0000
1951	03	31	1515.7178	 325.3286	 2.2988	 1.0000
1951	04	01	1515.7099	 323.2422	 2.0596	 1.0000
1951	04	02	1516.1162	 321.1848	 1.3555	 1.0000
1951	04	03	1516.3081	 319.0220	 0.8936	 1.0000
1951	04	04	1516.2519	 316.7996	 0.3257	 1.0000
1951	04	05	1514.8426	 314.4347	 0.2020	 1.0000
1951	04	06	1513.3042	 312.2034	 0.0000	 1.0000
1951	04	07	1511.5445	 310.0450	 0.0000	 1.0000
1951	04	08	1509.2819	 307.8424	 0.0000	 1.0000
1951	04	09	1506.0652	 305.6071	 0.0000	 1.0000
1951	04	10	1502.6097	 303.4747	 0.0000	 1.0000
1951	04	11	1495.9975	 300.7007	 0.0000	 1.0000
1951	04	12	1487.3199	 297.5225	 0.0000	 1.0000
1951	04	13	1477.8718	 294.3109	 0.0000	 1.0000
1951	04	14	1469.3017	 291.4316	 0.0000	 1.0000
1951	04	15	1460.1797	 288.4986	 0.0000	 1.0000
1951	04	16	1448.3681	 284.9980	 0.0000	 1.0000
1951	04	17	1435.7548	 281.4016	 0.0000	 1.0000
1951	04	18	1424.9073	 278.2908	 0.0000	 1.0000
1951	04	19	1420.9058	 276.7979	 0.0000	 1.0000
1951	04	20	1417.4712	 275.4634	 0.0000	 1.0000
1951	04	21	1409.4325	 273.1480	 0.0000	 1.0000
1951	04	22	1398.4325	 270.2155	 0.0000	 1.0000
1951	04	23	1386.9577	 267.2372	 0.0000	 1.0000
1951	04	24	1373.1056	 263.8233	 0.0000	 1.0000
1951	04	25	1351.8982	 258.9615	 0.0000	 1.0000
1951	04	26	1346.2118	 257.1505	 0.0229	 1.0000
1951	04	27	1345.8961	 256.6320	 0.5941	 1.0000
1951	04	28	1345.7601	 256.1045	 0.4111	 1.0000
1951	04	29	1344.3234	 255.2484	 0.0110	 1.0000
1951	04	30	1341.5349	 254.1451	 0.0000	 1.0000
1951	05	01	1336.4076	 252.5520	 0.0000	 1.0000
1951	05	02	1326.5813	 250.1138	 0.0000	 1.0000
1951	05	03	1314.2537	 247.2063	 0.0000	 1.0000
1951	05	04	1304.8870	 244.9650	 0.0542	 0.9944
1951	05	05	1294.2585	 242.6270	 0.0405	 0.9944
1951	05	06	1280.4007	 239.4593	 0.0055	 0.9916
1951	05	07	1268.2650	 236.6763	 0.0890	 0.9916
1951	05	08	1252.2035	 233.1520	 0.0330	 0.9664
1951	05	09	1227.9878	 228.1601	 0.0000	 0.9664
1951	05	10	1210.0769	 224.6471	 0.2672	 0.9664
1951	05	11	1203.2910	 224.1811	 1.0038	 0.9664
1951	05	12	1201.9077	 223.8317	 0.3474	 0.9664
1951	05	13	1192.5827	 221.7224	 0.0000	 0.9664
1951	05	14	1174.5522	 217.9036	 0.0000	 0.9664
1951	05	15	1148.6745	 212.6729	 0.0000	 0.9664
1951	05	16	1123.9889	 207.6843	 0.0000	 0.9664
1951	05	17	1100.6262	 202.9605	 0.0000	 0.9664
1951	05	18	1084.0824	 199.5301	 0.0000	 0.9664
1951	05	19	1063.0762	 195.3121	 0.0000	 0.9664
1951	05	20	1041.2141	 190.9415	 0.0000	 0.9664
1951	05	21	1014.1343	 185.6286	 0.0000	 0.9664
1951	05	22	989.3031	 180.7770	 0.0000	 0.9664
1951	05	23	966.6745	 176.3377	 0.2552	 0.9664
1951	05	24	964.9757	 176.1037	 0.4629	 0.9664
1951	05	25	959.1380	 174.9050	 0.4105	 0.9664
1951	05	26	941.5912	 171.6025	 0.0000	 0.9610
1951	05	27	926.9946	 168.6557	 0.0000	 0.9610
1951	05	28	919.3406	 167.0065	 0.0000	 0.9583
1951	05	29	909.0482	 164.8934	 0.0000	 0.9583
1951	05	30	897.7059	 162.5881	 0.0000	 0.9583
1951	05	31	883.5085	 159.7703	 0.0000	 0.8938
1951	06	01	866.4819	 156.4416	 0.0000	 0.8938
1951	06	02	848.5615	 152.9808	 0.0021	 0.8938
1951	06	03	832.4115	 149.9281	 0.0068	 0.8938
1951	06	04	821.1436	 147.9879	 0.1011	 0.7614
1951	06	05	814.5646	 146.7830	 0.2283	 0.7614
1951	06	06	808.2288	 145.6784	 0.1215	 0.7614
1951	06	07	799.4644	 143.9249	 0.2218	 0.7614
1951	06	08	789.5803	 141.9878	 0.0123	 0.7614
1951	06	09	766.4951	 137.6682	 0.0000	 0.7614
1951	06	10	746.3516	 133.8634	 0.0000	 0.7614
1951	06	11	725.6256	 129.9517	 0.0000	 0.7559
1951	06	12	704.9333	 126.0520	 0.0000	 0.7559
1951	06	13	683.7223	 122.0667	 0.0000	 0.7531
1951	06	14	661.1238	 117.8593	 0.0000	 0.7282
1951	06	15	643.0444	 114.4766	 0.0000	 0.7282
1951	06	16	626.1774	 111.3274	 0.0000	 0.7229
1951	06	17	607.2646	 107.8198	 0.0000	 0.7202
1951	06	18	590.9727	 104.8066	 0.0000	 0.6964
1951	06	19	576.2809	 102.0891	 0.0000	 0.6964
1951	06	20	562.1673	 99.4842	 0.0000	 0.6911
1951	06	21	542.1594	 95.8427	 0.0000	 0.6885
1951	06	22	526.9791	 93.0818	 0.0000	 0.6647
1951	06	23	512.4277	 90.4411	 0.0000	 0.6647
1951	06	24	499.3133	 88.0587	 0.0000	 0.6647
1951	06	25	473.1187	 83.3725	 0.0000	 0.6647
1951	06	26	456.2622	 80.3418	 0.0000	 0.6647
1951	06	27	439.3406	 77.3042	 0.0000	 0.6647
1951	06	28	422.7387	 74.3276	 0.0000	 0.6647
1951	06	29	405.0977	 71.1726	 0.0000	 0.6647
1951	06	30	386.2128	 67.8040	 0.0000	 0.6647
1951	07	01	370.5623	 65.0138	 0.0000	 0.6647
1951	07	02	353.2014	 61.9194	 0.0000	 0.6647
1951	07	03	334.5805	 58.6074	 0.0000	 0.6647
1951	07	04	324.1175	 56.8078	 0.0312	 0.6964
1951	07	05	318.6362	 55.9461	 0.0572	 0.5608
1951	07	06	311.4714	 54.7618	 0.1637	 0.5940
1951	07	07	302.8069	 53.2301	 0.0000	 0.4972
1951	07	08	292.1166	 51.3225	 0.0000	 0.4972
1951	07	09	280.5693	 49.2667	 0.0000	 0.4972
1951	07	10	273.0997	 47.9345	 0.0000	 0.4972
1951	07	11	263.3702	 46.2025	 0.0000	 0.4972
1951	07	12	250.5293	 43.9262	 0.0000	 0.4972
1951	07	13	233.1160	 40.8501	 0.0000	 0.4972
1951	07	14	217.5244	 38.0969	 0.0000	 0.4972
1951	07	15	202.4961	 35.4452	 0.0000	 0.4972
1951	07	16	187.1741	 32.7443	 0.0000	 0.4972
1951	07	17	170.1270	 29.7432	 0.0000	 0.4972
1951	07	18	154.4396	 26.9826	 0.0000	 0.4972
1951	07	19	142.6284	 24.9032	 0.0000	 0.4972
1951	07	20	132.1221	 23.0536	 0.0000	 0.4575
1951	07	21	122.6605	 21.3929	 0.0000	 0.3265
1951	07	22	111.4593	 19.4318	 0.0000	 0.3265
1951	07	23	99.5189	 17.3432	 0.0000	 0.3265
1951	07	24	89.2713	 15.5511	 0.0000	 0.3265
1951	07	25	79.8078	 13.8967	 0.0000	 0.3265
1951	07	26	69.2892	 12.0593	 0.0000	 0.3265
1951	07	27	59.6939	 10.3835	 0.0000	 0.3265
1951	07	28	49.6069	 8.6226	 0.0000	 0.3265
1951	07	29	43.7345	 7.5994	 0.0000	 0.1632
1951	07	30	38.8257	 6.7453	 0.0000	 0.1632
1951	07	31	34.0589	 5.9163	 0.0000	 0.1632
1951	08	01	29.1075	 5.0555	 0.0000	 0.1632
1951	08	02	23.9531	 4.1598	 0.0000	 0.1632
1951	08	03	18.9416	 3.2892	 0.0000	 0.1632
1951	08	04	14.4498	 2.5090	 0.0000	 0.1632
1951	08	05	10.2519	 1.7800	 0.0000	 0.1632
1951	08	06	5.8868	 1.0220	 0.0000	 0.1632
1951	08	07	2.5611	 0.4468	 0.0000	 0.1632
1951	08	08	0.3067	 0.0534	 0.0000	 0.0379
1951	08	09	0.0000	 0.0000	 0.0000	 0.0000
1951	08	10	0.0000	 0.0000	 0.0000	 0.0000
1951	08	11	0.0000	 0.0000	 0.0000	 0.0000
1951	08	12	0.0000	 0.0000	 0.0000	 0.0000
1951	08	13	0.0000	 0.0000	 0.0000	 0.0000
1951	08	14	0.0000	 0.0000	 0.0000	 0.0000
1951	08	15	0.0000	 0.0000	 0.0000	 0.0000
1951	08	16	0.0000	 0.0000	 0.0000	 0.0000
1951	08	17	0.0000	 0.0000	 0.0000	 0.0000
1951	08	18	0.0000	 0.0000	 0.0000	 0.0000
1951	08	19	0.0000	 0.0000	 0.0000	 0.0000
1951	08	20	0.0000	 0.0000	 0.0000	 0.0000
1951	08	21	0.0000	 0.0000	 0.0000	 0.0000
1951	08	22	0.0000	 0.0000	 0.0000	 0.0000
1951	08	23	0.0000	 0.0000	 0.0000	 0.0000
1951	08	24	0.0000	 0.0000	 0.0000	 0.0000
1951	08	25	0.0000	 0.0000	 0.0000	 0.0000
1951	08	26	0.0000	 0.0000	 0.0000	 0.0000
1951	08	27	0.0000	 0.0000	 0.0000	 0.0000
1951	08	28	0.0169	 0.0110	 0.0384	 0.0318
1951	08	29	0.0000	 0.0000	 0.0000	 0.0000
1951	08	30	0.0029	 0.0020	 0.0272	 0.0318
1951	08	31	0.0000	 0.0000	 0.0343	 0.0000
1951	09	01	0.0000	 0.0000	 0.0000	 0.0000
1951	09	02	0.0000	 0.0000	 0.0000	 0.0000
1951	09	03	0.0000	 0.0000	 0.0000	 0.0000
1951	09	04	0.0000	 0.0000	 0.0000	 0.0000
1951	09	05	0.0000	 0.0000	 0.0000	 0.0000
1951	09	06	0.0000	 0.0000	 0.0000	 0.0000
1951	09	07	0.0000	 0.0000	 0.0000	 0.0000
1951	09	08	0.0000	 0.0000	 0.0161	 0.0000
1951	09	09	0.0000	 0.0000	 0.0000	 0.0000
1951	09	10	0.0000	 0.0000	 0.0000	 0.0000
1951	09	11	0.0000	 0.0000	 0.0040	 0.0000
1951	09	12	0.0000	 0.0000	 0.0000	 0.0000
1951	09	13	0.0000	 0.0000	 0.0000	 0.0000
1951	09	14	0.0000	 0.0000	 0.0000	 0.0000
1951	09	15	0.0000	 0.0000	 0.0000	 0.0000
1951	09	16	0.0000	 0.0000	 0.0000	 0.0000
1951	09	17	0.0000	 0.0000	 0.0000	 0.0000
1951	09	18	0.0000	 0.0000	 0.0000	 0.0000
1951	09	19	0.0000	 0.0000	 0.0000	 0.0000
1951	09	20	0.0000	 0.0000	 0.0000	 0.0000
1951	09	21	0.0000	 0.0000	 0.0000	 0.0000
1951	09	22	0.0000	 0.0000	 0.0000	 0.0000
1951	09	23	0.0000	 0.0000	 0.0000	 0.0000
1951	09	24	0.0000	 0.0000	 0.0000	 0.0000
1951	09	25	0.0000	 0.0000	 0.1627	 0.0000
1951	09	26	0.0000	 0.0000	 0.0503	 0.0000
1951	09	27	0.1800	 0.1350	 0.1437	 0.3798
1951	09	28	0.1151	 0.0750	 0.0750	 0.2268
1951	09	29	0.0000	 0.0000	 0.0000	 0.0000
1951	09	30	0.0000	 0.0000	 0.0000	 0.0000
1951	10	01	0.0000	 0.0000	 0.0000	 0.0000
1951	10	02	0.0000	 0.0000	 0.0000	 0.0000
1951	10	03	0.0001	 0.0000	 0.0128	 0.0238
1951	10	04	0.0000	 0.0000	 0.0000	 0.0000
1951	10	05	0.0000	 0.0000	 0.0000	 0.0000
1951	10	06	0.0000	 0.0000	 0.0000	 0.0000
1951	10	07	0.0000	 0.0000	 0.0026	 0.0000
1951	10	08	0.0000	 0.0000	 0.0000	 0.0000
1951	10	09	0.0000	 0.0000	 0.0000	 0.0000
1951	10	10	0.0000	 0.0000	 0.0000	 0.0000
1951	10	11	0.0016	 0.0011	 0.0172	 0.0318
1951	10	12	0.0000	 0.0000	 0.0539	 0.0000
1951	10	13	0.1266	 0.0923	 0.3815	 0.3911
1951	10	14	1.5089	 1.0756	 1.4758	 0.7940
1951	10	15	4.6095	 3.1011	 2.1280	 0.7940
1951	10	16	5.9982	 3.8884	 2.3661	 0.9264
1951	10	17	13.1119	 8.1198	 2.8256	 1.0000
1951	10	18	33.2870	 16.9774	 2.9585	 1.0000
1951	10	19	52.4516	 24.4678	 3.1324	 1.0000
1951	10	20	57.0198	 24.9294	 3.6986	 1.0000
1951	10	21	56.4186	 23.6483	 3.3989	 1.0000
1951	10	22	71.9296	 30.1668	 4.3804	 1.0000
1951	10	23	81.7967	 33.4261	 4.9188	 1.0000
1951	10	24	82.7757	 32.6096	 4.9877	 1.0000
1951	10	25	82.7621	 31.7818	 4.9502	 1.0000
1951	10	26	82.7608	 31.1748	 4.9616	 1.0000
1951	10	27	82.7710	 30.6235	 5.0012	 1.0000
1951	10	28	85.3865	 31.1547	 5.2494	 1.0000
1951	10	29	86.4138	 31.1716	 5.2713	 1.0000
1951	10	30	86.3852	 30.7648	 5.2675	 1.0000
1951	10	31	86.3525	 30.4367	 5.2358	 1.0000
1951	11	01	86.5971	 30.5201	 4.8979	 1.0000
1951	11	02	93.7736	 36.3253	 4.8874	 1.0000
1951	11	03	101.1689	 40.3810	 4.9175	 1.0000
1951	11	04	101.0906	 38.9832	 4.8276	 1.0000
1951	11	05	101.0264	 37.9861	 4.8273	 1.0000
1951	11	06	100.9969	 37.0963	 4.8138	 1.0000
1951	11	07	100.9879	 36.3689	 4.8332	 1.0000
1951	11	08	101.0267	 35.7221	 4.7711	 1.0000
1951	11	09	107.9024	 38.5869	 4.9906	 1.0000
1951	11	10	128.2098	 46.5843	 4.9612	 1.0000
1951	11	11	148.2571	 54.2937	 4.8546	 1.0000
1951	11	12	156.6897	 56.7490	 4.7967	 1.0000
1951	11	13	160.6888	 56.8797	 4.7382	 1.0000
1951	11	14	160.5585	 55.3893	 4.7064	 1.0000
1951	11	15	160.5339	 54.4071	 4.7192	 1.0000
1951	11	16	160.4461	 53.6040	 4.6950	 1.0000
1951	11	17	160.2710	 52.7890	 4.6174	 1.0000
1951	11	18	160.1334	 52.0668	 4.5837	 1.0000
1951	11	19	159.9886	 51.3584	 4.5261	 1.0000
1951	11	20	160.2955	 51.0363	 4.5293	 1.0000
1951	11	21	160.3963	 50.5740	 4.5356	 1.0000
1951	11	22	160.4083	 50.1610	 4.5520	 1.0000
1951	11	23	160.4324	 49.8052	 4.5743	 1.0000
1951	11	24	163.7389	 52.5426	 4.5783	 1.0000
1951	11	25	184.4179	 67.9920	 4.5032	 1.0000
1951	11	26	202.5356	 76.7006	 4.3620	 1.0000
1951	11	27	217.5679	 83.7670	 4.3066	 1.0000
1951	11	28	240.3744	 92.1574	 4.2807	 1.0000
1951	11	29	267.4024	 98.8744	 4.5627	 1.0000
1951	11	30	283.8000	 102.0240	 4.4601	 1.0000
1951	12	01	288.9115	 99.9179	 4.4617	 1.0000
1951	12	02	294.0386	 100.1464	 4.5106	 1.0000
1951	12	03	307.2585	 105.5183	 4.4016	 1.0000
1951	12	04	315.1162	 107.6490	 4.3367	 1.0000
1951	12	05	316.9466	 105.3440	 4.1163	 1.0000
1951	12	06	316.7576	 102.8397	 4.0789	 1.0000
1951	12	07	316.7459	 101.3705	 4.0997	 1.0000
1951	12	08	316.7614	 100.0184	 4.1219	 1.0000
1951	12	09	316.7959	 98.7828	 4.1525	 1.0000
1951	12	10	316.8358	 97.5128	 4.1912	 1.0000
1951	12	11	316.8327	 96.1660	 4.2103	 1.0000
1951	12	12	316.8278	 94.8900	 4.2188	 1.0000
1951	12	13	316.8329	 93.8763	 4.2310	 1.0000
1951	12	14	318.0198	 94.4639	 4.2352	 1.0000
1951	12	15	321.9447	 97.9361	 4.2089	 1.0000
1951	12	16	323.8470	 98.7775	 4.1568	 1.0000
1951	12	17	336.5684	 110.0298	 4.1300	 1.0000
1951	12	18	348.6499	 118.9169	 3.9523	 1.0000
1951	12	19	349.0994	 116.2901	 3.9146	 1.0000
1951	12	20	358.4433	 126.1339	 3.8928	 1.0000
1951	12	21	376.4909	 144.8787	 3.8759	 1.0000
1951	12	22	381.0148	 143.3009	 3.6998	 1.0000
1951	12	23	380.9832	 139.4188	 3.6973	 1.0000
1951	12	24	380.9796	 136.6491	 3.7023	 1.0000
1951	12	25	382.7735	 136.0672	 3.6969	 1.0000
1951	12	26	387.5177	 138.9525	 3.6641	 1.0000
1951	12	27	389.2702	 137.4918	 3.6660	 1.0000
1951	12	28	391.6603	 136.7805	 3.6775	 1.0000
1951	12	29	401.6098	 143.1279	 3.5174	 1.0000
1951	12	30	402.0823	 140.3124	 3.5046	 1.0000
1951	12	31	402.1052	 138.3886	 3.4693	 1.0000
