1949	01	01	4.2675	 5.3344	 1.2721	 1.0000
1949	01	02	4.9591	 6.0677	 1.2464	 1.0000
1949	01	03	5.1268	 6.1889	 1.0481	 1.0000
1949	01	04	5.0683	 6.0225	 1.0422	 1.0000
1949	01	05	8.6235	 10.0029	 1.3395	 1.0000
1949	01	06	19.3717	 19.6756	 1.3594	 1.0000
1949	01	07	24.5717	 21.4937	 1.2488	 1.0000
1949	01	08	26.4332	 22.4409	 1.2842	 1.0000
1949	01	09	26.6175	 22.0093	 1.0823	 1.0000
1949	01	10	26.6001	 21.4418	 1.0858	 1.0000
1949	01	11	26.5682	 20.7710	 1.0915	 1.0000
1949	01	12	26.5254	 20.0239	 1.0997	 1.0000
1949	01	13	26.6222	 19.3643	 1.1202	 1.0000
1949	01	14	27.0505	 19.1302	 1.1854	 1.0000
1949	01	15	27.3130	 18.6015	 1.1532	 1.0000
1949	01	16	28.1585	 19.0687	 1.2441	 1.0000
1949	01	17	29.9755	 20.4992	 1.2820	 1.0000
1949	01	18	30.4029	 20.4464	 1.2624	 1.0000
1949	01	19	30.5849	 20.2134	 1.2637	 1.0000
1949	01	20	31.6229	 21.1676	 1.2924	 1.0000
1949	01	21	32.8230	 22.1615	 1.2850	 1.0000
1949	01	22	32.9399	 21.7377	 1.0563	 1.0000
1949	01	23	32.8315	 21.1989	 1.0016	 1.0000
1949	01	24	32.8988	 20.8981	 1.0111	 1.0000
1949	01	25	34.4094	 22.5239	 1.2710	 1.0000
1949	01	26	38.3117	 26.7059	 1.3404	 1.0000
1949	01	27	38.3809	 25.7775	 1.3295	 1.0000
1949	01	28	38.5533	 25.0764	 1.1200	 1.0000
1949	01	29	38.6478	 24.2049	 1.1164	 1.0000
1949	01	30	38.6163	 23.4124	 1.0736	 1.0000
1949	01	31	38.5616	 22.7673	 1.0714	 1.0000
1949	02	01	38.4720	 22.1101	 1.0576	 1.0000
1949	02	02	39.5561	 22.9932	 1.2254	 1.0000
1949	02	03	42.4964	 25.7672	 1.2964	 1.0000
1949	02	04	45.3876	 27.9728	 1.2751	 1.0000
1949	02	05	55.5827	 37.9617	 1.3288	 1.0000
1949	02	06	71.0260	 49.4663	 1.3201	 1.0000
1949	02	07	81.9452	 54.1865	 1.3090	 1.0000
1949	02	08	93.3135	 58.1310	 1.3134	 1.0000
1949	02	09	118.9266	 70.1869	 1.3383	 1.0000
1949	02	10	150.2311	 82.5709	 1.3268	 1.0000
1949	02	11	156.8685	 83.0037	 1.3198	 1.0000
1949	02	12	156.9634	 78.2497	 1.1014	 1.0000
1949	02	13	162.9026	 82.4842	 1.3301	 1.0000
1949	02	14	174.7289	 90.0802	 1.3211	 1.0000
1949	02	15	278.2691	 138.5995	 1.3337	 1.0000
1949	02	16	412.2644	 168.7172	 1.3285	 1.0000
1949	02	17	460.1807	 172.7908	 1.3276	 1.0000
1949	02	18	468.1669	 167.9118	 1.3081	 1.0000
1949	02	19	482.1924	 174.5467	 1.3351	 1.0000
1949	02	20	498.3979	 181.0685	 1.3350	 1.0000
1949	02	21	536.2896	 198.2923	 1.3429	 1.0000
1949	02	22	562.5959	 197.6903	 1.3402	 1.0000
1949	02	23	565.7000	 186.7513	 1.3225	 1.0000
1949	02	24	565.7410	 178.2083	 1.0818	 1.0000
1949	02	25	565.6077	 172.6955	 1.0491	 1.0000
1949	02	26	565.4227	 168.6002	 0.9491	 1.0000
1949	02	27	565.2259	 165.2624	 0.8738	 1.0000
1949	02	28	565.2600	 162.4816	 0.5773	 1.0000
1949	03	01	565.0651	 159.7922	 0.5456	 1.0000
1949	03	02	565.0443	 157.1366	 0.3014	 1.0000
1949	03	03	564.6750	 154.2216	 0.2944	 1.0000
1949	03	04	564.5258	 151.4744	 0.2954	 1.0000
1949	03	05	564.2936	 148.6409	 0.2969	 1.0000
1949	03	06	564.2596	 146.8445	 0.3540	 1.0000
1949	03	07	566.0126	 145.9697	 0.8765	 1.0000
1949	03	08	570.6750	 147.1327	 1.5552	 1.0000
1949	03	09	570.5911	 146.0173	 1.2445	 1.0000
1949	03	10	570.3673	 145.0391	 1.0873	 1.0000
1949	03	11	571.8271	 145.0810	 1.3074	 1.0000
1949	03	12	580.6527	 148.9911	 1.8771	 1.0000
1949	03	13	586.1703	 151.1046	 1.8623	 1.0000
1949	03	14	589.6683	 151.9413	 1.7617	 1.0000
1949	03	15	596.6955	 155.4527	 1.7445	 1.0000
1949	03	16	608.5356	 160.4303	 1.7447	 1.0000
1949	03	17	612.1898	 160.2219	 1.6710	 1.0000
1949	03	18	622.1929	 163.0959	 1.9410	 1.0000
1949	03	19	636.1426	 167.5181	 2.3641	 1.0000
1949	03	20	642.4094	 168.4029	 2.6281	 1.0000
1949	03	21	644.6317	 167.3975	 2.7406	 1.0000
1949	03	22	644.5649	 165.5907	 2.4806	 1.0000
1949	03	23	644.3580	 163.8473	 2.3387	 1.0000
1949	03	24	645.1421	 162.8343	 2.5264	 1.0000
1949	03	25	648.4809	 162.9911	 2.7432	 1.0000
1949	03	26	657.9660	 167.2831	 2.7044	 1.0000
1949	03	27	660.7225	 167.8460	 2.4767	 1.0000
1949	03	28	660.7083	 166.4166	 2.2375	 1.0000
1949	03	29	660.7176	 164.8501	 2.2116	 1.0000
1949	03	30	661.0802	 163.5096	 2.2502	 1.0000
1949	03	31	661.0152	 162.1886	 2.1123	 1.0000
1949	04	01	661.0693	 160.9581	 2.1260	 1.0000
1949	04	02	660.8505	 159.6094	 1.8602	 1.0000
1949	04	03	660.9786	 158.4723	 1.5093	 1.0000
1949	04	04	661.6823	 157.2944	 1.0699	 1.0000
1949	04	05	661.7452	 155.9842	 0.5665	 1.0000
1949	04	06	661.8488	 154.7745	 0.0000	 1.0000
1949	04	07	661.6193	 153.4993	 0.0000	 1.0000
1949	04	08	660.7151	 152.1269	 0.0000	 1.0000
1949	04	09	660.3197	 151.0002	 0.0000	 1.0000
1949	04	10	661.1726	 150.3075	 0.5945	 1.0000
1949	04	11	661.7631	 149.4850	 0.2691	 1.0000
1949	04	12	661.4113	 148.6393	 0.0000	 1.0000
1949	04	13	660.7696	 147.6302	 0.0000	 1.0000
1949	04	14	659.7189	 146.6670	 0.0000	 1.0000
1949	04	15	657.8117	 145.5002	 0.0000	 1.0000
1949	04	16	653.5652	 143.7962	 0.0000	 1.0000
1949	04	17	643.6086	 140.8847	 0.0000	 1.0000
1949	04	18	636.6672	 138.6829	 0.0000	 1.0000
1949	04	19	633.9580	 137.5255	 1.0316	 1.0000
1949	04	20	639.9992	 139.6304	 1.0603	 1.0000
1949	04	21	642.7732	 140.4799	 1.4609	 1.0000
1949	04	22	645.9894	 141.7741	 1.6136	 1.0000
1949	04	23	653.5705	 144.7233	 1.8419	 1.0000
1949	04	24	657.1904	 145.6127	 1.3948	 1.0000
1949	04	25	656.7585	 144.8193	 0.6316	 1.0000
1949	04	26	652.2721	 143.1189	 0.0000	 1.0000
1949	04	27	640.5094	 139.8390	 0.0132	 1.0000
1949	04	28	634.1770	 137.7629	 0.2152	 1.0000
1949	04	29	634.2953	 137.3231	 0.4453	 1.0000
1949	04	30	638.7368	 138.7811	 1.6425	 1.0000
1949	05	01	646.1327	 141.8050	 2.8817	 1.0000
1949	05	02	651.7175	 143.4953	 2.2109	 1.0000
1949	05	03	652.6580	 143.4591	 2.1116	 1.0000
1949	05	04	652.5559	 143.0297	 1.1933	 1.0000
1949	05	05	648.0393	 141.3836	 0.0000	 1.0000
1949	05	06	636.4576	 138.2165	 0.0000	 1.0000
1949	05	07	617.7110	 133.5262	 0.0000	 1.0000
1949	05	08	595.1497	 128.0902	 0.0000	 1.0000
1949	05	09	569.8757	 122.1543	 0.0000	 1.0000
1949	05	10	543.9404	 116.1571	 0.0000	 1.0000
1949	05	11	515.5165	 109.7048	 0.0000	 1.0000
1949	05	12	485.4160	 102.9665	 0.0000	 1.0000
1949	05	13	456.6842	 96.5818	 0.0000	 1.0000
1949	05	14	425.7844	 89.7970	 0.0000	 1.0000
1949	05	15	395.5798	 83.2028	 0.0000	 1.0000
1949	05	16	378.7048	 79.4707	 0.0375	 0.9738
1949	05	17	371.7758	 77.8939	 0.3340	 0.9738
1949	05	18	364.2072	 76.2719	 0.0000	 0.9738
1949	05	19	354.3782	 74.0762	 0.0160	 0.9738
1949	05	20	348.0029	 72.6738	 0.1593	 0.9738
1949	05	21	332.6916	 69.3495	 0.0000	 0.9738
1949	05	22	321.8201	 66.9482	 0.0000	 0.9488
1949	05	23	305.4619	 63.4257	 0.0000	 0.9488
1949	05	24	289.9177	 60.0880	 0.0000	 0.9488
1949	05	25	263.9971	 54.6174	 0.0000	 0.9238
1949	05	26	249.7964	 51.6059	 0.0000	 0.9238
1949	05	27	229.5099	 47.3460	 0.0000	 0.9238
1949	05	28	216.6952	 44.6500	 0.0490	 0.9238
1949	05	29	207.5035	 42.7270	 0.0000	 0.9238
1949	05	30	194.7055	 40.0498	 0.0000	 0.9238
1949	05	31	182.8068	 37.5784	 0.1805	 0.9738
1949	06	01	175.3625	 36.0433	 0.0000	 0.6924
1949	06	02	168.5029	 34.5871	 0.0000	 0.6060
1949	06	03	160.1994	 32.8452	 0.0000	 0.6060
1949	06	04	146.8020	 30.0625	 0.0000	 0.6060
1949	06	05	133.4705	 27.3019	 0.0000	 0.6060
1949	06	06	111.9317	 22.8714	 0.0000	 0.6060
1949	06	07	97.1059	 19.8220	 0.0000	 0.6060
1949	06	08	87.9590	 18.0104	 0.0000	 0.6060
1949	06	09	73.1244	 14.9485	 0.0000	 0.6060
1949	06	10	60.0543	 12.2540	 0.0000	 0.3854
1949	06	11	55.6926	 11.3540	 0.0000	 0.3030
1949	06	12	51.4023	 10.4722	 0.0000	 0.3030
1949	06	13	47.0060	 9.5705	 0.0000	 0.3030
1949	06	14	41.8524	 8.5164	 0.0000	 0.3030
1949	06	15	38.8191	 7.9301	 0.1506	 0.3030
1949	06	16	38.8344	 8.0388	 0.4226	 0.3530
1949	06	17	38.7543	 8.0748	 0.2321	 0.3030
1949	06	18	37.1784	 7.8024	 0.0000	 0.3030
1949	06	19	33.4663	 7.0192	 0.0000	 0.3030
1949	06	20	29.7159	 6.2289	 0.0002	 0.3030
1949	06	21	25.5768	 5.3584	 0.0000	 0.3030
1949	06	22	21.2285	 4.4451	 0.0000	 0.3030
1949	06	23	17.7261	 3.7175	 0.0000	 0.3030
1949	06	24	13.9241	 2.9188	 0.0000	 0.3030
1949	06	25	11.7552	 2.4747	 0.0389	 0.3030
1949	06	26	9.9305	 2.1027	 0.0200	 0.3030
1949	06	27	7.2049	 1.5874	 0.5031	 0.3530
1949	06	28	4.7309	 1.0841	 0.1105	 0.3030
1949	06	29	2.9604	 0.6603	 0.0000	 0.0824
1949	06	30	1.9446	 0.4336	 0.0000	 0.0824
1949	07	01	0.5372	 0.1198	 0.0000	 0.0824
1949	07	02	0.0000	 0.0000	 0.0000	 0.0000
1949	07	03	0.0000	 0.0000	 0.0000	 0.0000
1949	07	04	0.0000	 0.0000	 0.0000	 0.0000
1949	07	05	0.0000	 0.0000	 0.0000	 0.0000
1949	07	06	0.0000	 0.0000	 0.0000	 0.0000
1949	07	07	0.0000	 0.0000	 0.0000	 0.0000
1949	07	08	0.0000	 0.0000	 0.0000	 0.0000
1949	07	09	0.0000	 0.0000	 0.0000	 0.0000
1949	07	10	0.0000	 0.0000	 0.0000	 0.0000
1949	07	11	0.0000	 0.0000	 0.0000	 0.0000
1949	07	12	0.0000	 0.0000	 0.0000	 0.0000
1949	07	13	0.0000	 0.0000	 0.0000	 0.0000
1949	07	14	0.0000	 0.0000	 0.0000	 0.0000
1949	07	15	0.0000	 0.0000	 0.0000	 0.0000
1949	07	16	0.0000	 0.0000	 0.0000	 0.0000
1949	07	17	0.0000	 0.0000	 0.0000	 0.0000
1949	07	18	0.0000	 0.0000	 0.0000	 0.0000
1949	07	19	0.0000	 0.0000	 0.0000	 0.0000
1949	07	20	0.0000	 0.0000	 0.0000	 0.0000
1949	07	21	0.0000	 0.0000	 0.0000	 0.0000
1949	07	22	0.0000	 0.0000	 0.0000	 0.0000
1949	07	23	0.0000	 0.0000	 0.0000	 0.0000
1949	07	24	0.0000	 0.0000	 0.0000	 0.0000
1949	07	25	0.0000	 0.0000	 0.0000	 0.0000
1949	07	26	0.0000	 0.0000	 0.0000	 0.0000
1949	07	27	0.0000	 0.0000	 0.0000	 0.0000
1949	07	28	0.0000	 0.0000	 0.0000	 0.0000
1949	07	29	0.0000	 0.0000	 0.0000	 0.0000
1949	07	30	0.0000	 0.0000	 0.0000	 0.0000
1949	07	31	0.0000	 0.0000	 0.0000	 0.0000
1949	08	01	0.0000	 0.0000	 0.0000	 0.0000
1949	08	02	0.0000	 0.0000	 0.0000	 0.0000
1949	08	03	0.0000	 0.0000	 0.0000	 0.0000
1949	08	04	0.0000	 0.0000	 0.0000	 0.0000
1949	08	05	0.0000	 0.0000	 0.0000	 0.0000
1949	08	06	0.0000	 0.0000	 0.0000	 0.0000
1949	08	07	0.0000	 0.0000	 0.0000	 0.0000
1949	08	08	0.0000	 0.0000	 0.0140	 0.0000
1949	08	09	0.0000	 0.0000	 0.0000	 0.0000
1949	08	10	0.0000	 0.0000	 0.0000	 0.0000
1949	08	11	0.0000	 0.0000	 0.0000	 0.0000
1949	08	12	0.0000	 0.0000	 0.0188	 0.0000
1949	08	13	0.0000	 0.0000	 0.0347	 0.0000
1949	08	14	0.0000	 0.0000	 0.0000	 0.0000
1949	08	15	0.0000	 0.0000	 0.0000	 0.0000
1949	08	16	0.0000	 0.0000	 0.0000	 0.0000
1949	08	17	0.0000	 0.0000	 0.0000	 0.0000
1949	08	18	0.0000	 0.0000	 0.0000	 0.0000
1949	08	19	0.0000	 0.0000	 0.0000	 0.0000
1949	08	20	0.0000	 0.0000	 0.0000	 0.0000
1949	08	21	0.0000	 0.0000	 0.0000	 0.0000
1949	08	22	0.0000	 0.0000	 0.0000	 0.0000
1949	08	23	0.0000	 0.0000	 0.0000	 0.0000
1949	08	24	0.0000	 0.0000	 0.0000	 0.0000
1949	08	25	0.0000	 0.0000	 0.1640	 0.0000
1949	08	26	0.0000	 0.0000	 0.1803	 0.0250
1949	08	27	0.0000	 0.0000	 0.0000	 0.0000
1949	08	28	0.0000	 0.0000	 0.0000	 0.0000
1949	08	29	0.0000	 0.0000	 0.0000	 0.0000
1949	08	30	0.0000	 0.0000	 0.0000	 0.0000
1949	08	31	0.0000	 0.0000	 0.0000	 0.0000
1949	09	01	0.0000	 0.0000	 0.0000	 0.0000
1949	09	02	0.0000	 0.0000	 0.0000	 0.0000
1949	09	03	0.0000	 0.0000	 0.0000	 0.0000
1949	09	04	0.0000	 0.0000	 0.0000	 0.0000
1949	09	05	0.0000	 0.0000	 0.0000	 0.0000
1949	09	06	0.0000	 0.0000	 0.0000	 0.0000
1949	09	07	0.0000	 0.0000	 0.0000	 0.0000
1949	09	08	0.0000	 0.0000	 0.0000	 0.0000
1949	09	09	0.0000	 0.0000	 0.0000	 0.0000
1949	09	10	0.0000	 0.0000	 0.0235	 0.0000
1949	09	11	0.0000	 0.0000	 0.0000	 0.0000
1949	09	12	0.0000	 0.0000	 0.0000	 0.0000
1949	09	13	0.1539	 0.1116	 0.0505	 0.3280
1949	09	14	0.0152	 0.0097	 0.0302	 0.0250
1949	09	15	2.2303	 1.2341	 1.2015	 0.6822
1949	09	16	2.7421	 1.4753	 0.6283	 0.3530
1949	09	17	1.8734	 0.9534	 0.5111	 0.3280
1949	09	18	0.8978	 0.4737	 0.0376	 0.3280
1949	09	19	0.0197	 0.0172	 0.2936	 0.3792
1949	09	20	0.0000	 0.0000	 0.0000	 0.0000
1949	09	21	0.0000	 0.0000	 0.0000	 0.0000
1949	09	22	0.0000	 0.0000	 0.0000	 0.0000
1949	09	23	0.0000	 0.0000	 0.0000	 0.0000
1949	09	24	0.0000	 0.0000	 0.0000	 0.0000
1949	09	25	0.0000	 0.0000	 0.0000	 0.0000
1949	09	26	0.0000	 0.0000	 0.0000	 0.0000
1949	09	27	0.0000	 0.0000	 0.0000	 0.0000
1949	09	28	0.0000	 0.0000	 0.0000	 0.0000
1949	09	29	0.0000	 0.0000	 0.0000	 0.0000
1949	09	30	0.0000	 0.0000	 0.0000	 0.0000
1949	10	01	0.0000	 0.0000	 0.0000	 0.0000
1949	10	02	0.0000	 0.0000	 0.0000	 0.0000
1949	10	03	0.0376	 0.0259	 0.0825	 0.3280
1949	10	04	0.3306	 0.2742	 0.3875	 0.5999
1949	10	05	0.6930	 0.5728	 1.1040	 0.6310
1949	10	06	0.9369	 0.7462	 0.9425	 0.5486
1949	10	07	0.8340	 0.6447	 0.6640	 0.3280
1949	10	08	5.0210	 3.9482	 2.4604	 1.0000
1949	10	09	11.0107	 6.4882	 3.1629	 1.0000
1949	10	10	14.3169	 7.9903	 3.8677	 1.0000
1949	10	11	16.1486	 8.6089	 3.7812	 1.0000
1949	10	12	16.4160	 8.4824	 3.7773	 1.0000
1949	10	13	16.1748	 8.1968	 3.7282	 1.0000
1949	10	14	17.7790	 9.3092	 4.3276	 1.0000
1949	10	15	18.6850	 9.5832	 4.6183	 0.9738
1949	10	16	18.7715	 9.4354	 4.5308	 0.9738
1949	10	17	18.7111	 9.2273	 4.4541	 0.9738
1949	10	18	18.6114	 9.0187	 4.2838	 0.9738
1949	10	19	18.4821	 8.8289	 4.0445	 0.9738
1949	10	20	18.2235	 8.5701	 3.9634	 0.9738
1949	10	21	17.5874	 8.1184	 3.7502	 0.9738
1949	10	22	17.0556	 7.7445	 3.6747	 0.9738
1949	10	23	16.6034	 7.4135	 3.5801	 0.9488
1949	10	24	15.9481	 6.9969	 3.1486	 0.8624
1949	10	25	15.3835	 6.6429	 2.8949	 0.8624
1949	10	26	17.2418	 7.5817	 2.5170	 0.8874
1949	10	27	35.6470	 16.0935	 4.3608	 1.0000
1949	10	28	51.2519	 21.5992	 4.7497	 1.0000
1949	10	29	51.2000	 21.0424	 4.6865	 1.0000
1949	10	30	51.1486	 20.6062	 4.6131	 1.0000
1949	10	31	51.0950	 20.2235	 4.5356	 1.0000
1949	11	01	51.0784	 19.9171	 4.4459	 1.0000
1949	11	02	50.8384	 19.4821	 4.3096	 1.0000
1949	11	03	50.4985	 19.0345	 4.1688	 1.0000
1949	11	04	50.1155	 18.6019	 4.0481	 1.0000
1949	11	05	49.6309	 18.1496	 3.8864	 1.0000
1949	11	06	49.2288	 17.7612	 3.7560	 1.0000
1949	11	07	49.6075	 17.8650	 3.8096	 1.0000
1949	11	08	56.1381	 21.1638	 4.5894	 1.0000
1949	11	09	62.8504	 24.4465	 4.6254	 1.0000
1949	11	10	83.6730	 34.4864	 4.8765	 1.0000
1949	11	11	136.9724	 54.9489	 4.9462	 1.0000
1949	11	12	168.5648	 64.3081	 4.8802	 1.0000
1949	11	13	188.5260	 68.4601	 4.7703	 1.0000
1949	11	14	196.5413	 68.5091	 5.2382	 1.0000
1949	11	15	196.8044	 66.6377	 5.2875	 1.0000
1949	11	16	196.8844	 64.9712	 5.2102	 1.0000
1949	11	17	197.3267	 63.8838	 5.2189	 1.0000
1949	11	18	198.1369	 63.1083	 5.3097	 1.0000
1949	11	19	198.3957	 62.1103	 5.2944	 1.0000
1949	11	20	198.3512	 61.3024	 5.2825	 1.0000
1949	11	21	202.2293	 63.6423	 5.2732	 1.0000
1949	11	22	220.6426	 74.4572	 5.2547	 1.0000
1949	11	23	252.8947	 89.4820	 5.2268	 1.0000
1949	11	24	286.2360	 99.6235	 5.1534	 1.0000
1949	11	25	319.5211	 106.6398	 5.4285	 1.0000
1949	11	26	397.8452	 129.7654	 5.6250	 1.0000
1949	11	27	466.3271	 147.0463	 5.5035	 1.0000
1949	11	28	484.0474	 148.1862	 5.4892	 1.0000
1949	11	29	492.1898	 147.4080	 5.4688	 1.0000
1949	11	30	502.8690	 148.7606	 5.4541	 1.0000
1949	12	01	530.3616	 158.3601	 5.3536	 1.0000
1949	12	02	549.7512	 163.6035	 5.1700	 1.0000
1949	12	03	556.3258	 164.8718	 5.1834	 1.0000
1949	12	04	564.6542	 167.4626	 5.1349	 1.0000
1949	12	05	565.8530	 164.9394	 5.0553	 1.0000
1949	12	06	566.2575	 162.7456	 5.0710	 1.0000
1949	12	07	566.2616	 160.4104	 5.0910	 1.0000
1949	12	08	567.1537	 159.5717	 5.1019	 1.0000
1949	12	09	568.3600	 158.8792	 5.0220	 1.0000
1949	12	10	568.4992	 157.4920	 5.0082	 1.0000
1949	12	11	568.7280	 156.6365	 5.0128	 1.0000
1949	12	12	568.8199	 155.4566	 4.9961	 1.0000
1949	12	13	568.8457	 154.2264	 5.0340	 1.0000
1949	12	14	574.9964	 158.4814	 5.0207	 1.0000
1949	12	15	580.2934	 161.2196	 4.9663	 1.0000
1949	12	16	584.4975	 163.5208	 4.9681	 1.0000
1949	12	17	590.7832	 167.4862	 4.8625	 1.0000
1949	12	18	594.6341	 169.4778	 4.7937	 1.0000
1949	12	19	595.0348	 168.5996	 4.7815	 1.0000
1949	12	20	596.8257	 169.9504	 4.7671	 1.0000
1949	12	21	609.0621	 183.4959	 4.7887	 1.0000
1949	12	22	620.3782	 189.5203	 4.7135	 1.0000
1949	12	23	634.9106	 194.5800	 4.5948	 1.0000
1949	12	24	644.2097	 198.3227	 4.4430	 1.0000
1949	12	25	655.7553	 205.2933	 4.3822	 1.0000
1949	12	26	678.8690	 217.4120	 4.3266	 1.0000
1949	12	27	731.8531	 237.7249	 4.2061	 1.0000
1949	12	28	750.4903	 232.8690	 4.0148	 1.0000
1949	12	29	754.7092	 225.1560	 3.7442	 1.0000
1949	12	30	762.6880	 226.6915	 3.6441	 1.0000
1949	12	31	767.2564	 226.9894	 3.5001	 1.0000
1950	01	01	769.9437	 227.0496	 3.4103	 1.0000
1950	01	02	769.9975	 224.6074	 3.3365	 1.0000
1950	01	03	770.7015	 224.0428	 3.3618	 1.0000
1950	01	04	773.7936	 226.7557	 3.3938	 1.0000
1950	01	05	786.9825	 241.9487	 3.3884	 1.0000
1950	01	06	799.8343	 253.3217	 3.3693	 1.0000
1950	01	07	802.0220	 249.0849	 3.3047	 1.0000
1950	01	08	804.2445	 245.8157	 3.2935	 1.0000
1950	01	09	817.0056	 255.0076	 3.2920	 1.0000
1950	01	10	833.1046	 263.9125	 3.1957	 1.0000
1950	01	11	835.5858	 259.9264	 3.1356	 1.0000
1950	01	12	837.5808	 257.4815	 3.0583	 1.0000
1950	01	13	838.7846	 255.7762	 3.0615	 1.0000
1950	01	14	840.5501	 255.7721	 3.0761	 1.0000
1950	01	15	852.6868	 268.8701	 3.0824	 1.0000
1950	01	16	852.8865	 265.6419	 3.0827	 1.0000
1950	01	17	852.9088	 262.3550	 3.0780	 1.0000
1950	01	18	865.9881	 275.7130	 3.0758	 1.0000
1950	01	19	906.5476	 317.2207	 3.0674	 1.0000
1950	01	20	939.4774	 334.1331	 3.0538	 1.0000
1950	01	21	968.7402	 329.3003	 3.0671	 1.0000
1950	01	22	990.1618	 315.0845	 2.9893	 1.0000
1950	01	23	994.5382	 304.3332	 2.8650	 1.0000
1950	01	24	994.8930	 299.5309	 2.7017	 1.0000
1950	01	25	998.7051	 301.6467	 2.7877	 1.0000
1950	01	26	1003.2738	 303.8607	 2.7657	 1.0000
1950	01	27	1004.0394	 301.1350	 2.7692	 1.0000
1950	01	28	1004.1009	 297.7479	 2.6965	 1.0000
1950	01	29	1004.0905	 295.0471	 2.6943	 1.0000
1950	01	30	1004.0670	 292.6729	 2.6788	 1.0000
1950	01	31	1004.0589	 290.3670	 2.6782	 1.0000
1950	02	01	1004.0513	 288.1287	 2.6784	 1.0000
1950	02	02	1004.4062	 286.1059	 2.6853	 1.0000
1950	02	03	1013.9227	 295.5594	 2.7490	 1.0000
1950	02	04	1023.3123	 301.8351	 2.7145	 1.0000
1950	02	05	1036.0343	 308.1071	 2.7303	 1.0000
1950	02	06	1053.0638	 310.0844	 2.7098	 1.0000
1950	02	07	1063.6494	 305.1808	 2.6659	 1.0000
1950	02	08	1075.3759	 301.9364	 2.5977	 1.0000
1950	02	09	1080.8986	 297.8002	 2.5670	 1.0000
1950	02	10	1082.8689	 293.9986	 2.5533	 1.0000
1950	02	11	1086.3721	 290.8290	 2.5318	 1.0000
1950	02	12	1105.5284	 297.1775	 2.5566	 1.0000
1950	02	13	1121.8352	 298.7189	 2.5357	 1.0000
1950	02	14	1127.1684	 294.4356	 2.5209	 1.0000
1950	02	15	1135.4359	 292.3588	 2.4867	 1.0000
1950	02	16	1138.3967	 288.3561	 2.4855	 1.0000
1950	02	17	1138.4635	 284.2140	 2.4855	 1.0000
1950	02	18	1139.6841	 280.7575	 2.4363	 1.0000
1950	02	19	1140.8077	 277.8712	 2.4432	 1.0000
1950	02	20	1141.4540	 275.6153	 2.4542	 1.0000
1950	02	21	1144.5950	 275.0440	 2.4809	 1.0000
1950	02	22	1158.2318	 280.6892	 2.4904	 1.0000
1950	02	23	1190.9589	 297.0151	 2.5002	 1.0000
1950	02	24	1222.4575	 310.4989	 2.4997	 1.0000
1950	02	25	1248.1728	 317.3858	 2.5051	 1.0000
1950	02	26	1259.9701	 316.4242	 2.5134	 1.0000
1950	02	27	1260.8248	 312.4311	 2.4000	 1.0000
1950	02	28	1260.8671	 308.9885	 2.2691	 1.0000
1950	03	01	1261.4750	 306.5013	 2.2425	 1.0000
1950	03	02	1268.8673	 307.4292	 2.5824	 1.0000
1950	03	03	1293.3228	 312.9804	 3.1254	 1.0000
1950	03	04	1322.7131	 318.6880	 3.6009	 1.0000
1950	03	05	1332.1038	 317.7792	 3.8472	 1.0000
1950	03	06	1332.8259	 313.8603	 3.5591	 1.0000
1950	03	07	1335.6119	 312.1648	 3.7785	 1.0000
1950	03	08	1339.4624	 311.5052	 3.7498	 1.0000
1950	03	09	1341.8403	 310.0847	 3.6811	 1.0000
1950	03	10	1342.8977	 308.1252	 3.6671	 1.0000
1950	03	11	1342.7863	 305.9967	 3.5211	 1.0000
1950	03	12	1343.0505	 304.7008	 3.5253	 1.0000
1950	03	13	1343.1450	 303.0379	 3.5309	 1.0000
1950	03	14	1344.6729	 301.8975	 3.6939	 1.0000
1950	03	15	1356.1080	 305.1818	 3.6957	 1.0000
1950	03	16	1378.4447	 312.5774	 3.7031	 1.0000
1950	03	17	1397.1998	 317.9667	 3.6439	 1.0000
1950	03	18	1427.5586	 329.8497	 3.5346	 1.0000
1950	03	19	1446.5419	 338.6821	 3.4112	 1.0000
1950	03	20	1453.0396	 339.6853	 3.3761	 1.0000
1950	03	21	1459.7111	 339.1557	 3.4834	 1.0000
1950	03	22	1470.3135	 340.2124	 3.5767	 1.0000
1950	03	23	1481.7189	 343.3405	 3.5141	 1.0000
1950	03	24	1485.6709	 341.7114	 3.4692	 1.0000
1950	03	25	1485.6387	 338.4472	 3.3461	 1.0000
1950	03	26	1490.7275	 338.1064	 3.5151	 1.0000
1950	03	27	1495.2984	 337.4094	 3.3320	 1.0000
1950	03	28	1496.0530	 335.3867	 3.0884	 1.0000
1950	03	29	1501.4434	 336.5092	 3.1284	 1.0000
1950	03	30	1503.7310	 335.0209	 3.2978	 1.0000
1950	03	31	1514.0839	 337.6144	 3.4269	 1.0000
1950	04	01	1523.7764	 338.9762	 3.4024	 1.0000
1950	04	02	1526.5874	 337.5877	 3.3144	 1.0000
1950	04	03	1526.6711	 335.2063	 3.0638	 1.0000
1950	04	04	1526.6162	 333.0293	 2.8054	 1.0000
1950	04	05	1527.7199	 331.3900	 3.0889	 1.0000
1950	04	06	1532.2421	 331.5183	 3.7545	 1.0000
1950	04	07	1533.5207	 330.3653	 3.7134	 1.0000
1950	04	08	1534.0951	 328.5718	 3.7600	 1.0000
1950	04	09	1533.8831	 326.4917	 3.5330	 1.0000
1950	04	10	1534.0321	 324.4763	 3.2594	 1.0000
1950	04	11	1536.8611	 323.5581	 3.5692	 1.0000
1950	04	12	1540.4135	 322.8713	 3.8073	 1.0000
1950	04	13	1540.3944	 321.2656	 3.6307	 1.0000
1950	04	14	1546.8402	 322.4680	 4.5739	 1.0000
1950	04	15	1556.9191	 324.6359	 5.0411	 1.0000
1950	04	16	1566.0818	 326.8753	 5.1255	 1.0000
1950	04	17	1567.0941	 325.8437	 5.0458	 1.0000
1950	04	18	1567.3428	 324.4005	 4.6060	 1.0000
1950	04	19	1569.8952	 323.1258	 1.7008	 1.0000
1950	04	20	1571.2947	 321.4567	 0.0503	 1.0000
1950	04	21	1573.2632	 320.5510	 1.1670	 1.0000
1950	04	22	1576.9725	 321.1519	 2.0664	 1.0000
1950	04	23	1577.7210	 320.5164	 1.7914	 1.0000
1950	04	24	1577.9977	 319.5604	 1.8499	 1.0000
1950	04	25	1577.9316	 318.3449	 1.6225	 1.0000
1950	04	26	1579.0706	 317.9869	 1.9168	 1.0000
1950	04	27	1581.7971	 317.8275	 1.6099	 1.0000
1950	04	28	1583.5817	 317.1060	 1.0514	 1.0000
1950	04	29	1585.4737	 316.3344	 0.8682	 1.0000
1950	04	30	1599.1886	 319.9452	 1.1307	 1.0000
1950	05	01	1614.4548	 322.2471	 1.2807	 1.0000
1950	05	02	1621.7300	 323.2556	 2.5022	 1.0000
1950	05	03	1627.7279	 323.9332	 2.6689	 1.0000
1950	05	04	1629.9612	 323.3250	 2.3224	 1.0000
1950	05	05	1630.0620	 322.2817	 1.9084	 1.0000
1950	05	06	1630.3392	 321.1358	 1.0531	 1.0000
1950	05	07	1630.5678	 320.0170	 0.4670	 1.0000
1950	05	08	1630.5726	 318.7417	 0.0000	 1.0000
1950	05	09	1630.2342	 317.3832	 0.0000	 1.0000
1950	05	10	1629.3102	 315.9479	 0.0000	 1.0000
1950	05	11	1627.4335	 314.3981	 0.0000	 1.0000
1950	05	12	1617.1151	 311.2924	 0.0000	 1.0000
1950	05	13	1607.7406	 308.4318	 0.0000	 1.0000
1950	05	14	1597.9663	 305.5631	 0.0000	 1.0000
1950	05	15	1587.0148	 302.5268	 0.0000	 1.0000
1950	05	16	1579.6868	 300.2641	 0.3269	 1.0000
1950	05	17	1575.7947	 298.6592	 0.2625	 1.0000
1950	05	18	1575.9118	 297.9892	 0.2991	 1.0000
1950	05	19	1574.7745	 297.0480	 0.0714	 1.0000
1950	05	20	1567.4230	 294.8736	 0.0790	 1.0000
1950	05	21	1557.5798	 292.2559	 0.0539	 1.0000
1950	05	22	1551.1625	 290.3510	 0.0000	 1.0000
1950	05	23	1545.2311	 288.6214	 0.0000	 1.0000
1950	05	24	1536.5937	 286.3994	 0.0000	 1.0000
1950	05	25	1523.1769	 283.2744	 0.0000	 1.0000
1950	05	26	1507.8409	 279.7944	 0.0000	 1.0000
1950	05	27	1492.4197	 276.3315	 0.0448	 1.0000
1950	05	28	1490.1127	 275.3883	 0.1666	 1.0000
1950	05	29	1488.0629	 274.4940	 0.1055	 1.0000
1950	05	30	1480.3392	 272.6237	 0.0000	 1.0000
1950	05	31	1464.9474	 269.2891	 0.0000	 1.0000
1950	06	01	1442.2480	 264.6101	 0.0000	 1.0000
1950	06	02	1426.9629	 261.3411	 0.0000	 1.0000
1950	06	03	1402.7501	 256.4521	 0.0000	 1.0000
1950	06	04	1377.0653	 251.3216	 0.0000	 1.0000
1950	06	05	1367.1654	 249.1069	 0.1224	 1.0000
1950	06	06	1364.3972	 248.2890	 0.2171	 1.0000
1950	06	07	1362.1614	 247.7089	 0.4157	 1.0000
1950	06	08	1357.8851	 246.7172	 0.6127	 1.0000
1950	06	09	1348.2226	 244.6108	 0.2906	 1.0000
1950	06	10	1337.1087	 242.2331	 0.0122	 1.0000
1950	06	11	1317.2196	 238.2922	 0.0000	 1.0000
1950	06	12	1291.6427	 233.3213	 0.0000	 1.0000
1950	06	13	1268.4468	 228.8069	 0.0000	 1.0000
1950	06	14	1244.7052	 224.2192	 0.0000	 1.0000
1950	06	15	1220.1807	 219.4979	 0.0134	 1.0000
1950	06	16	1196.2311	 214.9159	 0.0000	 1.0000
1950	06	17	1167.7752	 209.5436	 0.0000	 1.0000
1950	06	18	1143.2289	 204.8914	 0.0167	 1.0000
1950	06	19	1111.3320	 198.9430	 0.0000	 1.0000
1950	06	20	1074.9901	 192.2153	 0.0000	 1.0000
1950	06	21	1048.6446	 187.2872	 0.0000	 1.0000
1950	06	22	1034.1381	 184.4927	 0.0032	 1.0000
1950	06	23	1023.7289	 182.4484	 0.0000	 1.0000
1950	06	24	1009.2800	 179.6835	 0.0000	 1.0000
1950	06	25	993.4043	 176.6803	 0.0000	 0.9738
1950	06	26	971.2359	 172.5671	 0.0000	 0.9738
1950	06	27	945.3387	 167.8020	 0.0000	 0.9738
1950	06	28	910.7986	 161.5163	 0.0000	 0.9738
1950	06	29	878.0114	 155.5546	 0.0000	 0.9738
1950	06	30	845.8342	 149.7139	 0.0000	 0.9738
1950	07	01	814.6540	 144.0608	 0.0000	 0.9738
1950	07	02	784.6930	 138.6363	 0.0000	 0.9738
1950	07	03	751.2825	 132.6138	 0.0000	 0.9738
1950	07	04	716.8438	 126.4298	 0.0000	 0.9488
1950	07	05	684.3590	 120.6019	 0.0000	 0.9488
1950	07	06	653.9082	 115.1429	 0.0000	 0.9488
1950	07	07	630.7529	 110.9800	 0.0000	 0.9488
1950	07	08	612.3659	 107.6839	 0.0000	 0.9488
1950	07	09	593.6988	 104.3317	 0.0000	 0.9488
1950	07	10	576.6300	 101.2600	 0.0000	 0.9488
1950	07	11	555.9800	 97.5622	 0.0000	 0.9488
1950	07	12	534.3103	 93.6900	 0.0000	 0.9238
1950	07	13	496.9175	 87.0666	 0.0000	 0.9238
1950	07	14	472.8357	 82.7884	 0.0000	 0.9238
1950	07	15	454.8493	 79.5857	 0.0000	 0.9238
1950	07	16	432.6975	 75.6536	 0.0000	 0.9238
1950	07	17	409.4228	 71.5425	 0.0000	 0.9238
1950	07	18	383.1289	 66.9307	 0.0000	 0.6924
1950	07	19	367.3695	 64.1418	 0.0000	 0.6924
1950	07	20	345.6704	 60.3194	 0.0000	 0.6060
1950	07	21	329.8984	 57.5406	 0.0000	 0.6060
1950	07	22	311.5815	 54.3211	 0.0000	 0.6060
1950	07	23	296.1127	 51.6074	 0.0000	 0.6060
1950	07	24	276.2614	 48.1265	 0.0000	 0.6060
1950	07	25	258.0119	 44.9279	 0.0000	 0.6060
1950	07	26	239.8383	 41.7454	 0.0000	 0.6060
1950	07	27	223.6149	 38.9053	 0.0000	 0.6060
1950	07	28	210.2821	 36.5705	 0.0000	 0.6060
1950	07	29	200.9585	 34.9354	 0.0000	 0.6060
1950	07	30	189.1436	 32.8675	 0.0000	 0.6060
1950	07	31	174.3950	 30.2902	 0.0000	 0.6060
1950	08	01	154.1270	 26.7542	 0.0000	 0.6060
1950	08	02	139.9309	 24.2777	 0.0000	 0.3854
1950	08	03	132.6127	 23.0007	 0.0000	 0.3854
1950	08	04	125.9142	 21.8321	 0.0000	 0.3854
1950	08	05	119.4148	 20.6987	 0.0000	 0.3854
1950	08	06	112.9883	 19.5794	 0.0000	 0.3030
1950	08	07	105.5504	 18.2861	 0.0000	 0.3030
1950	08	08	99.7831	 17.2831	 0.0000	 0.3030
1950	08	09	93.9544	 16.2701	 0.0000	 0.3030
1950	08	10	86.6579	 15.0035	 0.0000	 0.3030
1950	08	11	79.6059	 13.7799	 0.0000	 0.3030
1950	08	12	72.0473	 12.4693	 0.0000	 0.3030
1950	08	13	67.2843	 11.6501	 0.0000	 0.3030
1950	08	14	60.1961	 10.4211	 0.0000	 0.3030
1950	08	15	54.9977	 9.5198	 0.0000	 0.3030
1950	08	16	48.3874	 8.3744	 0.0000	 0.3030
1950	08	17	42.5818	 7.3686	 0.0000	 0.3030
1950	08	18	36.0473	 6.2369	 0.0000	 0.3030
1950	08	19	29.7546	 5.1473	 0.0000	 0.3030
1950	08	20	20.9567	 3.6244	 0.0000	 0.3030
1950	08	21	14.1314	 2.4568	 0.0000	 0.3030
1950	08	22	6.4338	 1.1170	 0.0000	 0.3030
1950	08	23	4.6310	 0.8035	 0.0000	 0.0824
1950	08	24	3.2382	 0.5618	 0.0000	 0.0824
1950	08	25	1.5063	 0.2613	 0.0000	 0.0824
1950	08	26	0.0000	 0.0000	 0.0000	 0.0000
1950	08	27	0.0000	 0.0000	 0.0000	 0.0000
1950	08	28	0.0000	 0.0000	 0.0000	 0.0000
1950	08	29	0.0000	 0.0000	 0.0000	 0.0000
1950	08	30	0.0000	 0.0000	 0.0000	 0.0000
1950	08	31	0.0000	 0.0000	 0.0000	 0.0000
1950	09	01	0.0000	 0.0000	 0.0000	 0.0000
1950	09	02	0.0000	 0.0000	 0.0000	 0.0000
1950	09	03	0.0000	 0.0000	 0.0000	 0.0000
1950	09	04	0.0000	 0.0000	 0.0000	 0.0000
1950	09	05	0.0000	 0.0000	 0.0000	 0.0000
1950	09	06	0.0000	 0.0000	 0.0000	 0.0000
1950	09	07	0.0000	 0.0000	 0.0000	 0.0000
1950	09	08	0.0000	 0.0000	 0.0000	 0.0000
1950	09	09	0.0000	 0.0000	 0.0000	 0.0000
1950	09	10	0.0000	 0.0000	 0.0000	 0.0000
1950	09	11	0.0000	 0.0000	 0.0000	 0.0000
1950	09	12	0.0000	 0.0000	 0.0000	 0.0000
1950	09	13	0.0000	 0.0000	 0.0000	 0.0000
1950	09	14	0.0000	 0.0000	 0.0000	 0.0000
1950	09	15	0.0000	 0.0000	 0.0000	 0.0000
1950	09	16	0.0000	 0.0000	 0.0000	 0.0000
1950	09	17	0.0000	 0.0000	 0.0000	 0.0000
1950	09	18	0.0000	 0.0000	 0.0000	 0.0000
1950	09	19	0.0000	 0.0000	 0.0000	 0.0000
1950	09	20	0.0000	 0.0000	 0.0000	 0.0000
1950	09	21	0.0000	 0.0000	 0.0000	 0.0000
1950	09	22	0.0000	 0.0000	 0.0000	 0.0000
1950	09	23	0.0000	 0.0000	 0.0000	 0.0000
1950	09	24	0.0000	 0.0000	 0.0000	 0.0000
1950	09	25	0.1637	 0.1098	 0.1577	 0.3280
1950	09	26	0.0000	 0.0000	 0.0177	 0.0000
1950	09	27	0.0000	 0.0000	 0.0000	 0.0000
1950	09	28	0.0000	 0.0000	 0.0000	 0.0000
1950	09	29	0.0000	 0.0000	 0.0000	 0.0000
1950	09	30	0.0000	 0.0000	 0.0000	 0.0000
1950	10	01	0.0000	 0.0000	 0.0391	 0.0000
1950	10	02	0.0500	 0.0648	 0.6200	 0.6560
1950	10	03	0.2653	 0.2587	 0.7396	 0.3280
1950	10	04	2.9118	 2.0101	 1.1762	 1.0000
1950	10	05	7.3696	 4.1493	 2.1801	 1.0000
1950	10	06	7.9266	 4.4288	 1.4890	 0.6560
1950	10	07	10.1247	 5.2380	 1.5935	 0.6560
1950	10	08	11.4076	 5.5704	 1.0053	 0.6822
1950	10	09	23.0558	 11.8691	 3.0179	 1.0000
1950	10	10	34.0860	 16.1560	 2.8194	 1.0000
1950	10	11	34.6222	 15.8205	 2.5279	 1.0000
1950	10	12	34.9740	 15.2763	 1.5786	 1.0000
1950	10	13	32.9496	 13.7046	 0.7472	 1.0000
1950	10	14	30.6452	 12.2833	 0.5906	 1.0000
1950	10	15	29.7631	 11.6909	 0.3512	 0.6560
1950	10	16	29.7819	 11.5429	 0.4271	 0.6560
1950	10	17	32.0557	 12.6230	 1.8002	 1.0000
1950	10	18	36.3728	 14.3954	 2.7781	 1.0000
1950	10	19	37.9115	 14.8623	 2.9764	 1.0000
1950	10	20	37.5153	 14.3844	 2.8805	 1.0000
1950	10	21	37.1875	 14.0123	 2.8604	 0.9738
1950	10	22	37.1349	 13.8342	 2.8412	 0.9738
1950	10	23	37.7507	 14.1234	 3.1844	 0.9738
1950	10	24	46.4058	 19.1595	 4.2230	 1.0000
1950	10	25	55.6608	 22.7495	 4.9336	 1.0000
1950	10	26	73.8783	 31.7129	 5.3257	 1.0000
1950	10	27	106.4832	 43.4396	 5.1238	 1.0000
1950	10	28	115.8482	 45.5278	 5.1328	 1.0000
1950	10	29	118.0376	 44.8858	 5.0608	 1.0000
1950	10	30	118.3794	 43.6854	 4.9664	 1.0000
1950	10	31	131.4100	 49.7182	 5.1342	 1.0000
1950	11	01	153.9415	 59.6957	 4.7745	 1.0000
1950	11	02	154.2899	 57.5596	 4.7833	 1.0000
1950	11	03	155.8628	 56.1512	 4.7979	 1.0000
1950	11	04	159.3940	 55.8199	 4.7792	 1.0000
1950	11	05	160.2428	 54.8015	 4.8404	 1.0000
1950	11	06	160.2489	 53.6726	 4.7994	 1.0000
1950	11	07	160.2288	 52.6628	 4.8055	 1.0000
1950	11	08	160.1498	 51.8997	 4.7769	 1.0000
1950	11	09	160.0610	 51.3257	 4.7449	 1.0000
1950	11	10	160.3740	 51.1201	 4.7107	 1.0000
1950	11	11	162.4404	 52.3502	 4.6999	 1.0000
1950	11	12	163.5948	 52.9017	 4.5925	 1.0000
1950	11	13	164.9661	 53.9016	 4.5970	 1.0000
1950	11	14	170.3045	 58.4641	 4.5792	 1.0000
1950	11	15	176.4666	 63.1604	 4.5112	 1.0000
1950	11	16	185.1270	 66.2064	 4.3181	 1.0000
1950	11	17	190.2658	 67.9539	 4.2092	 1.0000
1950	11	18	191.6991	 67.9747	 4.1754	 1.0000
1950	11	19	208.8377	 83.9216	 4.1667	 1.0000
1950	11	20	241.5878	 103.6838	 4.1497	 1.0000
1950	11	21	262.4605	 105.7397	 4.0561	 1.0000
1950	11	22	274.5397	 102.5729	 4.5740	 1.0000
1950	11	23	281.9690	 100.9313	 4.5429	 1.0000
1950	11	24	301.2334	 105.5673	 4.5255	 1.0000
1950	11	25	315.8640	 107.6859	 4.5157	 1.0000
1950	11	26	342.5694	 113.9428	 4.8831	 1.0000
1950	11	27	410.2586	 136.1656	 4.9292	 1.0000
1950	11	28	410.2243	 131.8512	 4.9605	 1.0000
1950	11	29	415.9560	 132.8000	 4.9812	 1.0000
1950	11	30	424.9101	 136.9661	 4.9453	 1.0000
1950	12	01	427.1540	 136.0782	 4.7830	 1.0000
1950	12	02	428.4184	 134.4901	 4.7790	 1.0000
1950	12	03	429.4801	 132.5955	 4.7708	 1.0000
1950	12	04	429.4902	 130.1281	 4.7995	 1.0000
1950	12	05	441.2411	 139.6984	 4.7524	 1.0000
1950	12	06	457.9171	 152.5267	 4.7304	 1.0000
1950	12	07	462.1943	 151.0844	 4.7434	 1.0000
1950	12	08	465.9679	 148.6231	 4.7508	 1.0000
1950	12	09	479.3808	 152.3420	 4.7319	 1.0000
1950	12	10	489.4727	 152.2614	 4.7208	 1.0000
1950	12	11	491.4351	 148.2863	 4.7339	 1.0000
1950	12	12	491.8527	 144.7358	 4.7379	 1.0000
1950	12	13	493.6501	 143.7650	 4.7471	 1.0000
1950	12	14	500.7818	 148.2053	 4.7477	 1.0000
1950	12	15	508.9716	 151.1682	 4.7446	 1.0000
1950	12	16	518.8033	 154.9395	 4.7657	 1.0000
1950	12	17	520.1353	 152.0398	 4.7751	 1.0000
1950	12	18	526.0811	 152.0760	 4.7761	 1.0000
1950	12	19	536.8151	 155.1081	 4.7560	 1.0000
1950	12	20	539.7759	 153.2758	 4.7510	 1.0000
1950	12	21	546.5301	 153.7626	 4.7321	 1.0000
1950	12	22	553.0689	 154.4033	 4.6888	 1.0000
1950	12	23	558.2375	 154.6211	 4.6730	 1.0000
1950	12	24	564.3617	 155.1056	 4.6329	 1.0000
1950	12	25	567.8120	 154.7812	 4.6536	 1.0000
1950	12	26	570.6024	 154.8483	 4.6623	 1.0000
1950	12	27	573.8742	 155.2996	 4.6471	 1.0000
1950	12	28	576.7371	 155.5228	 4.6610	 1.0000
1950	12	29	578.2335	 154.5646	 4.6727	 1.0000
1950	12	30	578.8477	 152.9800	 4.5891	 1.0000
1950	12	31	585.3977	 155.4643	 4.5603	 1.0000
1951	01	01	600.3477	 163.1362	 4.4395	 1.0000
1951	01	02	630.4833	 180.8604	 4.3920	 1.0000
1951	01	03	637.1760	 181.5603	 4.2032	 1.0000
1951	01	04	638.3927	 179.3661	 4.1963	 1.0000
1951	01	05	638.4394	 177.1681	 4.2010	 1.0000
1951	01	06	638.6524	 175.6813	 4.2048	 1.0000
1951	01	07	639.8502	 175.2440	 4.1883	 1.0000
1951	01	08	640.1908	 174.0311	 4.1884	 1.0000
1951	01	09	643.5764	 176.3500	 4.2095	 1.0000
1951	01	10	648.6651	 178.8460	 4.2282	 1.0000
1951	01	11	648.8800	 176.5692	 4.2317	 1.0000
1951	01	12	664.0821	 188.0104	 4.2524	 1.0000
1951	01	13	686.6785	 202.0005	 4.2191	 1.0000
1951	01	14	721.7691	 217.8970	 4.2231	 1.0000
1951	01	15	772.7892	 239.2608	 4.0697	 1.0000
1951	01	16	801.1307	 251.1076	 3.9627	 1.0000
1951	01	17	814.7918	 251.0053	 3.8127	 1.0000
1951	01	18	817.2257	 246.1070	 3.8111	 1.0000
1951	01	19	836.2765	 255.6407	 3.7997	 1.0000
1951	01	20	863.6066	 270.4046	 3.7818	 1.0000
1951	01	21	880.4062	 272.0258	 3.6971	 1.0000
1951	01	22	881.0795	 262.1585	 3.6679	 1.0000
1951	01	23	889.5729	 261.8858	 3.6833	 1.0000
1951	01	24	905.8629	 265.0276	 3.7088	 1.0000
1951	01	25	915.0964	 261.6124	 3.6977	 1.0000
1951	01	26	916.3077	 255.1825	 3.5255	 1.0000
1951	01	27	916.2788	 252.2493	 3.3986	 1.0000
1951	01	28	916.1102	 250.5762	 3.3022	 1.0000
1951	01	29	916.0874	 249.2630	 3.3003	 1.0000
1951	01	30	916.0791	 247.9996	 3.3006	 1.0000
1951	01	31	917.3560	 248.3733	 3.4203	 1.0000
1951	02	01	951.8964	 290.2614	 3.4936	 1.0000
1951	02	02	996.1816	 327.7581	 3.4776	 1.0000
1951	02	03	1006.0306	 319.2393	 3.4251	 1.0000
1951	02	04	1011.2688	 310.3098	 3.4088	 1.0000
1951	02	05	1018.8756	 306.5901	 3.3998	 1.0000
1951	02	06	1030.0160	 307.8943	 3.4126	 1.0000
1951	02	07	1055.3464	 313.7713	 3.4302	 1.0000
1951	02	08	1116.7898	 331.0141	 3.4351	 1.0000
1951	02	09	1189.2154	 344.2692	 3.4095	 1.0000
1951	02	10	1200.9745	 332.0441	 3.3013	 1.0000
1951	02	11	1202.4221	 322.5026	 3.1598	 1.0000
1951	02	12	1202.4507	 317.1912	 3.1050	 1.0000
1951	02	13	1202.3449	 313.2602	 3.0596	 1.0000
1951	02	14	1202.5758	 309.6702	 2.9959	 1.0000
1951	02	15	1202.6971	 305.6928	 2.9823	 1.0000
1951	02	16	1202.7311	 302.2242	 2.9886	 1.0000
1951	02	17	1202.9650	 298.6951	 2.9807	 1.0000
1951	02	18	1205.3098	 296.8111	 3.0092	 1.0000
1951	02	19	1214.0610	 300.3006	 3.0744	 1.0000
1951	02	20	1218.3010	 299.4105	 3.0557	 1.0000
1951	02	21	1218.2897	 296.1514	 2.9660	 1.0000
1951	02	22	1218.0033	 293.3347	 2.8176	 1.0000
1951	02	23	1217.9217	 291.2917	 2.7736	 1.0000
1951	02	24	1217.8176	 289.1932	 2.7238	 1.0000
1951	02	25	1217.8562	 287.2521	 2.4431	 1.0000
1951	02	26	1217.7024	 285.5155	 2.4197	 1.0000
1951	02	27	1217.5534	 284.0115	 2.3919	 1.0000
1951	02	28	1217.4560	 282.4725	 2.3852	 1.0000
1951	03	01	1217.3263	 280.9428	 2.3779	 1.0000
1951	03	02	1217.1177	 279.4973	 2.3380	 1.0000
1951	03	03	1234.7964	 295.0602	 2.7749	 1.0000
1951	03	04	1257.4566	 313.1727	 2.6380	 1.0000
1951	03	05	1262.2792	 315.3986	 2.4460	 1.0000
1951	03	06	1270.4974	 322.3455	 2.4594	 1.0000
1951	03	07	1280.4707	 330.9600	 2.4574	 1.0000
1951	03	08	1296.1322	 342.9363	 2.4343	 1.0000
1951	03	09	1298.7812	 340.5908	 2.3122	 1.0000
1951	03	10	1300.2776	 338.3849	 2.2635	 1.0000
1951	03	11	1310.5077	 345.6728	 2.3243	 1.0000
1951	03	12	1320.6915	 347.9497	 2.3104	 1.0000
1951	03	13	1322.0427	 342.5301	 2.3076	 1.0000
1951	03	14	1343.6298	 344.1999	 2.8401	 1.0000
1951	03	15	1372.1098	 349.7489	 2.6819	 1.0000
1951	03	16	1372.8577	 344.0447	 2.3701	 1.0000
1951	03	17	1372.8860	 339.5920	 2.2117	 1.0000
1951	03	18	1372.7798	 335.5394	 2.1805	 1.0000
1951	03	19	1372.6736	 331.4745	 2.1463	 1.0000
1951	03	20	1372.5210	 326.9121	 2.1040	 1.0000
1951	03	21	1373.3302	 323.1504	 2.1900	 1.0000
1951	03	22	1373.5616	 319.8240	 2.0037	 1.0000
1951	03	23	1373.4896	 316.5953	 1.9212	 1.0000
1951	03	24	1373.5641	 313.7543	 1.9124	 1.0000
1951	03	25	1373.7985	 311.1448	 1.9535	 1.0000
1951	03	26	1373.6111	 308.3001	 1.6952	 1.0000
1951	03	27	1373.4138	 305.7867	 1.3367	 1.0000
1951	03	28	1376.2697	 305.3375	 2.0611	 1.0000
1951	03	29	1381.2819	 305.7681	 2.1984	 1.0000
1951	03	30	1381.1622	 303.7747	 1.8479	 1.0000
1951	03	31	1380.9275	 301.7832	 1.7170	 1.0000
1951	04	01	1380.7722	 299.8306	 1.6158	 1.0000
1951	04	02	1381.1655	 297.7822	 0.8976	 1.0000
1951	04	03	1381.0208	 295.6837	 0.7860	 1.0000
1951	04	04	1381.0776	 293.6447	 0.4222	 1.0000
1951	04	05	1380.4420	 291.5981	 0.3313	 1.0000
1951	04	06	1380.2804	 289.7642	 0.0000	 1.0000
1951	04	07	1379.8348	 287.9443	 0.0000	 1.0000
1951	04	08	1378.8327	 286.0622	 0.0000	 1.0000
1951	04	09	1377.3391	 284.2415	 0.0000	 1.0000
1951	04	10	1375.7615	 282.5564	 0.0000	 1.0000
1951	04	11	1373.9128	 280.7929	 0.0000	 1.0000
1951	04	12	1371.3294	 278.8395	 0.0000	 1.0000
1951	04	13	1367.6802	 276.7927	 0.0000	 1.0000
1951	04	14	1363.6143	 274.8084	 0.0000	 1.0000
1951	04	15	1359.6682	 272.9401	 0.0000	 1.0000
1951	04	16	1354.8324	 270.8351	 0.0000	 1.0000
1951	04	17	1345.6011	 267.9008	 0.0000	 1.0000
1951	04	18	1338.0834	 265.3853	 0.0000	 1.0000
1951	04	19	1336.3703	 264.3566	 0.0000	 1.0000
1951	04	20	1334.4871	 263.3354	 0.0000	 1.0000
1951	04	21	1329.3191	 261.5725	 0.0000	 1.0000
1951	04	22	1321.6485	 259.2651	 0.0000	 1.0000
1951	04	23	1314.5681	 257.1403	 0.0000	 1.0000
1951	04	24	1306.3514	 254.8225	 0.0000	 1.0000
1951	04	25	1288.1154	 250.4898	 0.0000	 1.0000
1951	04	26	1284.8235	 249.1332	 0.0037	 1.0000
1951	04	27	1284.5747	 248.4882	 0.3267	 1.0000
1951	04	28	1286.2657	 248.6475	 1.4281	 1.0000
1951	04	29	1286.3496	 248.0763	 0.6235	 1.0000
1951	04	30	1285.7770	 247.4124	 0.4181	 1.0000
1951	05	01	1284.6717	 246.5797	 0.0000	 1.0000
1951	05	02	1278.5920	 244.8483	 0.0000	 1.0000
1951	05	03	1270.3539	 242.7112	 0.0000	 1.0000
1951	05	04	1262.7414	 240.7307	 0.0427	 1.0000
1951	05	05	1255.3076	 238.8038	 0.0757	 1.0000
1951	05	06	1247.5200	 236.8238	 0.0443	 1.0000
1951	05	07	1243.2837	 235.7380	 0.5626	 1.0000
1951	05	08	1230.4872	 232.7340	 0.0000	 1.0000
1951	05	09	1207.9257	 227.9571	 0.0000	 1.0000
1951	05	10	1194.2670	 225.4288	 0.2784	 1.0000
1951	05	11	1191.8522	 225.6480	 1.6813	 1.0000
1951	05	12	1190.3206	 224.8512	 0.0000	 1.0000
1951	05	13	1183.5977	 223.1277	 0.0000	 1.0000
1951	05	14	1168.6508	 219.8307	 0.0000	 1.0000
1951	05	15	1144.3584	 214.8248	 0.0000	 1.0000
1951	05	16	1122.3713	 210.2742	 0.0000	 1.0000
1951	05	17	1102.1758	 206.0815	 0.0000	 1.0000
1951	05	18	1088.3650	 203.1160	 0.0000	 1.0000
1951	05	19	1069.7876	 199.3035	 0.0000	 1.0000
1951	05	20	1051.1821	 195.4915	 0.0000	 1.0000
1951	05	21	1026.9524	 190.6499	 0.0000	 1.0000
1951	05	22	1006.5263	 186.5723	 0.0000	 1.0000
1951	05	23	986.9219	 182.6287	 0.3838	 0.9738
1951	05	24	988.7764	 183.0664	 0.8637	 1.0000
1951	05	25	983.7065	 181.9832	 0.0000	 0.9738
1951	05	26	966.4384	 178.5404	 0.0000	 0.9738
1951	05	27	954.2544	 176.0314	 0.0000	 0.9738
1951	05	28	950.0361	 175.0223	 0.0000	 0.9738
1951	05	29	942.1733	 173.3558	 0.0000	 0.9738
1951	05	30	934.3219	 171.6982	 0.0000	 0.9738
1951	05	31	923.2229	 169.4447	 0.0000	 0.9738
1951	06	01	907.4988	 166.3358	 0.0000	 0.9738
1951	06	02	887.3809	 162.4449	 0.0016	 0.9738
1951	06	03	872.5894	 159.6019	 0.0113	 0.9738
1951	06	04	858.3704	 156.9420	 0.1326	 0.9738
1951	06	05	851.0127	 155.6823	 0.3809	 0.9738
1951	06	06	845.6746	 155.1740	 0.2936	 0.9738
1951	06	07	835.0986	 153.0115	 0.0141	 0.9738
1951	06	08	818.6107	 149.7762	 0.0000	 0.9738
1951	06	09	790.1946	 144.3795	 0.0000	 0.9488
1951	06	10	766.7966	 139.9351	 0.0000	 0.9488
1951	06	11	743.4016	 135.5008	 0.0000	 0.9488
1951	06	12	720.3896	 131.1462	 0.0000	 0.9488
1951	06	13	696.7180	 126.6811	 0.0000	 0.9488
1951	06	14	670.5540	 121.7755	 0.0000	 0.9488
1951	06	15	648.6385	 117.6498	 0.0000	 0.9488
1951	06	16	629.5670	 114.0527	 0.0000	 0.9238
1951	06	17	609.1406	 110.2521	 0.0000	 0.9238
1951	06	18	589.1443	 106.5378	 0.0000	 0.9238
1951	06	19	572.2158	 103.3872	 0.0000	 0.9238
1951	06	20	555.4045	 100.2682	 0.0000	 0.9238
1951	06	21	528.5918	 95.3439	 0.0000	 0.9238
1951	06	22	509.0892	 91.7808	 0.0000	 0.9238
1951	06	23	488.0612	 87.9152	 0.2347	 0.9238
1951	06	24	471.8409	 84.9713	 0.0000	 0.9238
1951	06	25	438.1224	 78.8237	 0.0000	 0.9238
1951	06	26	416.6967	 74.9017	 0.0000	 0.9238
1951	06	27	395.3122	 70.9919	 0.0000	 0.9238
1951	06	28	373.9866	 67.0986	 0.0000	 0.8374
1951	06	29	356.4916	 63.9094	 0.0000	 0.6060
1951	06	30	341.7181	 61.2280	 0.0000	 0.6060
1951	07	01	329.5080	 59.0282	 0.0000	 0.6060
1951	07	02	316.3530	 56.6387	 0.0000	 0.6060
1951	07	03	301.1602	 53.8882	 0.0000	 0.6060
1951	07	04	294.9189	 52.7774	 0.1003	 0.6310
1951	07	05	292.0604	 52.9052	 0.2037	 0.6310
1951	07	06	283.7142	 51.4813	 0.1865	 0.6822
1951	07	07	274.5823	 49.8392	 0.0000	 0.6060
1951	07	08	264.3202	 47.9513	 0.0000	 0.6060
1951	07	09	253.0775	 45.9096	 0.0000	 0.6060
1951	07	10	244.4861	 44.3190	 0.0000	 0.6060
1951	07	11	233.4359	 42.2839	 0.0000	 0.6060
1951	07	12	218.7249	 39.5841	 0.0000	 0.6060
1951	07	13	197.7432	 35.7489	 0.0000	 0.6060
1951	07	14	178.4901	 32.2317	 0.0000	 0.6060
1951	07	15	160.7138	 28.9862	 0.0000	 0.6060
1951	07	16	142.6281	 25.6871	 0.0000	 0.6060
1951	07	17	127.4079	 22.9188	 0.0000	 0.3030
1951	07	18	118.6683	 21.3380	 0.0000	 0.3030
1951	07	19	112.0612	 20.1422	 0.0000	 0.3030
1951	07	20	107.0176	 19.2288	 0.0000	 0.3030
1951	07	21	100.4402	 18.0408	 0.0000	 0.3030
1951	07	22	90.7512	 16.2953	 0.0000	 0.3030
1951	07	23	80.3757	 14.4282	 0.0000	 0.3030
1951	07	24	71.6026	 12.8501	 0.0000	 0.3030
1951	07	25	63.4106	 11.3774	 0.0000	 0.3030
1951	07	26	54.6178	 9.7978	 0.0000	 0.3030
1951	07	27	47.2628	 8.4769	 0.0000	 0.3030
1951	07	28	38.6900	 6.9382	 0.0000	 0.3030
1951	07	29	30.3623	 5.4441	 0.0000	 0.3030
1951	07	30	22.1166	 3.9651	 0.0000	 0.3030
1951	07	31	13.9036	 2.4923	 0.0000	 0.3030
1951	08	01	5.2171	 0.9348	 0.0000	 0.3030
1951	08	02	0.6739	 0.1206	 0.0000	 0.0824
1951	08	03	0.0000	 0.0000	 0.0000	 0.0000
1951	08	04	0.0000	 0.0000	 0.0000	 0.0000
1951	08	05	0.0000	 0.0000	 0.0000	 0.0000
1951	08	06	0.0000	 0.0000	 0.0000	 0.0000
1951	08	07	0.0000	 0.0000	 0.0000	 0.0000
1951	08	08	0.0000	 0.0000	 0.0000	 0.0000
1951	08	09	0.0000	 0.0000	 0.0000	 0.0000
1951	08	10	0.0000	 0.0000	 0.0000	 0.0000
1951	08	11	0.0000	 0.0000	 0.0000	 0.0000
1951	08	12	0.0000	 0.0000	 0.0000	 0.0000
1951	08	13	0.0000	 0.0000	 0.0000	 0.0000
1951	08	14	0.0000	 0.0000	 0.0000	 0.0000
1951	08	15	0.0000	 0.0000	 0.0000	 0.0000
1951	08	16	0.0000	 0.0000	 0.0000	 0.0000
1951	08	17	0.0000	 0.0000	 0.0000	 0.0000
1951	08	18	0.0000	 0.0000	 0.0000	 0.0000
1951	08	19	0.0000	 0.0000	 0.0000	 0.0000
1951	08	20	0.0000	 0.0000	 0.0000	 0.0000
1951	08	21	0.0000	 0.0000	 0.0000	 0.0000
1951	08	22	0.0000	 0.0000	 0.0000	 0.0000
1951	08	23	0.0000	 0.0000	 0.0000	 0.0000
1951	08	24	0.0000	 0.0000	 0.0000	 0.0000
1951	08	25	0.0000	 0.0000	 0.0000	 0.0000
1951	08	26	0.0000	 0.0000	 0.0000	 0.0000
1951	08	27	0.0000	 0.0000	 0.0000	 0.0000
1951	08	28	0.9930	 0.5198	 0.5094	 0.3280
1951	08	29	0.0000	 0.0000	 0.0000	 0.0000
1951	08	30	0.0000	 0.0000	 0.1491	 0.0000
1951	08	31	0.0000	 0.0000	 0.0046	 0.0000
1951	09	01	0.0000	 0.0000	 0.0000	 0.0000
1951	09	02	0.0000	 0.0000	 0.0000	 0.0000
1951	09	03	0.0000	 0.0000	 0.0000	 0.0000
1951	09	04	0.0000	 0.0000	 0.0000	 0.0000
1951	09	05	0.0000	 0.0000	 0.0000	 0.0000
1951	09	06	0.0000	 0.0000	 0.0000	 0.0000
1951	09	07	0.0000	 0.0000	 0.0000	 0.0000
1951	09	08	0.0000	 0.0000	 0.0219	 0.0000
1951	09	09	0.0000	 0.0000	 0.0000	 0.0000
1951	09	10	0.0000	 0.0000	 0.0000	 0.0000
1951	09	11	0.0000	 0.0000	 0.0000	 0.0000
1951	09	12	0.0000	 0.0000	 0.0000	 0.0000
1951	09	13	0.0000	 0.0000	 0.0000	 0.0000
1951	09	14	0.0000	 0.0000	 0.0000	 0.0000
1951	09	15	0.0000	 0.0000	 0.0000	 0.0000
1951	09	16	0.0000	 0.0000	 0.0000	 0.0000
1951	09	17	0.0000	 0.0000	 0.0000	 0.0000
1951	09	18	0.0000	 0.0000	 0.0000	 0.0000
1951	09	19	0.0000	 0.0000	 0.0000	 0.0000
1951	09	20	0.0000	 0.0000	 0.0000	 0.0000
1951	09	21	0.0000	 0.0000	 0.0000	 0.0000
1951	09	22	0.0000	 0.0000	 0.0000	 0.0000
1951	09	23	0.0000	 0.0000	 0.0000	 0.0000
1951	09	24	0.0000	 0.0000	 0.0000	 0.0000
1951	09	25	0.0000	 0.0000	 0.0376	 0.0000
1951	09	26	0.0000	 0.0000	 0.0168	 0.0000
1951	09	27	0.3061	 0.2321	 0.2193	 0.5736
1951	09	28	0.1570	 0.1065	 0.1127	 0.3280
1951	09	29	0.0000	 0.0000	 0.0000	 0.0000
1951	09	30	0.0000	 0.0000	 0.0000	 0.0000
1951	10	01	0.0000	 0.0000	 0.0000	 0.0000
1951	10	02	0.0000	 0.0000	 0.0000	 0.0000
1951	10	03	0.0009	 0.0006	 0.0367	 0.0250
1951	10	04	0.0000	 0.0000	 0.0033	 0.0000
1951	10	05	0.0132	 0.0086	 0.0150	 0.0250
1951	10	06	0.0000	 0.0000	 0.0000	 0.0000
1951	10	07	0.0000	 0.0000	 0.0142	 0.0000
1951	10	08	0.0000	 0.0000	 0.0000	 0.0000
1951	10	09	0.0000	 0.0000	 0.0000	 0.0000
1951	10	10	0.0000	 0.0000	 0.0000	 0.0000
1951	10	11	0.1106	 0.0758	 0.0500	 0.3280
1951	10	12	0.0042	 0.0032	 0.1812	 0.0250
1951	10	13	0.9991	 0.5799	 0.6910	 0.6560
1951	10	14	6.3489	 3.8278	 2.5138	 1.0000
1951	10	15	8.2735	 5.0060	 2.8236	 1.0000
1951	10	16	8.5423	 5.0712	 2.7973	 1.0000
1951	10	17	16.2363	 9.7267	 3.2914	 1.0000
1951	10	18	46.3260	 22.8686	 3.1581	 1.0000
1951	10	19	71.0091	 32.0618	 3.0535	 1.0000
1951	10	20	73.9901	 31.5377	 4.1762	 1.0000
1951	10	21	74.2587	 30.3103	 4.0597	 1.0000
1951	10	22	90.4129	 36.8779	 4.4102	 1.0000
1951	10	23	105.7638	 42.6576	 4.6624	 1.0000
1951	10	24	107.6607	 41.7820	 4.6576	 1.0000
1951	10	25	107.6378	 40.6146	 4.6283	 1.0000
1951	10	26	107.6296	 39.7715	 4.6374	 1.0000
1951	10	27	107.6371	 39.0499	 4.6656	 1.0000
1951	10	28	109.2697	 39.0531	 4.7764	 1.0000
1951	10	29	112.0055	 39.7362	 4.8294	 1.0000
1951	10	30	112.9087	 39.9593	 4.8189	 1.0000
1951	10	31	112.8563	 39.4650	 4.7752	 1.0000
1951	11	01	113.0775	 39.3745	 4.4582	 1.0000
1951	11	02	121.5260	 46.4595	 4.3990	 1.0000
1951	11	03	131.7162	 52.3786	 4.3843	 1.0000
1951	11	04	133.6067	 51.3406	 4.7468	 1.0000
1951	11	05	133.5402	 49.8338	 4.6962	 1.0000
1951	11	06	133.5290	 48.5310	 4.6879	 1.0000
1951	11	07	134.0737	 47.7833	 4.7176	 1.0000
1951	11	08	134.3658	 46.9549	 4.6679	 1.0000
1951	11	09	142.5543	 50.4376	 4.7241	 1.0000
1951	11	10	168.5325	 60.3845	 4.5599	 1.0000
1951	11	11	197.9538	 70.9172	 4.4799	 1.0000
1951	11	12	212.5180	 75.4714	 4.3081	 1.0000
1951	11	13	219.2884	 76.1911	 4.1770	 1.0000
1951	11	14	220.0549	 74.5619	 4.0997	 1.0000
1951	11	15	220.2145	 73.1949	 4.0843	 1.0000
1951	11	16	220.1453	 72.0169	 4.0711	 1.0000
1951	11	17	220.0482	 70.8389	 4.0103	 1.0000
1951	11	18	219.9567	 69.8099	 3.9854	 1.0000
1951	11	19	219.8648	 68.7836	 3.9398	 1.0000
1951	11	20	219.9732	 68.0660	 3.9484	 1.0000
1951	11	21	219.9739	 67.3655	 3.9546	 1.0000
1951	11	22	219.9764	 66.8025	 3.9796	 1.0000
1951	11	23	219.9814	 66.2940	 4.0098	 1.0000
1951	11	24	223.2678	 69.1032	 4.0217	 1.0000
1951	11	25	243.1269	 84.9354	 3.9626	 1.0000
1951	11	26	262.3544	 95.8012	 3.8414	 1.0000
1951	11	27	280.7395	 105.0793	 3.7851	 1.0000
1951	11	28	300.7760	 111.8978	 3.7356	 1.0000
1951	11	29	327.4708	 118.3376	 3.6507	 1.0000
1951	11	30	349.1182	 124.1358	 3.5671	 1.0000
1951	12	01	357.0672	 122.0223	 3.4392	 1.0000
1951	12	02	363.3175	 122.1309	 3.4530	 1.0000
1951	12	03	378.4105	 128.5624	 3.3436	 1.0000
1951	12	04	389.1616	 132.4230	 3.2825	 1.0000
1951	12	05	391.2205	 129.2288	 3.0667	 1.0000
1951	12	06	391.3154	 126.2458	 2.9775	 1.0000
1951	12	07	391.3846	 124.3777	 2.9093	 1.0000
1951	12	08	391.3764	 122.6036	 2.9389	 1.0000
1951	12	09	391.7762	 121.4289	 2.9882	 1.0000
1951	12	10	391.9807	 119.8946	 3.0218	 1.0000
1951	12	11	392.2849	 118.4363	 3.0273	 1.0000
1951	12	12	392.4437	 116.9300	 3.0231	 1.0000
1951	12	13	392.4864	 115.6002	 2.9935	 1.0000
1951	12	14	393.8885	 116.2061	 3.0673	 1.0000
1951	12	15	400.0512	 122.1709	 3.0771	 1.0000
1951	12	16	403.2531	 123.9947	 3.0434	 1.0000
1951	12	17	419.5454	 138.9012	 3.0347	 1.0000
1951	12	18	434.3754	 148.8018	 2.8885	 1.0000
1951	12	19	435.2850	 145.3600	 2.8536	 1.0000
1951	12	20	446.5732	 156.9004	 2.8406	 1.0000
1951	12	21	470.1611	 180.7186	 2.8375	 1.0000
1951	12	22	477.2363	 179.0366	 2.7239	 1.0000
1951	12	23	481.1005	 177.4683	 2.7267	 1.0000
1951	12	24	483.0435	 175.4351	 2.7223	 1.0000
1951	12	25	484.8322	 173.1446	 2.7212	 1.0000
1951	12	26	489.0414	 173.7545	 2.7097	 1.0000
1951	12	27	490.7095	 170.7066	 2.7249	 1.0000
1951	12	28	496.1845	 171.9449	 2.7528	 1.0000
1951	12	29	506.0915	 176.0017	 2.6563	 1.0000
1951	12	30	506.1445	 171.5783	 2.6424	 1.0000
1951	12	31	506.2104	 169.1317	 2.5620	 1.0000
