1949	01	01	12.2046	 11.0681	 0.8305	 1.0000
1949	01	02	13.7149	 12.1853	 0.7999	 1.0000
1949	01	03	13.9864	 12.1911	 0.5052	 1.0000
1949	01	04	13.9273	 11.7571	 0.5133	 1.0000
1949	01	05	17.4715	 14.9391	 0.8511	 1.0000
1949	01	06	30.1644	 21.5857	 0.8598	 1.0000
1949	01	07	40.9010	 27.3210	 0.8885	 1.0000
1949	01	08	41.1107	 26.4219	 0.5761	 1.0000
1949	01	09	41.0925	 25.6702	 0.5779	 1.0000
1949	01	10	41.0724	 25.0080	 0.5817	 1.0000
1949	01	11	41.0370	 24.2995	 0.5895	 1.0000
1949	01	12	40.9745	 23.5503	 0.5992	 1.0000
1949	01	13	41.2062	 23.1212	 0.7096	 1.0000
1949	01	14	41.7744	 22.8515	 0.8291	 1.0000
1949	01	15	42.8863	 22.9790	 0.8794	 1.0000
1949	01	16	44.8390	 24.2349	 0.9057	 1.0000
1949	01	17	45.3528	 23.9265	 0.8776	 1.0000
1949	01	18	45.5993	 23.6346	 0.8692	 1.0000
1949	01	19	45.6973	 23.3256	 0.8738	 1.0000
1949	01	20	49.9667	 28.5402	 0.8997	 1.0000
1949	01	21	54.9469	 33.7216	 0.8920	 1.0000
1949	01	22	55.1692	 32.6058	 0.5647	 1.0000
1949	01	23	55.0037	 31.4208	 0.5562	 1.0000
1949	01	24	55.0766	 30.5988	 0.5993	 1.0000
1949	01	25	57.7752	 33.1205	 0.8711	 1.0000
1949	01	26	59.2214	 33.5591	 0.8832	 1.0000
1949	01	27	59.4980	 32.4752	 0.5764	 1.0000
1949	01	28	59.4469	 31.1618	 0.5866	 1.0000
1949	01	29	59.3027	 29.8754	 0.5858	 1.0000
1949	01	30	59.1965	 28.8469	 0.5906	 1.0000
1949	01	31	59.1043	 28.0545	 0.5955	 1.0000
1949	02	01	58.9539	 27.3158	 0.5999	 1.0000
1949	02	02	60.6925	 28.8201	 0.8609	 1.0000
1949	02	03	67.8358	 35.6462	 0.8980	 1.0000
1949	02	04	68.5679	 34.8264	 0.8596	 1.0000
1949	02	05	82.8133	 47.0802	 0.9125	 1.0000
1949	02	06	106.5776	 61.9271	 0.9227	 1.0000
1949	02	07	122.3959	 65.3300	 0.9307	 1.0000
1949	02	08	149.8981	 73.8675	 0.9479	 1.0000
1949	02	09	195.3472	 90.3592	 0.9584	 1.0000
1949	02	10	230.5552	 104.6313	 0.9536	 1.0000
1949	02	11	231.5090	 98.6985	 0.9388	 1.0000
1949	02	12	231.6434	 94.5764	 0.7336	 1.0000
1949	02	13	248.5312	 107.6038	 0.9737	 1.0000
1949	02	14	270.7555	 116.1665	 0.9866	 1.0000
1949	02	15	386.6831	 154.2923	 1.0181	 1.0000
1949	02	16	528.0433	 180.6268	 1.3005	 1.0000
1949	02	17	561.7349	 184.5960	 1.1988	 1.0000
1949	02	18	572.0339	 184.2646	 1.1702	 1.0000
1949	02	19	594.5299	 197.4805	 1.1767	 1.0000
1949	02	20	623.1449	 209.8926	 1.1744	 1.0000
1949	02	21	688.4608	 238.2232	 1.1930	 1.0000
1949	02	22	724.5905	 232.5426	 1.1902	 1.0000
1949	02	23	728.3327	 220.2349	 1.2709	 1.0000
1949	02	24	728.3816	 210.8011	 1.0717	 1.0000
1949	02	25	728.2343	 204.0622	 1.0742	 1.0000
1949	02	26	727.9003	 198.9250	 1.0465	 1.0000
1949	02	27	727.5701	 194.7282	 1.0265	 1.0000
1949	02	28	727.2525	 191.2423	 0.9987	 1.0000
1949	03	01	727.0298	 188.1969	 0.9900	 1.0000
1949	03	02	726.6907	 185.2442	 0.9887	 1.0000
1949	03	03	726.4334	 182.4978	 0.9817	 1.0000
1949	03	04	726.3277	 179.9839	 0.9854	 1.0000
1949	03	05	726.1767	 177.5625	 0.9896	 1.0000
1949	03	06	726.5412	 175.8682	 1.1117	 1.0000
1949	03	07	730.1539	 175.7509	 1.5264	 1.0000
1949	03	08	742.0067	 181.0896	 1.8588	 1.0000
1949	03	09	741.8794	 179.6901	 1.6645	 1.0000
1949	03	10	741.3435	 178.2417	 1.5910	 1.0000
1949	03	11	743.7434	 178.3100	 1.8709	 1.0000
1949	03	12	760.2367	 184.4469	 2.0977	 1.0000
1949	03	13	772.6185	 189.5859	 2.1480	 1.0000
1949	03	14	779.6918	 191.7174	 2.1539	 1.0000
1949	03	15	793.1681	 197.2486	 2.2228	 1.0000
1949	03	16	805.3899	 199.9012	 2.3854	 1.0000
1949	03	17	813.9335	 200.3911	 2.6152	 1.0000
1949	03	18	838.5684	 206.6130	 2.6591	 1.0000
1949	03	19	856.6073	 210.4220	 2.7459	 1.0000
1949	03	20	876.0821	 216.4221	 2.7123	 1.0000
1949	03	21	886.1966	 217.9328	 2.8574	 1.0000
1949	03	22	886.0170	 215.1157	 2.7628	 1.0000
1949	03	23	886.0523	 212.8168	 2.7016	 1.0000
1949	03	24	888.6317	 211.7619	 2.9936	 1.0000
1949	03	25	894.4577	 212.1212	 2.9541	 1.0000
1949	03	26	908.1964	 217.6766	 2.8629	 1.0000
1949	03	27	917.2299	 222.2007	 2.7058	 1.0000
1949	03	28	919.6907	 221.5765	 2.7761	 1.0000
1949	03	29	921.9625	 220.2064	 2.8884	 1.0000
1949	03	30	922.0080	 217.9295	 2.8276	 1.0000
1949	03	31	922.8046	 216.2569	 2.9427	 1.0000
1949	04	01	923.4224	 214.6066	 3.0763	 1.0000
1949	04	02	923.0803	 212.6061	 2.9353	 1.0000
1949	04	03	923.8029	 210.9366	 2.1755	 1.0000
1949	04	04	926.2872	 209.5829	 0.3393	 1.0000
1949	04	05	926.1740	 207.7259	 0.2198	 1.0000
1949	04	06	925.1529	 205.8962	 0.0000	 1.0000
1949	04	07	924.4014	 204.2139	 0.0307	 1.0000
1949	04	08	923.6176	 202.6737	 0.0073	 1.0000
1949	04	09	922.3184	 201.0816	 0.0000	 1.0000
1949	04	10	920.9480	 199.5020	 0.0506	 1.0000
1949	04	11	919.5672	 198.0359	 0.0247	 1.0000
1949	04	12	918.4119	 196.7595	 0.0776	 1.0000
1949	04	13	916.7517	 195.3986	 0.0414	 1.0000
1949	04	14	914.1414	 193.9251	 0.0000	 1.0000
1949	04	15	909.4527	 191.9982	 0.0000	 1.0000
1949	04	16	900.6832	 189.2403	 0.0000	 1.0000
1949	04	17	895.1024	 187.2318	 0.0086	 1.0000
1949	04	18	887.5819	 184.8510	 0.0508	 1.0000
1949	04	19	884.8005	 183.6731	 0.3901	 1.0000
1949	04	20	892.3335	 186.0787	 1.1044	 1.0000
1949	04	21	898.6999	 188.1044	 1.3876	 1.0000
1949	04	22	906.3769	 190.6305	 1.2713	 1.0000
1949	04	23	914.6452	 193.3197	 1.1026	 1.0000
1949	04	24	919.0104	 194.2386	 0.8425	 1.0000
1949	04	25	917.1871	 193.0516	 0.3740	 1.0000
1949	04	26	907.1154	 190.0420	 0.0000	 1.0000
1949	04	27	896.5342	 187.0485	 0.0633	 1.0000
1949	04	28	890.1972	 185.0972	 0.3979	 1.0000
1949	04	29	889.6526	 184.4705	 0.6760	 1.0000
1949	04	30	896.0340	 186.3252	 1.1489	 1.0000
1949	05	01	920.1731	 195.0345	 3.7044	 1.0000
1949	05	02	931.6489	 198.4895	 3.2013	 1.0000
1949	05	03	935.0744	 199.1748	 3.1390	 1.0000
1949	05	04	934.9522	 198.3077	 2.0587	 1.0000
1949	05	05	926.6995	 195.5511	 0.1073	 1.0000
1949	05	06	907.0390	 190.3876	 0.0000	 1.0000
1949	05	07	880.6588	 183.9346	 0.0000	 1.0000
1949	05	08	848.1123	 176.3124	 0.0000	 1.0000
1949	05	09	814.9493	 168.6980	 0.0000	 1.0000
1949	05	10	780.6136	 160.9587	 0.0000	 1.0000
1949	05	11	745.0881	 153.0843	 0.0000	 1.0000
1949	05	12	706.0427	 144.5816	 0.0000	 1.0000
1949	05	13	667.3023	 136.2310	 0.0000	 1.0000
1949	05	14	627.5194	 127.7497	 0.0000	 1.0000
1949	05	15	586.4233	 119.0654	 0.0000	 1.0000
1949	05	16	559.4570	 113.3153	 0.0070	 1.0000
1949	05	17	541.2932	 109.3868	 0.0000	 1.0000
1949	05	18	515.0533	 103.8539	 0.0000	 0.9739
1949	05	19	499.4047	 100.4861	 0.0110	 0.9229
1949	05	20	487.2530	 97.8398	 0.0000	 0.9184
1949	05	21	469.2230	 94.0170	 0.0000	 0.9184
1949	05	22	448.0811	 89.5889	 0.0000	 0.9184
1949	05	23	424.9578	 84.7919	 0.0000	 0.9184
1949	05	24	402.7428	 80.1997	 0.0000	 0.8925
1949	05	25	374.2785	 74.3929	 0.0000	 0.8419
1949	05	26	359.1815	 71.2876	 0.0000	 0.8419
1949	05	27	340.4923	 67.4626	 0.0066	 0.8374
1949	05	28	326.9364	 64.6663	 0.0000	 0.8374
1949	05	29	312.7624	 61.7583	 0.0000	 0.8374
1949	05	30	298.7388	 58.8933	 0.0025	 0.7173
1949	05	31	291.0267	 57.2938	 0.0394	 0.6391
1949	06	01	285.3033	 56.0837	 0.0106	 0.6391
1949	06	02	277.3807	 54.4363	 0.0000	 0.5903
1949	06	03	268.3256	 52.5765	 0.0000	 0.5903
1949	06	04	252.5121	 49.3957	 0.0000	 0.5860
1949	06	05	234.6836	 45.8278	 0.0000	 0.5860
1949	06	06	213.1625	 41.5533	 0.0000	 0.5860
1949	06	07	198.2469	 38.5716	 0.0000	 0.5606
1949	06	08	189.6846	 36.8708	 0.0000	 0.5606
1949	06	09	177.4377	 34.4373	 0.0000	 0.5110
1949	06	10	166.4057	 32.2555	 0.0000	 0.5066
1949	06	11	157.9967	 30.5882	 0.0000	 0.5066
1949	06	12	150.0356	 29.0121	 0.0000	 0.5066
1949	06	13	140.3029	 27.0948	 0.0000	 0.5066
1949	06	14	130.5033	 25.1689	 0.0000	 0.4290
1949	06	15	127.1841	 24.5575	 0.0332	 0.4139
1949	06	16	126.8372	 24.5566	 0.1854	 0.4920
1949	06	17	125.4736	 24.4174	 0.1277	 0.4920
1949	06	18	121.6612	 23.6416	 0.0000	 0.3346
1949	06	19	116.5361	 22.6184	 0.0000	 0.3346
1949	06	20	108.7947	 21.0883	 0.0000	 0.3346
1949	06	21	103.4285	 20.0334	 0.0000	 0.3346
1949	06	22	97.9030	 18.9423	 0.0000	 0.3346
1949	06	23	92.4055	 17.8556	 0.0000	 0.3346
1949	06	24	88.4355	 17.0713	 0.0236	 0.3346
1949	06	25	86.5055	 16.7166	 0.0628	 0.4139
1949	06	26	84.4611	 16.3419	 0.0617	 0.4139
1949	06	27	81.3265	 15.7886	 0.0797	 0.4139
1949	06	28	78.7040	 15.3267	 0.0740	 0.4139
1949	06	29	76.7955	 14.9321	 0.0341	 0.3346
1949	06	30	70.7401	 13.7032	 0.0000	 0.3346
1949	07	01	66.1312	 12.7658	 0.0000	 0.2597
1949	07	02	62.3825	 12.0168	 0.0000	 0.1686
1949	07	03	59.3907	 11.4314	 0.0000	 0.1686
1949	07	04	56.0999	 10.7898	 0.0000	 0.1686
1949	07	05	53.0006	 10.1865	 0.0000	 0.1686
1949	07	06	49.9729	 9.5982	 0.0000	 0.1686
1949	07	07	46.3149	 8.8900	 0.0000	 0.1686
1949	07	08	41.7949	 8.0176	 0.0000	 0.1686
1949	07	09	36.6678	 7.0302	 0.0000	 0.1686
1949	07	10	31.8618	 6.1057	 0.0000	 0.1686
1949	07	11	27.3749	 5.2435	 0.0000	 0.1686
1949	07	12	22.6395	 4.3345	 0.0000	 0.1686
1949	07	13	17.4166	 3.3328	 0.0000	 0.1686
1949	07	14	11.9697	 2.2890	 0.0000	 0.1686
1949	07	15	7.1094	 1.3753	 0.0000	 0.1686
1949	07	16	5.4794	 1.0747	 0.0190	 0.2480
1949	07	17	3.8978	 0.7806	 0.0000	 0.0926
1949	07	18	2.4504	 0.5333	 0.0000	 0.0926
1949	07	19	1.3177	 0.2874	 0.0000	 0.0926
1949	07	20	0.0031	 0.0007	 0.0000	 0.0926
1949	07	21	0.0000	 0.0000	 0.0000	 0.0000
1949	07	22	0.0000	 0.0000	 0.0000	 0.0000
1949	07	23	0.0000	 0.0000	 0.0000	 0.0000
1949	07	24	0.0000	 0.0000	 0.0000	 0.0000
1949	07	25	0.0000	 0.0000	 0.0000	 0.0000
1949	07	26	0.0000	 0.0000	 0.0000	 0.0000
1949	07	27	0.0000	 0.0000	 0.0000	 0.0000
1949	07	28	0.0000	 0.0000	 0.0000	 0.0000
1949	07	29	0.0000	 0.0000	 0.0000	 0.0000
1949	07	30	0.0000	 0.0000	 0.0000	 0.0000
1949	07	31	0.0000	 0.0000	 0.0000	 0.0000
1949	08	01	0.0000	 0.0000	 0.0000	 0.0000
1949	08	02	0.0000	 0.0000	 0.0000	 0.0000
1949	08	03	0.0000	 0.0000	 0.0000	 0.0000
1949	08	04	0.0000	 0.0000	 0.0000	 0.0000
1949	08	05	0.0000	 0.0000	 0.0000	 0.0000
1949	08	06	0.0000	 0.0000	 0.0000	 0.0000
1949	08	07	0.0000	 0.0000	 0.0000	 0.0000
1949	08	08	0.0000	 0.0000	 0.0000	 0.0000
1949	08	09	0.0000	 0.0000	 0.0000	 0.0000
1949	08	10	0.0000	 0.0000	 0.0000	 0.0000
1949	08	11	0.0000	 0.0000	 0.0000	 0.0000
1949	08	12	0.0000	 0.0000	 0.0705	 0.0000
1949	08	13	0.0000	 0.0000	 0.0194	 0.0000
1949	08	14	0.0000	 0.0000	 0.0000	 0.0000
1949	08	15	0.0000	 0.0000	 0.0000	 0.0000
1949	08	16	0.0000	 0.0000	 0.0000	 0.0000
1949	08	17	0.0000	 0.0000	 0.0000	 0.0000
1949	08	18	0.0000	 0.0000	 0.0000	 0.0000
1949	08	19	0.0000	 0.0000	 0.0000	 0.0000
1949	08	20	0.0000	 0.0000	 0.0000	 0.0000
1949	08	21	0.0000	 0.0000	 0.0000	 0.0000
1949	08	22	0.0000	 0.0000	 0.0000	 0.0000
1949	08	23	0.0000	 0.0000	 0.0000	 0.0000
1949	08	24	0.0000	 0.0000	 0.0000	 0.0000
1949	08	25	0.0062	 0.0040	 0.0271	 0.0794
1949	08	26	0.0000	 0.0000	 0.0000	 0.0000
1949	08	27	0.0000	 0.0000	 0.0000	 0.0000
1949	08	28	0.0000	 0.0000	 0.0000	 0.0000
1949	08	29	0.0000	 0.0000	 0.0000	 0.0000
1949	08	30	0.0000	 0.0000	 0.0000	 0.0000
1949	08	31	0.0000	 0.0000	 0.0000	 0.0000
1949	09	01	0.0000	 0.0000	 0.0000	 0.0000
1949	09	02	0.0000	 0.0000	 0.0000	 0.0000
1949	09	03	0.0000	 0.0000	 0.0000	 0.0000
1949	09	04	0.0000	 0.0000	 0.0000	 0.0000
1949	09	05	0.0000	 0.0000	 0.0000	 0.0000
1949	09	06	0.0000	 0.0000	 0.0000	 0.0000
1949	09	07	0.0000	 0.0000	 0.0000	 0.0000
1949	09	08	0.0000	 0.0000	 0.0000	 0.0000
1949	09	09	0.0000	 0.0000	 0.0000	 0.0000
1949	09	10	0.0000	 0.0000	 0.0534	 0.0044
1949	09	11	0.0125	 0.0099	 0.1115	 0.3261
1949	09	12	0.0000	 0.0000	 0.0000	 0.0000
1949	09	13	0.0298	 0.0205	 0.0654	 0.0794
1949	09	14	0.4624	 0.2503	 0.0058	 0.2480
1949	09	15	3.2786	 1.7428	 1.3008	 0.5730
1949	09	16	6.3427	 3.3029	 0.6173	 0.4671
1949	09	17	7.0723	 3.2866	 0.3080	 0.4920
1949	09	18	7.2420	 3.2025	 0.2438	 0.3261
1949	09	19	7.0731	 3.0506	 0.1743	 0.4070
1949	09	20	6.7850	 2.8979	 0.0659	 0.2480
1949	09	21	4.3691	 1.8368	 0.0000	 0.2480
1949	09	22	0.9478	 0.3921	 0.0000	 0.1686
1949	09	23	0.0000	 0.0000	 0.0000	 0.0000
1949	09	24	0.0000	 0.0000	 0.0000	 0.0000
1949	09	25	0.0000	 0.0000	 0.0000	 0.0000
1949	09	26	0.0000	 0.0000	 0.0000	 0.0000
1949	09	27	0.0000	 0.0000	 0.0000	 0.0000
1949	09	28	0.0000	 0.0000	 0.0000	 0.0000
1949	09	29	0.0000	 0.0000	 0.0000	 0.0000
1949	09	30	0.0000	 0.0000	 0.0088	 0.0540
1949	10	01	0.0000	 0.0000	 0.0000	 0.0000
1949	10	02	0.0000	 0.0000	 0.0000	 0.0000
1949	10	03	0.0979	 0.0640	 0.1201	 0.2480
1949	10	04	6.4357	 3.3715	 1.2757	 0.5730
1949	10	05	11.6936	 6.0104	 1.8202	 0.7450
1949	10	06	12.9380	 6.5490	 2.0274	 0.7450
1949	10	07	14.9918	 7.6035	 2.3661	 0.7495
1949	10	08	17.6716	 8.9748	 2.2983	 0.7450
1949	10	09	29.6750	 13.5095	 2.8309	 0.8232
1949	10	10	39.2873	 16.7947	 2.3131	 0.7450
1949	10	11	46.1807	 18.7271	 2.1931	 0.7450
1949	10	12	46.8721	 18.4446	 2.3412	 0.7450
1949	10	13	47.6443	 18.4644	 2.4836	 0.8266
1949	10	14	48.6948	 18.6872	 2.7065	 0.7450
1949	10	15	51.8264	 19.7128	 2.8924	 0.7450
1949	10	16	52.5557	 19.7001	 2.9047	 0.7450
1949	10	17	52.5438	 19.3678	 2.8346	 0.7450
1949	10	18	52.4463	 19.0551	 2.8022	 0.7450
1949	10	19	52.2920	 18.7555	 2.7687	 0.7450
1949	10	20	52.0956	 18.4273	 2.7702	 0.7450
1949	10	21	51.7090	 18.0250	 2.7555	 0.7450
1949	10	22	51.2169	 17.5905	 2.7102	 0.7450
1949	10	23	50.7013	 17.1692	 2.7106	 0.7450
1949	10	24	49.7352	 16.5849	 2.4796	 0.7450
1949	10	25	49.7906	 16.4775	 2.5743	 0.7450
1949	10	26	52.7753	 17.4972	 2.1914	 0.7450
1949	10	27	73.0753	 24.8440	 2.4987	 0.7450
1949	10	28	110.3359	 38.3135	 3.3451	 0.8266
1949	10	29	112.4780	 38.1970	 3.5011	 0.8266
1949	10	30	112.3157	 37.2589	 3.3572	 0.7450
1949	10	31	112.3648	 36.5365	 3.3130	 0.7450
1949	11	01	112.9040	 36.0414	 2.7979	 0.7450
1949	11	02	112.6835	 35.2762	 2.7263	 0.7450
1949	11	03	112.3527	 34.5502	 2.6319	 0.7450
1949	11	04	111.9438	 33.8613	 2.5587	 0.7450
1949	11	05	111.4389	 33.2207	 2.5299	 0.7450
1949	11	06	110.9527	 32.6604	 2.5237	 0.7450
1949	11	07	110.5838	 32.1773	 2.5466	 0.7450
1949	11	08	117.9198	 34.9612	 2.6809	 0.7450
1949	11	09	122.6189	 36.9697	 2.9864	 1.0000
1949	11	10	146.7654	 47.6810	 3.3048	 1.0000
1949	11	11	239.0857	 82.4286	 3.5474	 1.0000
1949	11	12	276.8442	 92.0135	 3.4903	 1.0000
1949	11	13	299.2731	 95.3193	 3.4688	 1.0000
1949	11	14	320.0489	 97.9890	 3.4145	 1.0000
1949	11	15	320.0384	 95.2536	 3.4566	 1.0000
1949	11	16	320.4144	 93.2005	 3.5049	 1.0000
1949	11	17	321.0132	 91.6373	 3.5738	 1.0000
1949	11	18	322.7472	 90.7305	 3.6754	 1.0000
1949	11	19	322.7798	 89.3699	 3.6668	 1.0000
1949	11	20	322.7996	 88.3617	 3.6615	 1.0000
1949	11	21	332.4528	 92.8512	 3.7371	 1.0000
1949	11	22	364.9755	 106.2960	 3.6669	 1.0000
1949	11	23	396.6464	 115.0918	 3.5655	 1.0000
1949	11	24	436.3905	 124.8527	 3.6193	 1.0000
1949	11	25	467.4428	 132.6028	 3.7265	 1.0000
1949	11	26	535.5027	 150.9109	 3.2384	 1.0000
1949	11	27	590.9964	 164.5378	 3.4316	 1.0000
1949	11	28	669.8316	 186.6541	 3.4901	 1.0000
1949	11	29	696.2565	 191.1611	 3.5716	 1.0000
1949	11	30	713.6884	 192.7601	 3.5714	 1.0000
1949	12	01	758.4668	 205.0253	 3.4260	 1.0000
1949	12	02	782.1446	 212.5321	 3.4101	 1.0000
1949	12	03	791.2894	 214.3379	 3.4268	 1.0000
1949	12	04	802.1678	 216.0146	 3.3890	 1.0000
1949	12	05	814.4220	 218.8267	 3.3302	 1.0000
1949	12	06	815.4235	 215.9807	 3.3322	 1.0000
1949	12	07	815.6850	 213.1262	 3.3223	 1.0000
1949	12	08	816.6403	 211.4976	 3.3312	 1.0000
1949	12	09	816.5059	 209.0925	 3.2861	 1.0000
1949	12	10	819.2783	 210.0215	 3.2864	 1.0000
1949	12	11	819.8278	 208.9348	 3.2918	 1.0000
1949	12	12	820.2222	 207.5690	 3.2911	 1.0000
1949	12	13	820.2817	 205.7703	 3.3083	 1.0000
1949	12	14	825.9853	 207.7413	 3.2931	 1.0000
1949	12	15	836.5042	 212.2756	 3.2642	 1.0000
1949	12	16	848.0827	 217.9364	 3.2532	 1.0000
1949	12	17	864.9784	 227.7212	 3.1401	 1.0000
1949	12	18	868.6566	 228.7905	 3.0899	 1.0000
1949	12	19	870.3233	 229.0131	 3.0926	 1.0000
1949	12	20	873.5728	 230.7132	 3.0922	 1.0000
1949	12	21	878.0232	 231.4355	 3.1099	 1.0000
1949	12	22	894.0519	 235.5163	 3.4214	 1.0000
1949	12	23	920.3051	 245.5601	 3.3273	 1.0000
1949	12	24	932.4169	 251.3178	 3.2428	 1.0000
1949	12	25	956.8579	 265.3602	 3.2239	 1.0000
1949	12	26	994.1935	 275.5494	 3.1608	 1.0000
1949	12	27	1061.5456	 290.3312	 3.0377	 1.0000
1949	12	28	1082.1638	 287.8968	 3.1543	 1.0000
1949	12	29	1096.3557	 288.6112	 3.1381	 1.0000
1949	12	30	1113.9921	 296.7093	 3.1012	 1.0000
1949	12	31	1126.4091	 303.4468	 3.0131	 1.0000
1950	01	01	1131.6164	 305.2117	 2.8764	 1.0000
1950	01	02	1139.6468	 312.2890	 2.8746	 1.0000
1950	01	03	1145.1297	 316.8051	 2.8695	 1.0000
1950	01	04	1151.1906	 321.6889	 2.8760	 1.0000
1950	01	05	1175.7791	 345.8375	 2.8758	 1.0000
1950	01	06	1206.9903	 366.3438	 2.8441	 1.0000
1950	01	07	1209.2941	 353.8440	 2.7912	 1.0000
1950	01	08	1217.9130	 349.9128	 2.7891	 1.0000
1950	01	09	1247.3843	 363.5866	 2.7621	 1.0000
1950	01	10	1279.8831	 372.7011	 2.6194	 1.0000
1950	01	11	1290.0946	 369.0781	 2.5716	 1.0000
1950	01	12	1303.8089	 375.3734	 2.4750	 1.0000
1950	01	13	1316.9099	 385.1636	 2.4436	 1.0000
1950	01	14	1320.2128	 384.2594	 2.4406	 1.0000
1950	01	15	1325.2092	 385.0963	 2.4375	 1.0000
1950	01	16	1325.8134	 379.5628	 2.4393	 1.0000
1950	01	17	1325.8127	 373.8584	 2.4389	 1.0000
1950	01	18	1362.0765	 411.6431	 2.4279	 1.0000
1950	01	19	1446.2539	 480.1514	 2.4336	 1.0000
1950	01	20	1505.3100	 473.9551	 2.4128	 1.0000
1950	01	21	1569.4846	 456.7466	 2.4076	 1.0000
1950	01	22	1608.8860	 444.6549	 2.3329	 1.0000
1950	01	23	1619.1444	 439.8180	 2.2116	 1.0000
1950	01	24	1619.1844	 433.7930	 2.1163	 1.0000
1950	01	25	1632.3131	 446.5348	 2.1222	 1.0000
1950	01	26	1650.5575	 461.9379	 2.1091	 1.0000
1950	01	27	1651.1558	 455.4082	 2.1088	 1.0000
1950	01	28	1651.2182	 449.8854	 2.0320	 1.0000
1950	01	29	1651.2091	 445.5091	 2.0336	 1.0000
1950	01	30	1651.1711	 441.4583	 2.0283	 1.0000
1950	01	31	1651.1613	 437.7285	 2.0295	 1.0000
1950	02	01	1651.1812	 434.1084	 2.0033	 1.0000
1950	02	02	1651.7995	 430.7395	 2.0320	 1.0000
1950	02	03	1666.1863	 442.8116	 2.0583	 1.0000
1950	02	04	1689.0773	 458.1031	 2.0221	 1.0000
1950	02	05	1715.6888	 471.3396	 2.0220	 1.0000
1950	02	06	1733.0699	 464.7287	 2.0035	 1.0000
1950	02	07	1769.0895	 462.2468	 1.9633	 1.0000
1950	02	08	1790.4635	 459.0546	 1.9260	 1.0000
1950	02	09	1796.2044	 451.7141	 1.9177	 1.0000
1950	02	10	1797.1287	 444.1013	 1.9193	 1.0000
1950	02	11	1800.3787	 437.0472	 1.9135	 1.0000
1950	02	12	1827.7814	 442.4972	 1.9393	 1.0000
1950	02	13	1847.2507	 442.3669	 1.9381	 1.0000
1950	02	14	1859.4976	 439.3260	 1.9411	 1.0000
1950	02	15	1872.7630	 436.9554	 1.9289	 1.0000
1950	02	16	1876.2262	 432.0973	 1.9834	 1.0000
1950	02	17	1876.5218	 427.0708	 1.9835	 1.0000
1950	02	18	1876.5582	 421.9204	 1.7988	 1.0000
1950	02	19	1878.7080	 418.7869	 1.9466	 1.0000
1950	02	20	1882.0033	 416.9512	 2.0182	 1.0000
1950	02	21	1883.4861	 414.0087	 2.0284	 1.0000
1950	02	22	1892.4803	 414.0366	 2.2164	 1.0000
1950	02	23	1969.5441	 441.1906	 2.4562	 1.0000
1950	02	24	2020.9993	 456.5389	 2.3789	 1.0000
1950	02	25	2061.9034	 466.8242	 2.3330	 1.0000
1950	02	26	2077.1303	 466.8202	 2.4805	 1.0000
1950	02	27	2078.4597	 462.6162	 2.4629	 1.0000
1950	02	28	2078.4750	 458.6696	 2.4009	 1.0000
1950	03	01	2080.9051	 456.2653	 2.5608	 1.0000
1950	03	02	2099.3719	 459.1792	 2.7780	 1.0000
1950	03	03	2150.1461	 468.5254	 3.0543	 1.0000
1950	03	04	2198.4575	 477.2734	 3.2176	 1.0000
1950	03	05	2233.8651	 483.1762	 3.3322	 1.0000
1950	03	06	2243.5298	 481.5511	 3.2046	 1.0000
1950	03	07	2247.8837	 479.4384	 3.3183	 1.0000
1950	03	08	2254.6015	 479.5003	 3.3057	 1.0000
1950	03	09	2262.4468	 480.5396	 3.2840	 1.0000
1950	03	10	2264.6332	 478.4158	 3.2924	 1.0000
1950	03	11	2264.5241	 475.6222	 3.2502	 1.0000
1950	03	12	2265.9728	 474.5067	 3.2391	 1.0000
1950	03	13	2266.4037	 472.2963	 3.2707	 1.0000
1950	03	14	2266.4159	 469.4699	 3.2923	 1.0000
1950	03	15	2284.7495	 472.1987	 3.3129	 1.0000
1950	03	16	2333.4776	 485.4742	 3.2202	 1.0000
1950	03	17	2356.6735	 489.3815	 3.2043	 1.0000
1950	03	18	2390.1583	 500.5500	 3.1109	 1.0000
1950	03	19	2421.6530	 514.2901	 3.0574	 1.0000
1950	03	20	2434.5243	 517.4410	 3.0843	 1.0000
1950	03	21	2447.0254	 517.1116	 3.2082	 1.0000
1950	03	22	2459.5972	 517.7037	 3.1870	 1.0000
1950	03	23	2470.3803	 519.1915	 3.1645	 1.0000
1950	03	24	2474.2755	 516.9496	 3.1864	 1.0000
1950	03	25	2476.2782	 513.9188	 3.1950	 1.0000
1950	03	26	2499.0589	 519.2244	 3.1692	 1.0000
1950	03	27	2522.6131	 525.6498	 3.0306	 1.0000
1950	03	28	2531.8606	 527.0191	 2.9617	 1.0000
1950	03	29	2539.1709	 526.7618	 3.0872	 1.0000
1950	03	30	2542.4036	 523.8296	 3.1362	 1.0000
1950	03	31	2555.2438	 524.5228	 3.0073	 1.0000
1950	04	01	2569.9320	 525.8984	 3.1634	 1.0000
1950	04	02	2594.2661	 531.1927	 3.2152	 1.0000
1950	04	03	2604.0168	 531.5790	 3.4463	 1.0000
1950	04	04	2603.7611	 528.0220	 3.3295	 1.0000
1950	04	05	2604.1736	 524.6157	 3.2231	 1.0000
1950	04	06	2603.9583	 521.3201	 3.0761	 1.0000
1950	04	07	2605.8401	 519.5580	 3.3270	 1.0000
1950	04	08	2619.9344	 521.3303	 3.4906	 1.0000
1950	04	09	2621.3134	 518.8261	 3.6274	 1.0000
1950	04	10	2622.3674	 516.0908	 3.0946	 1.0000
1950	04	11	2641.2350	 517.8989	 2.8405	 1.0000
1950	04	12	2655.1989	 518.3315	 2.6772	 1.0000
1950	04	13	2657.2244	 516.4191	 2.7186	 1.0000
1950	04	14	2669.2002	 517.3337	 2.6119	 1.0000
1950	04	15	2716.9306	 528.4292	 3.5907	 1.0000
1950	04	16	2746.5473	 535.6928	 3.7661	 1.0000
1950	04	17	2746.8852	 533.3280	 3.7360	 1.0000
1950	04	18	2748.0142	 530.9061	 2.4241	 1.0000
1950	04	19	2749.8977	 528.3127	 0.2818	 1.0000
1950	04	20	2750.3380	 525.5629	 0.0298	 1.0000
1950	04	21	2754.0831	 524.3889	 1.0346	 1.0000
1950	04	22	2758.0715	 524.1585	 1.5907	 1.0000
1950	04	23	2765.8711	 525.7754	 2.1296	 1.0000
1950	04	24	2770.4131	 525.4214	 2.0537	 1.0000
1950	04	25	2770.7103	 523.6526	 2.0452	 1.0000
1950	04	26	2775.0744	 523.6943	 2.2149	 1.0000
1950	04	27	2782.1709	 523.9218	 2.0609	 1.0000
1950	04	28	2782.7947	 521.8453	 0.3034	 1.0000
1950	04	29	2781.3431	 519.4417	 0.0000	 1.0000
1950	04	30	2788.4856	 519.4290	 0.6658	 1.0000
1950	05	01	2793.0975	 518.6216	 0.4482	 1.0000
1950	05	02	2792.4158	 516.5969	 0.1613	 1.0000
1950	05	03	2795.2749	 515.6574	 0.6904	 1.0000
1950	05	04	2796.9563	 514.4699	 0.6715	 1.0000
1950	05	05	2798.3311	 513.4274	 1.1344	 1.0000
1950	05	06	2797.5963	 511.7341	 0.4755	 1.0000
1950	05	07	2795.2682	 509.7883	 0.0000	 1.0000
1950	05	08	2790.6376	 507.3840	 0.0000	 1.0000
1950	05	09	2785.3050	 504.8601	 0.0000	 1.0000
1950	05	10	2778.5402	 502.1019	 0.0000	 1.0000
1950	05	11	2771.2508	 499.3255	 0.0000	 1.0000
1950	05	12	2760.0556	 495.9105	 0.0000	 1.0000
1950	05	13	2748.8440	 492.5679	 0.0000	 1.0000
1950	05	14	2735.1008	 488.8372	 0.0000	 1.0000
1950	05	15	2728.5943	 486.4636	 0.0072	 1.0000
1950	05	16	2723.5417	 484.4835	 0.1141	 1.0000
1950	05	17	2721.8398	 483.1907	 0.3638	 1.0000
1950	05	18	2722.2499	 482.4792	 0.5889	 1.0000
1950	05	19	2719.3643	 480.9867	 0.0740	 1.0000
1950	05	20	2710.3568	 478.3151	 0.0050	 1.0000
1950	05	21	2699.0127	 475.2663	 0.0000	 1.0000
1950	05	22	2688.6294	 472.4775	 0.0000	 1.0000
1950	05	23	2677.2256	 469.6034	 0.0000	 1.0000
1950	05	24	2660.7806	 465.8387	 0.0000	 1.0000
1950	05	25	2639.6901	 461.2574	 0.0000	 1.0000
1950	05	26	2615.7421	 456.2033	 0.0000	 1.0000
1950	05	27	2600.4957	 452.7027	 0.1111	 1.0000
1950	05	28	2595.6709	 451.1545	 0.1810	 1.0000
1950	05	29	2591.3247	 449.6964	 0.2277	 1.0000
1950	05	30	2580.2822	 447.1402	 0.0000	 1.0000
1950	05	31	2561.6937	 443.1878	 0.0000	 1.0000
1950	06	01	2538.9840	 438.5306	 0.0000	 1.0000
1950	06	02	2515.6975	 433.8216	 0.0000	 1.0000
1950	06	03	2487.4477	 428.2768	 0.0000	 1.0000
1950	06	04	2469.6192	 424.5604	 0.0017	 1.0000
1950	06	05	2454.0527	 421.2621	 0.0615	 1.0000
1950	06	06	2449.4792	 419.9938	 0.2559	 1.0000
1950	06	07	2440.6090	 417.9743	 0.3222	 1.0000
1950	06	08	2431.9163	 415.9601	 0.2123	 1.0000
1950	06	09	2416.4390	 412.7360	 0.0090	 1.0000
1950	06	10	2393.0269	 408.1879	 0.0000	 1.0000
1950	06	11	2364.6344	 402.7931	 0.0000	 1.0000
1950	06	12	2328.8357	 396.1676	 0.0000	 1.0000
1950	06	13	2297.4244	 390.3185	 0.0000	 1.0000
1950	06	14	2271.3688	 385.4049	 0.0000	 1.0000
1950	06	15	2240.9002	 379.7714	 0.0000	 1.0000
1950	06	16	2204.3067	 373.1216	 0.0000	 1.0000
1950	06	17	2169.6560	 366.8287	 0.0000	 1.0000
1950	06	18	2135.6644	 360.6725	 0.0000	 1.0000
1950	06	19	2092.3853	 352.9702	 0.0000	 1.0000
1950	06	20	2048.7236	 345.2272	 0.0000	 1.0000
1950	06	21	2011.1758	 338.5280	 0.0000	 1.0000
1950	06	22	1985.2046	 333.8049	 0.0766	 1.0000
1950	06	23	1960.9026	 329.3895	 0.0000	 1.0000
1950	06	24	1939.2749	 325.4755	 0.0785	 1.0000
1950	06	25	1917.4582	 321.5359	 0.0131	 1.0000
1950	06	26	1887.1671	 316.1436	 0.0000	 1.0000
1950	06	27	1848.1247	 309.2929	 0.0000	 1.0000
1950	06	28	1805.9019	 301.9281	 0.0000	 1.0000
1950	06	29	1763.9097	 294.6191	 0.0000	 0.9739
1950	06	30	1722.5833	 287.4387	 0.0000	 0.9229
1950	07	01	1684.6925	 280.8555	 0.0000	 0.9229
1950	07	02	1646.5146	 274.2414	 0.0000	 0.9184
1950	07	03	1607.0260	 267.4263	 0.0000	 0.9184
1950	07	04	1566.3146	 260.4227	 0.0000	 0.9184
1950	07	05	1527.7158	 253.7810	 0.0000	 0.9184
1950	07	06	1488.9881	 247.1306	 0.0000	 0.9184
1950	07	07	1459.0179	 241.9521	 0.0000	 0.9184
1950	07	08	1432.7283	 237.4153	 0.0000	 0.9184
1950	07	09	1407.4925	 233.0485	 0.0007	 0.9184
1950	07	10	1388.2233	 229.6826	 0.0000	 0.8925
1950	07	11	1366.7182	 225.9525	 0.0023	 0.8925
1950	07	12	1340.7547	 221.4921	 0.0000	 0.8419
1950	07	13	1308.0968	 215.9442	 0.0000	 0.8419
1950	07	14	1278.1833	 210.8490	 0.0000	 0.8374
1950	07	15	1252.3951	 206.4448	 0.0000	 0.8374
1950	07	16	1225.9219	 201.9378	 0.0000	 0.8374
1950	07	17	1196.6122	 196.9693	 0.0000	 0.8374
1950	07	18	1167.8402	 192.1066	 0.0000	 0.8374
1950	07	19	1142.4095	 187.7920	 0.0000	 0.8374
1950	07	20	1110.1533	 182.3636	 0.0000	 0.8374
1950	07	21	1078.8903	 177.1007	 0.0000	 0.8374
1950	07	22	1045.5125	 171.4958	 0.0000	 0.8374
1950	07	23	1013.4246	 166.1089	 0.0000	 0.8374
1950	07	24	980.1276	 160.5303	 0.0000	 0.8374
1950	07	25	949.1678	 155.3412	 0.0000	 0.8374
1950	07	26	919.9318	 150.4407	 0.0000	 0.8125
1950	07	27	898.3826	 146.8171	 0.0000	 0.8125
1950	07	28	880.5619	 143.8273	 0.0000	 0.8125
1950	07	29	864.0544	 141.0459	 0.0000	 0.7637
1950	07	30	847.5109	 138.2643	 0.0000	 0.6855
1950	07	31	827.4280	 134.9078	 0.0000	 0.6812
1950	08	01	802.8523	 130.8208	 0.0000	 0.6812
1950	08	02	784.1350	 127.6956	 0.0000	 0.5860
1950	08	03	770.2520	 125.3692	 0.0000	 0.5860
1950	08	04	757.4534	 123.2236	 0.0000	 0.5860
1950	08	05	747.3596	 121.5279	 0.0000	 0.5860
1950	08	06	735.6147	 119.5600	 0.0000	 0.5860
1950	08	07	723.2794	 117.5040	 0.0035	 0.5860
1950	08	08	712.3384	 115.6740	 0.0000	 0.5860
1950	08	09	698.1612	 113.3164	 0.0000	 0.5860
1950	08	10	682.1121	 110.6569	 0.0000	 0.5860
1950	08	11	665.4151	 107.8934	 0.0000	 0.5860
1950	08	12	647.5522	 104.9423	 0.0000	 0.5860
1950	08	13	632.9303	 102.5304	 0.0000	 0.5860
1950	08	14	618.0612	 100.1174	 0.0000	 0.5860
1950	08	15	604.1316	 97.8116	 0.0000	 0.5860
1950	08	16	587.7991	 95.1181	 0.0000	 0.5860
1950	08	17	570.9855	 92.3461	 0.0000	 0.5860
1950	08	18	552.2331	 89.2602	 0.0000	 0.5860
1950	08	19	532.5874	 86.0295	 0.0000	 0.5860
1950	08	20	511.7486	 82.6096	 0.0000	 0.5860
1950	08	21	491.8544	 79.3441	 0.0000	 0.5860
1950	08	22	474.9503	 76.5740	 0.0000	 0.5860
1950	08	23	458.1624	 73.8073	 0.0000	 0.5606
1950	08	24	446.2212	 71.8489	 0.0000	 0.5606
1950	08	25	432.5642	 69.6107	 0.0000	 0.5606
1950	08	26	417.1687	 67.0909	 0.0000	 0.5606
1950	08	27	401.5225	 64.5298	 0.0000	 0.5606
1950	08	28	388.2029	 62.3552	 0.0000	 0.4334
1950	08	29	377.4852	 60.6064	 0.0000	 0.4334
1950	08	30	367.5079	 58.9778	 0.0000	 0.4334
1950	08	31	356.4836	 57.1818	 0.0000	 0.4290
1950	09	01	344.8274	 55.2885	 0.0000	 0.3346
1950	09	02	334.9879	 53.6921	 0.0000	 0.3346
1950	09	03	327.1822	 52.4240	 0.0000	 0.3346
1950	09	04	319.2519	 51.1359	 0.0000	 0.3346
1950	09	05	311.6810	 49.9063	 0.0000	 0.3346
1950	09	06	305.6373	 48.9224	 0.0000	 0.3346
1950	09	07	300.7127	 48.1191	 0.0000	 0.3346
1950	09	08	294.6483	 47.1333	 0.0000	 0.3346
1950	09	09	287.5286	 45.9788	 0.0000	 0.3346
1950	09	10	280.7790	 44.8843	 0.0000	 0.3346
1950	09	11	274.5913	 43.8803	 0.0000	 0.3346
1950	09	12	267.0911	 42.6670	 0.0000	 0.3346
1950	09	13	260.8156	 41.6505	 0.0000	 0.3346
1950	09	14	255.3460	 40.7637	 0.0000	 0.3346
1950	09	15	247.5561	 39.5060	 0.0000	 0.3346
1950	09	16	242.6479	 38.7100	 0.0000	 0.3346
1950	09	17	239.7605	 38.2445	 0.0000	 0.3346
1950	09	18	234.3176	 37.3637	 0.0000	 0.3346
1950	09	19	228.9978	 36.5028	 0.0000	 0.3346
1950	09	20	223.6839	 35.6435	 0.0000	 0.3346
1950	09	21	217.8854	 34.7070	 0.0000	 0.3346
1950	09	22	210.7382	 33.5553	 0.0000	 0.3346
1950	09	23	205.7790	 32.8030	 0.0000	 0.3346
1950	09	24	200.7158	 32.0025	 0.0000	 0.3346
1950	09	25	200.4418	 32.1719	 0.2637	 0.4139
1950	09	26	203.2679	 33.2948	 0.5771	 0.4920
1950	09	27	203.9359	 33.5359	 0.5020	 0.4920
1950	09	28	203.8597	 33.5115	 0.3610	 0.4139
1950	09	29	203.3610	 33.2409	 0.2733	 0.4095
1950	09	30	204.1556	 33.6552	 0.3744	 0.6505
1950	10	01	205.4073	 34.4634	 0.7756	 0.7490
1950	10	02	205.2788	 34.3657	 0.6027	 0.4139
1950	10	03	208.5101	 36.5449	 1.3153	 0.7450
1950	10	04	219.3798	 41.7025	 1.6017	 0.8266
1950	10	05	231.9262	 46.6913	 2.0838	 0.7450
1950	10	06	239.2301	 49.3923	 1.7134	 0.7450
1950	10	07	246.0939	 51.4088	 1.5939	 0.7450
1950	10	08	254.0892	 54.0061	 1.5685	 0.7450
1950	10	09	302.0465	 73.1045	 3.6919	 1.0000
1950	10	10	322.9543	 79.6963	 2.1966	 1.0000
1950	10	11	325.9916	 79.2840	 1.3786	 1.0000
1950	10	12	326.6953	 78.0238	 0.8826	 0.8266
1950	10	13	327.5455	 77.2069	 0.4006	 0.8005
1950	10	14	329.3379	 76.9308	 0.5803	 0.7495
1950	10	15	329.1076	 76.2776	 0.4184	 0.7450
1950	10	16	329.5254	 75.9641	 0.5262	 0.7450
1950	10	17	338.1129	 78.6723	 1.3980	 0.7450
1950	10	18	352.7018	 83.0872	 2.1245	 0.7450
1950	10	19	360.7555	 85.0768	 2.3911	 0.7450
1950	10	20	364.7367	 85.8276	 2.4736	 0.7495
1950	10	21	364.7007	 85.1885	 2.4148	 0.7450
1950	10	22	364.8832	 84.7688	 2.4525	 0.7450
1950	10	23	366.7933	 85.1803	 3.0267	 0.7450
1950	10	24	406.5981	 104.0221	 3.8740	 1.0000
1950	10	25	421.2933	 107.8734	 4.2926	 1.0000
1950	10	26	456.1003	 120.4188	 4.3335	 1.0000
1950	10	27	507.4837	 134.7141	 4.2900	 1.0000
1950	10	28	539.8392	 143.1911	 4.4493	 1.0000
1950	10	29	550.3923	 144.5264	 4.3783	 1.0000
1950	10	30	555.9683	 144.3458	 4.4560	 1.0000
1950	10	31	586.4715	 155.3364	 4.4719	 1.0000
1950	11	01	627.2774	 170.1440	 3.6965	 1.0000
1950	11	02	633.3736	 168.7567	 3.7558	 1.0000
1950	11	03	635.0809	 165.7494	 3.7499	 1.0000
1950	11	04	640.7438	 164.2873	 3.7307	 1.0000
1950	11	05	642.0096	 162.0491	 3.7558	 1.0000
1950	11	06	645.9395	 161.1758	 3.7516	 1.0000
1950	11	07	657.0785	 164.3143	 3.6700	 1.0000
1950	11	08	657.0480	 162.7886	 3.6541	 1.0000
1950	11	09	656.9612	 161.4632	 3.6139	 1.0000
1950	11	10	656.8955	 160.1280	 3.6194	 1.0000
1950	11	11	657.9882	 159.5231	 3.6010	 1.0000
1950	11	12	657.9747	 158.4808	 3.5379	 1.0000
1950	11	13	662.0757	 161.0432	 3.5467	 1.0000
1950	11	14	676.2821	 171.4092	 3.5348	 1.0000
1950	11	15	724.7925	 200.7180	 3.4358	 1.0000
1950	11	16	753.3926	 209.1528	 3.3222	 1.0000
1950	11	17	771.5305	 214.9027	 3.2568	 1.0000
1950	11	18	775.0081	 213.4099	 3.2486	 1.0000
1950	11	19	799.8887	 229.4927	 3.2490	 1.0000
1950	11	20	865.8251	 255.4353	 3.2360	 1.0000
1950	11	21	930.8565	 265.9194	 3.5502	 1.0000
1950	11	22	961.3059	 262.7508	 3.5588	 1.0000
1950	11	23	1002.5354	 267.8096	 3.6596	 1.0000
1950	11	24	1040.9522	 271.9687	 3.6410	 1.0000
1950	11	25	1091.7210	 281.2194	 3.6349	 1.0000
1950	11	26	1133.4286	 286.8695	 3.5468	 1.0000
1950	11	27	1154.2873	 287.4452	 3.5101	 1.0000
1950	11	28	1155.1503	 283.7185	 3.5537	 1.0000
1950	11	29	1167.7731	 287.9245	 3.5636	 1.0000
1950	11	30	1187.7871	 296.8898	 3.5308	 1.0000
1950	12	01	1190.5084	 294.8411	 3.3828	 1.0000
1950	12	02	1193.4270	 293.1700	 3.3652	 1.0000
1950	12	03	1198.4509	 293.1366	 3.3457	 1.0000
1950	12	04	1199.7007	 290.6575	 3.3519	 1.0000
1950	12	05	1225.5516	 304.1249	 3.3124	 1.0000
1950	12	06	1248.2997	 315.8248	 3.2939	 1.0000
1950	12	07	1258.6787	 315.7585	 3.2813	 1.0000
1950	12	08	1266.0366	 313.6437	 3.2665	 1.0000
1950	12	09	1295.7385	 321.1290	 3.2308	 1.0000
1950	12	10	1306.9742	 319.0921	 3.4556	 1.0000
1950	12	11	1310.2670	 314.7349	 3.5144	 1.0000
1950	12	12	1310.4151	 310.7418	 3.5138	 1.0000
1950	12	13	1313.7416	 310.1802	 3.5157	 1.0000
1950	12	14	1328.7689	 317.1313	 3.4934	 1.0000
1950	12	15	1342.2920	 320.4255	 3.4759	 1.0000
1950	12	16	1369.3997	 329.1510	 3.4562	 1.0000
1950	12	17	1378.9388	 328.9108	 3.5098	 1.0000
1950	12	18	1389.6421	 329.1503	 3.5065	 1.0000
1950	12	19	1416.0913	 334.6448	 3.4772	 1.0000
1950	12	20	1429.0333	 333.7389	 3.5262	 1.0000
1950	12	21	1445.3678	 333.8500	 3.4673	 1.0000
1950	12	22	1464.2875	 334.6929	 3.5147	 1.0000
1950	12	23	1477.2210	 334.5124	 3.5524	 1.0000
1950	12	24	1487.4491	 333.9972	 3.5544	 1.0000
1950	12	25	1493.0395	 333.3033	 3.5635	 1.0000
1950	12	26	1497.8640	 332.5984	 3.5647	 1.0000
1950	12	27	1522.1817	 342.3663	 3.5504	 1.0000
1950	12	28	1534.5638	 345.2828	 3.5450	 1.0000
1950	12	29	1537.0485	 343.2582	 3.5600	 1.0000
1950	12	30	1541.6246	 342.3491	 3.5294	 1.0000
1950	12	31	1556.7814	 346.0643	 3.5321	 1.0000
1951	01	01	1588.3225	 355.9401	 3.2353	 1.0000
1951	01	02	1660.7107	 385.1124	 3.2447	 1.0000
1951	01	03	1679.3429	 389.1473	 3.0996	 1.0000
1951	01	04	1683.7063	 386.9467	 3.0785	 1.0000
1951	01	05	1685.4741	 384.7479	 3.0853	 1.0000
1951	01	06	1685.5281	 381.7607	 3.1015	 1.0000
1951	01	07	1687.4999	 380.7756	 3.0742	 1.0000
1951	01	08	1689.6894	 380.1864	 3.0788	 1.0000
1951	01	09	1693.4962	 380.7089	 3.0835	 1.0000
1951	01	10	1701.0918	 382.5114	 3.0712	 1.0000
1951	01	11	1702.7538	 380.3648	 3.0671	 1.0000
1951	01	12	1727.8233	 390.4026	 3.0700	 1.0000
1951	01	13	1784.4418	 415.3414	 2.9977	 1.0000
1951	01	14	1840.5467	 436.2516	 2.9806	 1.0000
1951	01	15	1938.8170	 474.6904	 2.8583	 1.0000
1951	01	16	2019.6663	 506.3807	 2.7599	 1.0000
1951	01	17	2039.4710	 505.9518	 2.6678	 1.0000
1951	01	18	2049.1391	 502.7767	 2.6617	 1.0000
1951	01	19	2079.2589	 513.8275	 2.6549	 1.0000
1951	01	20	2126.7646	 530.4294	 2.6426	 1.0000
1951	01	21	2152.6339	 530.0123	 2.5788	 1.0000
1951	01	22	2175.1447	 528.4315	 2.5676	 1.0000
1951	01	23	2200.2998	 528.8889	 2.5609	 1.0000
1951	01	24	2234.5307	 529.4262	 2.8333	 1.0000
1951	01	25	2265.7482	 529.7292	 2.9773	 1.0000
1951	01	26	2277.3369	 529.8104	 2.8430	 1.0000
1951	01	27	2277.2672	 525.8740	 2.8243	 1.0000
1951	01	28	2276.9517	 523.1920	 2.7643	 1.0000
1951	01	29	2276.9372	 520.9085	 2.7698	 1.0000
1951	01	30	2276.9435	 518.6677	 2.7813	 1.0000
1951	01	31	2283.6697	 524.3213	 2.7761	 1.0000
1951	02	01	2320.9948	 563.8916	 2.7243	 1.0000
1951	02	02	2396.2413	 610.8521	 2.6212	 1.0000
1951	02	03	2424.2429	 609.0105	 2.5682	 1.0000
1951	02	04	2424.2699	 593.4488	 2.5838	 1.0000
1951	02	05	2424.2888	 580.7485	 2.5881	 1.0000
1951	02	06	2448.3951	 584.0943	 2.5848	 1.0000
1951	02	07	2492.6384	 592.3309	 2.5625	 1.0000
1951	02	08	2596.1647	 613.9588	 2.5329	 1.0000
1951	02	09	2742.0095	 632.3262	 2.8348	 1.0000
1951	02	10	2815.5854	 630.7117	 3.1074	 1.0000
1951	02	11	2822.8380	 623.1975	 3.1125	 1.0000
1951	02	12	2825.1245	 617.9571	 3.1286	 1.0000
1951	02	13	2824.9472	 612.5277	 3.1149	 1.0000
1951	02	14	2828.0328	 609.3209	 3.0634	 1.0000
1951	02	15	2831.8408	 606.3021	 3.0591	 1.0000
1951	02	16	2833.7330	 602.8066	 3.1093	 1.0000
1951	02	17	2834.7478	 598.3632	 3.0978	 1.0000
1951	02	18	2844.0189	 597.7558	 3.0916	 1.0000
1951	02	19	2866.9138	 603.9054	 3.0491	 1.0000
1951	02	20	2882.1153	 606.8689	 3.0576	 1.0000
1951	02	21	2886.1041	 604.4936	 3.0667	 1.0000
1951	02	22	2885.6796	 600.1263	 2.9662	 1.0000
1951	02	23	2885.6035	 596.5134	 2.9591	 1.0000
1951	02	24	2890.5900	 596.2041	 2.9908	 1.0000
1951	02	25	2892.4361	 594.4137	 2.9322	 1.0000
1951	02	26	2892.3833	 591.7356	 2.9222	 1.0000
1951	02	27	2892.3405	 589.2848	 2.9077	 1.0000
1951	02	28	2892.3279	 586.9273	 2.9091	 1.0000
1951	03	01	2892.3107	 584.6058	 2.9104	 1.0000
1951	03	02	2892.0763	 582.1567	 2.8700	 1.0000
1951	03	03	2932.0755	 607.5454	 2.8135	 1.0000
1951	03	04	2975.3899	 635.4408	 2.6641	 1.0000
1951	03	05	2989.6491	 642.5720	 2.5170	 1.0000
1951	03	06	2997.8469	 645.7249	 2.4635	 1.0000
1951	03	07	3004.6177	 647.6365	 2.4438	 1.0000
1951	03	08	3028.3184	 661.7303	 2.4114	 1.0000
1951	03	09	3042.4079	 667.5296	 2.3150	 1.0000
1951	03	10	3046.3689	 666.0244	 2.2750	 1.0000
1951	03	11	3061.0911	 673.5861	 2.2588	 1.0000
1951	03	12	3110.0440	 695.9890	 2.2328	 1.0000
1951	03	13	3125.8287	 694.4470	 2.2296	 1.0000
1951	03	14	3157.5028	 691.5811	 2.6445	 1.0000
1951	03	15	3208.2984	 697.6649	 2.8652	 1.0000
1951	03	16	3257.8738	 714.6682	 2.6578	 1.0000
1951	03	17	3258.2917	 706.5085	 2.6430	 1.0000
1951	03	18	3258.3733	 698.6514	 2.5521	 1.0000
1951	03	19	3258.3132	 690.1639	 2.5468	 1.0000
1951	03	20	3261.6961	 682.6148	 2.9614	 1.0000
1951	03	21	3268.5641	 676.2664	 3.0691	 1.0000
1951	03	22	3271.7094	 670.2254	 3.0406	 1.0000
1951	03	23	3271.7043	 664.2601	 2.9849	 1.0000
1951	03	24	3271.6162	 658.5997	 2.9845	 1.0000
1951	03	25	3271.6810	 653.0833	 2.8464	 1.0000
1951	03	26	3271.0500	 648.1283	 2.7053	 1.0000
1951	03	27	3270.5697	 643.8717	 2.6008	 1.0000
1951	03	28	3274.8014	 641.6201	 2.8825	 1.0000
1951	03	29	3280.4083	 640.2398	 2.9709	 1.0000
1951	03	30	3280.4270	 637.3498	 2.8191	 1.0000
1951	03	31	3280.3204	 634.2412	 2.7478	 1.0000
1951	04	01	3280.6382	 630.9973	 2.3294	 1.0000
1951	04	02	3281.2952	 627.8134	 1.5127	 1.0000
1951	04	03	3282.0632	 624.4036	 0.4558	 1.0000
1951	04	04	3282.2492	 620.9620	 0.0000	 1.0000
1951	04	05	3281.7847	 617.6039	 0.0000	 1.0000
1951	04	06	3281.0760	 614.3701	 0.0000	 1.0000
1951	04	07	3279.3333	 611.1946	 0.0000	 1.0000
1951	04	08	3277.5127	 608.1299	 0.0000	 1.0000
1951	04	09	3275.2053	 605.2305	 0.0000	 1.0000
1951	04	10	3271.2178	 602.1564	 0.0000	 1.0000
1951	04	11	3266.7292	 598.9994	 0.0000	 1.0000
1951	04	12	3260.8945	 595.6248	 0.0000	 1.0000
1951	04	13	3250.7727	 591.6226	 0.0000	 1.0000
1951	04	14	3238.2267	 587.3068	 0.0000	 1.0000
1951	04	15	3225.1523	 582.9476	 0.0000	 1.0000
1951	04	16	3209.5886	 578.1812	 0.0000	 1.0000
1951	04	17	3191.4757	 573.0518	 0.0000	 1.0000
1951	04	18	3176.1257	 568.6690	 0.0000	 1.0000
1951	04	19	3168.4971	 566.0356	 0.0000	 1.0000
1951	04	20	3161.5673	 563.5836	 0.0000	 1.0000
1951	04	21	3148.8580	 559.9899	 0.0000	 1.0000
1951	04	22	3132.9394	 555.7523	 0.0000	 1.0000
1951	04	23	3116.9402	 551.5861	 0.0000	 1.0000
1951	04	24	3097.7344	 546.8521	 0.0000	 1.0000
1951	04	25	3073.6389	 541.2296	 0.0000	 1.0000
1951	04	26	3067.4023	 538.8458	 0.0921	 1.0000
1951	04	27	3070.9892	 538.8336	 0.5280	 1.0000
1951	04	28	3079.3554	 540.1303	 1.4912	 1.0000
1951	04	29	3078.3452	 538.9895	 1.0058	 1.0000
1951	04	30	3075.6702	 537.5195	 0.5596	 1.0000
1951	05	01	3071.1600	 535.6710	 0.4560	 1.0000
1951	05	02	3062.8985	 533.1512	 0.0000	 1.0000
1951	05	03	3045.9939	 529.1110	 0.0000	 1.0000
1951	05	04	3035.4669	 526.2348	 0.0621	 1.0000
1951	05	05	3025.3234	 523.4963	 0.0812	 1.0000
1951	05	06	3012.2621	 520.2021	 0.0637	 1.0000
1951	05	07	3000.3919	 517.3419	 0.2553	 1.0000
1951	05	08	2986.8657	 514.0056	 0.1092	 1.0000
1951	05	09	2966.4401	 509.5526	 0.0000	 1.0000
1951	05	10	2949.4931	 505.7741	 0.2585	 1.0000
1951	05	11	2940.1312	 504.3942	 0.6669	 1.0000
1951	05	12	2939.1727	 503.8158	 0.7950	 1.0000
1951	05	13	2921.4495	 499.8624	 0.0000	 1.0000
1951	05	14	2900.6603	 495.4393	 0.0000	 1.0000
1951	05	15	2872.5027	 489.8018	 0.0000	 1.0000
1951	05	16	2849.2501	 485.0278	 0.0000	 1.0000
1951	05	17	2824.6221	 477.4749	 0.0450	 1.0000
1951	05	18	2811.9835	 474.6203	 0.0076	 1.0000
1951	05	19	2793.1220	 470.7550	 0.0000	 1.0000
1951	05	20	2769.1840	 466.0370	 0.0000	 1.0000
1951	05	21	2738.5523	 460.2152	 0.0000	 1.0000
1951	05	22	2706.5717	 454.1698	 0.0000	 1.0000
1951	05	23	2673.2683	 448.0357	 0.2114	 1.0000
1951	05	24	2667.7006	 446.8974	 0.5998	 1.0000
1951	05	25	2662.7174	 445.7107	 0.2989	 1.0000
1951	05	26	2645.6194	 442.3718	 0.0000	 1.0000
1951	05	27	2626.1558	 438.5594	 0.0000	 1.0000
1951	05	28	2614.3517	 436.0745	 0.0000	 1.0000
1951	05	29	2602.8019	 433.6588	 0.0000	 1.0000
1951	05	30	2597.8113	 432.4979	 0.2467	 1.0000
1951	05	31	2588.1266	 430.4481	 0.0919	 1.0000
1951	06	01	2567.5324	 426.5235	 0.0000	 1.0000
1951	06	02	2538.6007	 421.2150	 0.0000	 1.0000
1951	06	03	2515.0902	 416.8274	 0.0233	 1.0000
1951	06	04	2495.9484	 413.2915	 0.1149	 1.0000
1951	06	05	2482.5654	 410.7599	 0.2230	 1.0000
1951	06	06	2470.7865	 408.5984	 0.3600	 1.0000
1951	06	07	2459.6307	 406.3568	 0.1336	 1.0000
1951	06	08	2442.8457	 403.1440	 0.0268	 1.0000
1951	06	09	2411.1098	 397.4724	 0.0000	 1.0000
1951	06	10	2379.8810	 391.8867	 0.0000	 1.0000
1951	06	11	2352.9072	 387.0166	 0.0000	 1.0000
1951	06	12	2323.8000	 381.8092	 0.0000	 1.0000
1951	06	13	2291.8973	 376.1517	 0.0000	 1.0000
1951	06	14	2256.5575	 369.9407	 0.0000	 1.0000
1951	06	15	2217.9889	 363.1995	 0.0000	 1.0000
1951	06	16	2184.1038	 357.2632	 0.0000	 0.9739
1951	06	17	2148.9406	 351.1324	 0.0000	 0.9229
1951	06	18	2119.8056	 346.0280	 0.0000	 0.9229
1951	06	19	2090.9450	 340.9828	 0.0000	 0.9184
1951	06	20	2060.9712	 335.7692	 0.0000	 0.9184
1951	06	21	2026.3061	 329.8070	 0.0000	 0.9184
1951	06	22	1990.5689	 323.6797	 0.0000	 0.9184
1951	06	23	1951.3200	 316.9823	 0.0000	 0.9184
1951	06	24	1927.2602	 312.7905	 0.0000	 0.9184
1951	06	25	1891.9014	 306.7695	 0.0000	 0.9184
1951	06	26	1860.6300	 301.4168	 0.0000	 0.9184
1951	06	27	1828.5868	 295.9483	 0.0000	 0.9184
1951	06	28	1792.7525	 289.8692	 0.0000	 0.9184
1951	06	29	1755.4778	 283.5658	 0.0000	 0.9184
1951	06	30	1714.8977	 276.7418	 0.0000	 0.9184
1951	07	01	1676.8050	 270.3285	 0.0000	 0.9184
1951	07	02	1641.1373	 264.3275	 0.0000	 0.8925
1951	07	03	1604.6867	 258.2126	 0.0000	 0.8925
1951	07	04	1583.0635	 254.5555	 0.0481	 0.8419
1951	07	05	1572.1469	 252.7007	 0.0329	 0.8419
1951	07	06	1557.6131	 250.2529	 0.0346	 0.8419
1951	07	07	1538.6462	 247.0198	 0.0000	 0.8419
1951	07	08	1517.9301	 243.5048	 0.0000	 0.8374
1951	07	09	1495.1550	 239.6596	 0.0000	 0.8374
1951	07	10	1469.9998	 235.4337	 0.0000	 0.8374
1951	07	11	1441.7720	 230.7172	 0.0000	 0.8374
1951	07	12	1409.5811	 225.3627	 0.0000	 0.8374
1951	07	13	1375.6453	 219.7380	 0.0000	 0.8374
1951	07	14	1342.8009	 214.2938	 0.0000	 0.8374
1951	07	15	1312.2202	 209.2229	 0.0000	 0.8374
1951	07	16	1281.3165	 204.1061	 0.0000	 0.8374
1951	07	17	1247.1553	 198.4664	 0.0000	 0.8374
1951	07	18	1213.3504	 192.8878	 0.0000	 0.8125
1951	07	19	1187.5902	 188.6245	 0.0000	 0.8125
1951	07	20	1162.3936	 184.4536	 0.0000	 0.8125
1951	07	21	1136.4580	 180.1802	 0.0000	 0.7637
1951	07	22	1107.4286	 175.4246	 0.0000	 0.7637
1951	07	23	1077.8914	 170.5923	 0.0000	 0.7594
1951	07	24	1052.5565	 166.4540	 0.0000	 0.5860
1951	07	25	1032.0406	 163.1082	 0.0000	 0.5860
1951	07	26	1011.7369	 159.7994	 0.0000	 0.5860
1951	07	27	990.7538	 156.3861	 0.0000	 0.5860
1951	07	28	970.0887	 153.0264	 0.0000	 0.5860
1951	07	29	948.8651	 149.5815	 0.0000	 0.5860
1951	07	30	929.3435	 146.3941	 0.0000	 0.5606
1951	07	31	910.5915	 143.3244	 0.0000	 0.5606
1951	08	01	893.4149	 140.5233	 0.0000	 0.5110
1951	08	02	876.8290	 137.8267	 0.0000	 0.5066
1951	08	03	860.4734	 135.1711	 0.0000	 0.5066
1951	08	04	845.6611	 132.7632	 0.0000	 0.5066
1951	08	05	831.6559	 130.4859	 0.0000	 0.5066
1951	08	06	818.2555	 128.3066	 0.0000	 0.5066
1951	08	07	804.1305	 126.0146	 0.0000	 0.5066
1951	08	08	789.4045	 123.6296	 0.0000	 0.5066
1951	08	09	774.6834	 121.2477	 0.0000	 0.5066
1951	08	10	760.7997	 119.0007	 0.0000	 0.5066
1951	08	11	746.6724	 116.7164	 0.0000	 0.5066
1951	08	12	734.4896	 114.7421	 0.0000	 0.5066
1951	08	13	721.3739	 112.6220	 0.0000	 0.5066
1951	08	14	707.0234	 110.3095	 0.0000	 0.5066
1951	08	15	693.3990	 108.1128	 0.0000	 0.5066
1951	08	16	678.5499	 105.7233	 0.0000	 0.5066
1951	08	17	663.8611	 103.3609	 0.0000	 0.5066
1951	08	18	649.1893	 101.0031	 0.0000	 0.5066
1951	08	19	634.3132	 98.6143	 0.0000	 0.5066
1951	08	20	618.7232	 96.1141	 0.0000	 0.5066
1951	08	21	600.9746	 93.2753	 0.0000	 0.5066
1951	08	22	587.7330	 91.1565	 0.0000	 0.4290
1951	08	23	578.5082	 89.6719	 0.0000	 0.4290
1951	08	24	572.0570	 88.6305	 0.0000	 0.3346
1951	08	25	564.9055	 87.4845	 0.0000	 0.3346
1951	08	26	558.2249	 86.4142	 0.0000	 0.3346
1951	08	27	553.1023	 85.5884	 0.0000	 0.3346
1951	08	28	550.6148	 85.3094	 0.0439	 0.4139
1951	08	29	549.6094	 85.2639	 0.0133	 0.4139
1951	08	30	546.5664	 84.7889	 0.0375	 0.4139
1951	08	31	542.3224	 84.1057	 0.0005	 0.4095
1951	09	01	535.6181	 83.0165	 0.0000	 0.3346
1951	09	02	529.4192	 82.0202	 0.0000	 0.3346
1951	09	03	523.7232	 81.1023	 0.0000	 0.3346
1951	09	04	517.6892	 80.1322	 0.0000	 0.3346
1951	09	05	511.1289	 79.0809	 0.0000	 0.3346
1951	09	06	504.3546	 77.9922	 0.0000	 0.3346
1951	09	07	497.3559	 76.8807	 0.0000	 0.3346
1951	09	08	492.3996	 76.0800	 0.0000	 0.3346
1951	09	09	486.9023	 75.1995	 0.0000	 0.3346
1951	09	10	483.4322	 74.6428	 0.0000	 0.3346
1951	09	11	481.5367	 74.3343	 0.0211	 0.3346
1951	09	12	477.5167	 73.6908	 0.0000	 0.3346
1951	09	13	473.1418	 72.9851	 0.0000	 0.3346
1951	09	14	467.2499	 72.0428	 0.0000	 0.3346
1951	09	15	461.1470	 71.0686	 0.0000	 0.3346
1951	09	16	454.5626	 70.0203	 0.0000	 0.3346
1951	09	17	447.2257	 68.8557	 0.0000	 0.3346
1951	09	18	440.3180	 67.7584	 0.0000	 0.3346
1951	09	19	436.2481	 67.1045	 0.0000	 0.3346
1951	09	20	431.8072	 66.3921	 0.0000	 0.3346
1951	09	21	425.9544	 65.4611	 0.0000	 0.3346
1951	09	22	420.0951	 64.5296	 0.0000	 0.3346
1951	09	23	415.1979	 63.7566	 0.0000	 0.3346
1951	09	24	413.3535	 63.5156	 0.0000	 0.3346
1951	09	25	414.2739	 63.9530	 0.4927	 0.4920
1951	09	26	414.6163	 64.0151	 0.0333	 0.4920
1951	09	27	415.9375	 64.3940	 0.0982	 0.4139
1951	09	28	417.6829	 65.0819	 0.0803	 0.4139
1951	09	29	416.3860	 64.9797	 0.0000	 0.4139
1951	09	30	413.7718	 64.4917	 0.0000	 0.3346
1951	10	01	410.4146	 63.9263	 0.0000	 0.3346
1951	10	02	407.1154	 63.3758	 0.0182	 0.4139
1951	10	03	406.5137	 63.3559	 0.1177	 0.4139
1951	10	04	406.1219	 63.2478	 0.0411	 0.4139
1951	10	05	405.3547	 63.2139	 0.0108	 0.4139
1951	10	06	403.6239	 62.9189	 0.0157	 0.4139
1951	10	07	401.9596	 62.6221	 0.0512	 0.4139
1951	10	08	400.6686	 62.4017	 0.0000	 0.3346
1951	10	09	398.3006	 61.9912	 0.0000	 0.3346
1951	10	10	396.8578	 61.7916	 0.0000	 0.3346
1951	10	11	394.9349	 61.5120	 0.0000	 0.3346
1951	10	12	393.6898	 61.3212	 0.0402	 0.4877
1951	10	13	395.8412	 62.0317	 0.3030	 0.4920
1951	10	14	407.5000	 67.7248	 1.6721	 0.7450
1951	10	15	422.6022	 75.6612	 2.7152	 1.0000
1951	10	16	430.3689	 79.6213	 3.2866	 1.0000
1951	10	17	440.3560	 84.6813	 3.4056	 1.0000
1951	10	18	472.0163	 98.1260	 3.6682	 1.0000
1951	10	19	510.8373	 112.1860	 3.7100	 1.0000
1951	10	20	524.5915	 115.2630	 3.4462	 1.0000
1951	10	21	525.8808	 114.4045	 3.8712	 1.0000
1951	10	22	562.2959	 128.3678	 3.9068	 1.0000
1951	10	23	582.4010	 135.4628	 4.0259	 1.0000
1951	10	24	582.6055	 133.8259	 4.0441	 1.0000
1951	10	25	582.6949	 132.5289	 4.0497	 1.0000
1951	10	26	582.7012	 131.5041	 4.0651	 1.0000
1951	10	27	582.7457	 130.5547	 4.1149	 1.0000
1951	10	28	588.7101	 131.6010	 3.9393	 1.0000
1951	10	29	589.6002	 131.0759	 4.1232	 1.0000
1951	10	30	589.5544	 130.3312	 4.1299	 1.0000
1951	10	31	589.5438	 129.7340	 4.1284	 1.0000
1951	11	01	590.0097	 129.7279	 3.5970	 1.0000
1951	11	02	596.7862	 133.7248	 3.6122	 1.0000
1951	11	03	623.8974	 147.1345	 3.6441	 1.0000
1951	11	04	625.8397	 145.8115	 3.6599	 1.0000
1951	11	05	625.8422	 144.3504	 3.6587	 1.0000
1951	11	06	626.0251	 143.0701	 3.6521	 1.0000
1951	11	07	626.4245	 142.1111	 3.6979	 1.0000
1951	11	08	627.2815	 141.3173	 3.6992	 1.0000
1951	11	09	633.8387	 142.6198	 3.6193	 1.0000
1951	11	10	649.8129	 147.5372	 3.6146	 1.0000
1951	11	11	674.1829	 156.8191	 3.6305	 1.0000
1951	11	12	714.5754	 173.9390	 3.6428	 1.0000
1951	11	13	739.5502	 182.9977	 3.5884	 1.0000
1951	11	14	748.4023	 184.4232	 3.6082	 1.0000
1951	11	15	750.7876	 183.7089	 3.6077	 1.0000
1951	11	16	750.6591	 181.7337	 3.5974	 1.0000
1951	11	17	750.4322	 179.9206	 3.5628	 1.0000
1951	11	18	750.2877	 178.2688	 3.5521	 1.0000
1951	11	19	750.0882	 176.5509	 3.5174	 1.0000
1951	11	20	750.8365	 175.5818	 3.5475	 1.0000
1951	11	21	751.2075	 174.5515	 3.5645	 1.0000
1951	11	22	751.2445	 173.5618	 3.5798	 1.0000
1951	11	23	751.2869	 172.7008	 3.5946	 1.0000
1951	11	24	754.2597	 174.0935	 3.5947	 1.0000
1951	11	25	801.6815	 202.9141	 3.5383	 1.0000
1951	11	26	839.7801	 215.7512	 3.5480	 1.0000
1951	11	27	868.7568	 224.6397	 3.4979	 1.0000
1951	11	28	909.8494	 235.3834	 3.6023	 1.0000
1951	11	29	956.0363	 248.6083	 3.5216	 1.0000
1951	11	30	984.7579	 254.5635	 3.4479	 1.0000
1951	12	01	998.1049	 254.1465	 3.3922	 1.0000
1951	12	02	1013.9912	 256.7547	 3.4325	 1.0000
1951	12	03	1041.8382	 265.2648	 3.3495	 1.0000
1951	12	04	1056.6603	 267.4897	 3.2808	 1.0000
1951	12	05	1061.2251	 264.8051	 3.1286	 1.0000
1951	12	06	1061.1519	 261.1060	 3.0738	 1.0000
1951	12	07	1061.1577	 258.6688	 3.0930	 1.0000
1951	12	08	1061.1842	 256.3407	 3.0990	 1.0000
1951	12	09	1061.5829	 254.5129	 3.1080	 1.0000
1951	12	10	1061.9003	 252.5544	 3.1244	 1.0000
1951	12	11	1062.1051	 250.1799	 3.1348	 1.0000
1951	12	12	1062.1395	 247.6427	 3.1176	 1.0000
1951	12	13	1062.1677	 245.8645	 3.1338	 1.0000
1951	12	14	1063.3220	 245.3997	 3.1333	 1.0000
1951	12	15	1070.4416	 249.7968	 3.1094	 1.0000
1951	12	16	1080.4291	 254.9649	 3.0703	 1.0000
1951	12	17	1104.4568	 268.5224	 3.0427	 1.0000
1951	12	18	1135.3061	 288.3193	 2.8903	 1.0000
1951	12	19	1137.3545	 285.9793	 2.8633	 1.0000
1951	12	20	1146.8061	 293.4755	 2.8481	 1.0000
1951	12	21	1179.3463	 324.5554	 2.8344	 1.0000
1951	12	22	1186.4276	 322.3090	 2.7315	 1.0000
1951	12	23	1186.4049	 316.7173	 2.7489	 1.0000
1951	12	24	1186.4317	 312.6641	 2.7655	 1.0000
1951	12	25	1188.0615	 310.4862	 2.7596	 1.0000
1951	12	26	1205.0226	 325.8353	 2.7355	 1.0000
1951	12	27	1211.8956	 326.5565	 2.7403	 1.0000
1951	12	28	1218.0977	 325.3408	 2.7465	 1.0000
1951	12	29	1238.5526	 333.7369	 2.6204	 1.0000
1951	12	30	1241.3120	 330.8754	 2.6176	 1.0000
1951	12	31	1242.6454	 328.7257	 2.6201	 1.0000
