1949	01	01	6.5610	 6.5515	 0.7817	 1.0000
1949	01	02	7.5014	 7.4134	 0.7660	 1.0000
1949	01	03	7.7832	 7.6225	 0.4510	 1.0000
1949	01	04	12.2111	 12.4272	 0.8051	 1.0000
1949	01	05	27.8932	 24.4507	 0.8319	 1.0000
1949	01	06	47.2346	 32.0823	 0.8427	 1.0000
1949	01	07	51.9724	 32.2351	 0.7772	 1.0000
1949	01	08	51.9333	 30.6668	 0.7549	 1.0000
1949	01	09	52.2255	 30.0946	 0.4502	 1.0000
1949	01	10	52.2092	 29.2711	 0.4546	 1.0000
1949	01	11	52.1833	 28.4193	 0.4639	 1.0000
1949	01	12	52.1357	 27.5074	 0.4758	 1.0000
1949	01	13	52.5523	 27.1095	 0.6508	 1.0000
1949	01	14	54.4564	 27.9231	 0.8082	 1.0000
1949	01	15	55.1666	 27.4393	 0.8109	 1.0000
1949	01	16	56.2554	 27.7296	 0.8349	 1.0000
1949	01	17	57.3330	 27.9028	 0.8292	 1.0000
1949	01	18	58.2157	 28.2088	 0.8351	 1.0000
1949	01	19	58.4870	 27.9762	 0.8429	 1.0000
1949	01	20	59.3216	 28.5343	 0.8510	 1.0000
1949	01	21	59.5487	 28.3456	 0.8362	 1.0000
1949	01	22	59.6826	 28.0567	 0.6064	 1.0000
1949	01	23	59.4914	 27.4865	 0.6034	 1.0000
1949	01	24	59.5167	 27.1441	 0.6200	 1.0000
1949	01	25	60.4602	 28.1214	 0.8163	 1.0000
1949	01	26	61.8091	 29.3410	 0.8914	 1.0000
1949	01	27	62.1858	 29.0891	 0.9061	 1.0000
1949	01	28	62.4145	 28.6609	 0.6800	 1.0000
1949	01	29	62.2809	 27.8689	 0.6887	 1.0000
1949	01	30	62.1922	 27.2218	 0.6982	 1.0000
1949	01	31	62.1190	 26.7204	 0.7053	 1.0000
1949	02	01	61.9923	 26.2088	 0.7163	 1.0000
1949	02	02	62.5642	 26.5442	 0.8554	 1.0000
1949	02	03	64.3019	 28.0914	 0.9441	 1.0000
1949	02	04	64.6527	 28.0480	 0.9101	 1.0000
1949	02	05	79.2319	 42.5341	 0.9882	 1.0000
1949	02	06	97.7013	 55.8115	 0.9984	 1.0000
1949	02	07	114.1576	 61.0441	 1.0128	 1.0000
1949	02	08	125.6309	 61.8243	 1.0308	 1.0000
1949	02	09	169.9375	 79.0327	 1.0528	 1.0000
1949	02	10	206.9549	 93.8458	 1.0571	 1.0000
1949	02	11	215.1417	 94.6048	 1.0625	 1.0000
1949	02	12	215.2827	 90.1269	 0.8334	 1.0000
1949	02	13	234.5406	 105.5811	 1.0745	 1.0000
1949	02	14	258.6303	 116.2389	 1.0894	 1.0000
1949	02	15	366.0446	 148.6290	 1.1200	 1.0000
1949	02	16	492.0702	 174.0397	 1.1471	 1.0000
1949	02	17	531.4477	 177.2042	 1.1552	 1.0000
1949	02	18	539.8412	 174.3858	 1.1569	 1.0000
1949	02	19	552.0321	 178.8084	 1.1723	 1.0000
1949	02	20	573.0866	 189.1050	 1.1766	 1.0000
1949	02	21	621.0115	 211.5410	 1.1987	 1.0000
1949	02	22	652.8301	 209.8375	 1.2086	 1.0000
1949	02	23	659.4986	 200.8155	 1.3079	 1.0000
1949	02	24	659.5632	 192.5278	 1.0748	 1.0000
1949	02	25	659.4247	 186.5590	 1.0725	 1.0000
1949	02	26	659.0525	 181.7916	 1.0374	 1.0000
1949	02	27	658.7012	 177.9490	 1.0171	 1.0000
1949	02	28	658.3419	 174.7089	 0.9898	 1.0000
1949	03	01	658.0890	 171.8872	 0.9775	 1.0000
1949	03	02	657.7142	 169.2111	 0.9750	 1.0000
1949	03	03	657.4231	 166.6970	 0.9717	 1.0000
1949	03	04	657.3334	 164.4494	 0.9748	 1.0000
1949	03	05	657.1591	 162.2728	 0.9779	 1.0000
1949	03	06	657.5024	 160.8353	 1.0925	 1.0000
1949	03	07	663.2203	 161.7105	 1.5160	 1.0000
1949	03	08	669.2509	 163.5743	 1.7173	 1.0000
1949	03	09	669.1189	 162.3507	 1.4611	 1.0000
1949	03	10	668.5007	 161.0396	 1.3999	 1.0000
1949	03	11	672.9959	 162.3961	 1.9197	 1.0000
1949	03	12	692.1918	 169.7754	 2.2586	 1.0000
1949	03	13	699.1447	 172.0405	 2.4153	 1.0000
1949	03	14	705.6162	 174.0808	 2.4126	 1.0000
1949	03	15	713.5864	 176.7693	 2.5439	 1.0000
1949	03	16	719.9481	 177.3999	 2.5534	 1.0000
1949	03	17	725.2532	 177.5903	 2.6009	 1.0000
1949	03	18	741.4104	 182.1763	 2.5439	 1.0000
1949	03	19	756.0713	 185.5348	 2.7106	 1.0000
1949	03	20	772.6341	 190.4489	 2.6969	 1.0000
1949	03	21	778.1885	 190.8489	 2.7777	 1.0000
1949	03	22	778.0329	 188.7228	 2.6323	 1.0000
1949	03	23	777.8673	 186.8530	 2.5412	 1.0000
1949	03	24	781.0673	 186.6682	 2.7920	 1.0000
1949	03	25	785.2932	 186.6780	 2.8257	 1.0000
1949	03	26	799.1932	 192.4873	 2.7587	 1.0000
1949	03	27	805.2772	 194.9870	 2.7280	 1.0000
1949	03	28	805.6288	 193.4980	 2.6943	 1.0000
1949	03	29	806.8416	 192.2393	 2.7179	 1.0000
1949	03	30	807.0664	 190.5945	 2.6555	 1.0000
1949	03	31	806.9899	 188.9686	 2.5871	 1.0000
1949	04	01	807.4441	 187.6857	 2.6014	 1.0000
1949	04	02	807.1983	 186.1841	 2.4685	 1.0000
1949	04	03	807.4724	 184.8870	 2.1220	 1.0000
1949	04	04	810.4452	 184.3181	 0.8604	 1.0000
1949	04	05	810.3020	 182.8233	 0.2980	 1.0000
1949	04	06	809.0406	 181.2630	 0.1213	 1.0000
1949	04	07	806.6189	 179.4444	 0.0000	 1.0000
1949	04	08	803.6612	 177.6061	 0.0000	 1.0000
1949	04	09	799.3439	 175.5718	 0.0000	 1.0000
1949	04	10	799.4078	 174.9120	 0.2798	 1.0000
1949	04	11	797.6310	 173.6128	 0.2030	 1.0000
1949	04	12	795.1308	 172.1431	 0.0076	 1.0000
1949	04	13	792.5037	 170.6998	 0.0030	 1.0000
1949	04	14	788.8063	 169.1197	 0.0000	 1.0000
1949	04	15	781.5431	 166.7840	 0.0000	 1.0000
1949	04	16	769.5138	 163.4557	 0.0000	 1.0000
1949	04	17	761.3358	 161.0172	 0.0237	 1.0000
1949	04	18	751.9105	 158.3436	 0.0020	 1.0000
1949	04	19	752.3517	 158.4132	 0.6959	 1.0000
1949	04	20	760.8769	 161.6921	 1.0458	 1.0000
1949	04	21	763.9736	 162.5745	 1.2830	 1.0000
1949	04	22	770.1004	 164.7269	 1.2786	 1.0000
1949	04	23	781.1979	 169.0258	 1.1162	 1.0000
1949	04	24	784.1752	 169.5456	 0.7991	 1.0000
1949	04	25	780.4449	 167.8705	 0.2657	 1.0000
1949	04	26	771.9550	 165.2016	 0.0000	 1.0000
1949	04	27	761.0050	 162.1184	 0.0327	 1.0000
1949	04	28	752.7950	 159.7348	 0.3498	 1.0000
1949	04	29	750.9166	 158.9366	 0.4731	 1.0000
1949	04	30	754.9718	 160.0338	 0.9399	 1.0000
1949	05	01	764.9835	 163.3773	 1.9698	 1.0000
1949	05	02	773.3855	 166.0887	 2.3501	 1.0000
1949	05	03	775.6578	 166.5025	 2.3300	 1.0000
1949	05	04	775.0898	 165.7845	 1.6691	 1.0000
1949	05	05	767.1712	 163.3375	 0.2450	 1.0000
1949	05	06	748.6477	 158.5988	 0.0000	 1.0000
1949	05	07	722.3582	 152.3076	 0.0000	 1.0000
1949	05	08	691.3806	 145.1263	 0.0000	 1.0000
1949	05	09	658.1063	 137.5703	 0.0000	 1.0000
1949	05	10	623.8353	 129.9017	 0.0000	 1.0000
1949	05	11	587.8309	 121.9632	 0.0000	 1.0000
1949	05	12	548.7543	 113.4656	 0.0000	 1.0000
1949	05	13	511.0830	 105.3333	 0.0000	 0.9568
1949	05	14	474.6711	 97.5339	 0.0000	 0.9204
1949	05	15	437.9166	 89.7112	 0.0000	 0.9158
1949	05	16	412.5000	 84.2675	 0.0551	 0.9158
1949	05	17	400.3361	 81.5843	 0.0751	 0.9092
1949	05	18	382.6964	 77.8087	 0.0000	 0.8739
1949	05	19	367.9291	 74.6409	 0.0363	 0.7727
1949	05	20	360.8554	 73.0537	 0.0180	 0.7374
1949	05	21	347.4602	 70.1714	 0.0000	 0.6668
1949	05	22	334.0281	 67.2901	 0.0000	 0.6624
1949	05	23	320.0054	 64.3118	 0.0000	 0.6624
1949	05	24	305.9949	 61.3510	 0.0000	 0.6558
1949	05	25	287.4208	 57.4932	 0.0000	 0.6558
1949	05	26	277.0003	 55.3021	 0.0000	 0.6206
1949	05	27	262.8950	 52.3889	 0.0032	 0.6206
1949	05	28	256.0432	 50.9624	 0.0767	 0.6624
1949	05	29	252.6918	 50.2237	 0.0023	 0.5853
1949	05	30	242.2441	 48.0582	 0.0000	 0.5809
1949	05	31	235.7677	 46.7022	 0.0247	 0.5809
1949	06	01	229.9655	 45.4832	 0.0157	 0.5809
1949	06	02	224.8271	 44.3939	 0.0017	 0.5809
1949	06	03	217.6238	 42.9000	 0.0000	 0.5809
1949	06	04	203.3855	 40.0105	 0.0000	 0.5809
1949	06	05	187.0927	 36.7200	 0.0000	 0.5809
1949	06	06	166.6171	 32.6177	 0.0000	 0.4828
1949	06	07	154.1770	 30.1043	 0.0000	 0.4078
1949	06	08	148.1140	 28.9546	 0.0000	 0.4078
1949	06	09	138.3193	 26.9663	 0.0000	 0.3726
1949	06	10	131.3276	 25.5503	 0.0030	 0.3373
1949	06	11	126.3715	 24.5495	 0.0000	 0.3373
1949	06	12	121.8017	 23.6295	 0.0000	 0.3329
1949	06	13	116.5108	 22.5705	 0.0000	 0.3329
1949	06	14	110.5785	 21.3896	 0.0000	 0.3329
1949	06	15	105.8858	 20.4948	 0.0254	 0.4144
1949	06	16	105.1807	 20.4148	 0.1133	 0.4960
1949	06	17	103.8147	 20.1797	 0.1160	 0.4144
1949	06	18	100.0828	 19.4476	 0.0000	 0.3329
1949	06	19	94.4532	 18.3087	 0.0000	 0.3329
1949	06	20	86.8875	 16.7900	 0.0000	 0.3329
1949	06	21	81.3408	 15.6785	 0.0000	 0.3329
1949	06	22	77.2039	 14.8507	 0.0000	 0.2645
1949	06	23	75.0041	 14.4197	 0.0000	 0.1664
1949	06	24	73.3919	 14.0965	 0.0247	 0.2414
1949	06	25	72.9994	 14.0296	 0.0762	 0.2480
1949	06	26	72.5723	 13.9461	 0.0291	 0.1664
1949	06	27	71.9690	 13.8906	 0.0790	 0.2480
1949	06	28	71.2946	 13.7930	 0.0602	 0.3009
1949	06	29	70.8786	 13.6734	 0.0170	 0.1664
1949	06	30	69.9730	 13.4873	 0.0006	 0.1664
1949	07	01	68.0096	 13.0978	 0.0000	 0.1664
1949	07	02	65.9847	 12.6969	 0.0000	 0.1664
1949	07	03	63.2470	 12.1601	 0.0000	 0.1664
1949	07	04	60.4058	 11.6046	 0.0000	 0.1664
1949	07	05	57.5983	 11.0569	 0.0000	 0.1664
1949	07	06	54.7724	 10.5069	 0.0000	 0.1664
1949	07	07	51.8233	 9.9345	 0.0000	 0.1664
1949	07	08	47.8374	 9.1646	 0.0000	 0.1664
1949	07	09	42.9533	 8.2241	 0.0000	 0.1664
1949	07	10	38.3374	 7.3364	 0.0000	 0.1664
1949	07	11	33.8913	 6.4825	 0.0000	 0.1664
1949	07	12	29.5500	 5.6497	 0.0000	 0.1664
1949	07	13	24.6500	 4.7110	 0.0000	 0.1664
1949	07	14	19.5204	 3.7293	 0.0000	 0.1664
1949	07	15	14.4327	 2.7662	 0.0000	 0.1664
1949	07	16	12.3152	 2.3951	 0.0201	 0.2480
1949	07	17	10.0904	 1.9805	 0.0000	 0.1664
1949	07	18	6.9889	 1.4149	 0.0000	 0.1664
1949	07	19	4.8001	 0.9738	 0.0000	 0.1664
1949	07	20	3.2816	 0.6625	 0.0010	 0.0981
1949	07	21	1.0301	 0.2080	 0.0000	 0.0981
1949	07	22	0.0000	 0.0000	 0.0000	 0.0000
1949	07	23	0.0000	 0.0000	 0.0000	 0.0000
1949	07	24	0.0000	 0.0000	 0.0000	 0.0000
1949	07	25	0.0000	 0.0000	 0.0000	 0.0000
1949	07	26	0.0000	 0.0000	 0.0000	 0.0000
1949	07	27	0.0000	 0.0000	 0.0026	 0.0000
1949	07	28	0.0000	 0.0000	 0.0000	 0.0000
1949	07	29	0.0000	 0.0000	 0.0000	 0.0000
1949	07	30	0.0000	 0.0000	 0.0000	 0.0000
1949	07	31	0.0000	 0.0000	 0.0000	 0.0000
1949	08	01	0.0000	 0.0000	 0.0000	 0.0000
1949	08	02	0.0000	 0.0000	 0.0000	 0.0000
1949	08	03	0.0000	 0.0000	 0.0000	 0.0000
1949	08	04	0.0000	 0.0000	 0.0000	 0.0000
1949	08	05	0.0000	 0.0000	 0.0000	 0.0000
1949	08	06	0.0000	 0.0000	 0.0000	 0.0000
1949	08	07	0.0000	 0.0000	 0.0000	 0.0000
1949	08	08	0.0283	 0.0181	 0.0031	 0.0772
1949	08	09	0.0000	 0.0000	 0.0000	 0.0000
1949	08	10	0.0000	 0.0000	 0.0000	 0.0000
1949	08	11	0.0000	 0.0000	 0.0000	 0.0000
1949	08	12	0.0542	 0.0352	 0.0123	 0.0816
1949	08	13	0.0017	 0.0013	 0.0508	 0.0816
1949	08	14	0.0000	 0.0000	 0.0016	 0.0000
1949	08	15	0.0000	 0.0000	 0.0000	 0.0000
1949	08	16	0.0000	 0.0000	 0.0000	 0.0000
1949	08	17	0.0000	 0.0000	 0.0000	 0.0000
1949	08	18	0.0000	 0.0000	 0.0000	 0.0000
1949	08	19	0.0000	 0.0000	 0.0000	 0.0000
1949	08	20	0.0000	 0.0000	 0.0000	 0.0000
1949	08	21	0.0000	 0.0000	 0.0000	 0.0000
1949	08	22	0.0000	 0.0000	 0.0000	 0.0000
1949	08	23	0.0000	 0.0000	 0.0004	 0.0000
1949	08	24	0.0000	 0.0000	 0.0000	 0.0000
1949	08	25	0.0600	 0.0387	 0.0108	 0.0816
1949	08	26	0.0000	 0.0000	 0.0003	 0.0000
1949	08	27	0.0000	 0.0000	 0.0000	 0.0000
1949	08	28	0.0000	 0.0000	 0.0000	 0.0000
1949	08	29	0.0000	 0.0000	 0.0000	 0.0000
1949	08	30	0.0000	 0.0000	 0.0000	 0.0000
1949	08	31	0.0000	 0.0000	 0.0000	 0.0000
1949	09	01	0.0000	 0.0000	 0.0000	 0.0000
1949	09	02	0.0000	 0.0000	 0.0000	 0.0000
1949	09	03	0.0000	 0.0000	 0.0000	 0.0000
1949	09	04	0.0000	 0.0000	 0.0000	 0.0000
1949	09	05	0.0000	 0.0000	 0.0000	 0.0000
1949	09	06	0.0000	 0.0000	 0.0000	 0.0000
1949	09	07	0.0000	 0.0000	 0.0000	 0.0000
1949	09	08	0.0000	 0.0000	 0.0000	 0.0000
1949	09	09	0.0000	 0.0000	 0.0000	 0.0000
1949	09	10	0.0048	 0.0036	 0.1040	 0.0816
1949	09	11	0.0001	 0.0001	 0.0373	 0.0397
1949	09	12	0.0000	 0.0000	 0.0000	 0.0000
1949	09	13	0.0021	 0.0014	 0.0095	 0.0816
1949	09	14	0.0000	 0.0000	 0.0000	 0.0000
1949	09	15	3.2809	 1.7550	 1.1881	 0.5776
1949	09	16	6.3614	 3.2876	 0.5555	 0.4144
1949	09	17	6.6240	 3.1760	 0.3972	 0.4960
1949	09	18	8.0867	 3.6187	 0.2845	 0.2480
1949	09	19	8.7298	 3.8086	 0.2949	 0.5313
1949	09	20	8.1668	 3.4045	 0.0075	 0.2480
1949	09	21	6.0526	 2.4757	 0.0000	 0.2480
1949	09	22	2.5975	 1.0451	 0.0000	 0.2061
1949	09	23	0.1312	 0.0524	 0.0000	 0.0683
1949	09	24	0.0000	 0.0000	 0.0000	 0.0000
1949	09	25	0.0000	 0.0000	 0.0000	 0.0000
1949	09	26	0.0000	 0.0000	 0.0000	 0.0000
1949	09	27	0.0000	 0.0000	 0.0000	 0.0000
1949	09	28	0.0000	 0.0000	 0.0000	 0.0000
1949	09	29	0.0000	 0.0000	 0.0000	 0.0000
1949	09	30	0.0021	 0.0014	 0.0186	 0.0816
1949	10	01	0.0001	 0.0001	 0.0068	 0.0816
1949	10	02	0.0000	 0.0000	 0.0000	 0.0000
1949	10	03	0.1011	 0.0653	 0.1297	 0.2480
1949	10	04	1.7961	 1.0342	 0.3991	 0.4960
1949	10	05	5.4218	 3.0814	 1.2662	 0.7440
1949	10	06	7.0373	 3.9185	 1.4407	 0.7440
1949	10	07	7.2355	 3.9500	 1.5060	 0.6624
1949	10	08	13.6575	 7.7994	 1.6668	 0.8282
1949	10	09	21.9198	 10.9131	 2.0074	 0.7486
1949	10	10	29.8483	 13.4832	 1.6131	 0.7440
1949	10	11	34.2066	 14.6129	 1.6663	 0.7440
1949	10	12	35.6377	 14.7187	 1.8566	 0.7440
1949	10	13	35.1975	 14.1815	 1.6742	 0.7440
1949	10	14	39.6159	 16.3378	 1.7897	 0.7440
1949	10	15	41.9926	 16.9302	 1.9872	 0.7440
1949	10	16	42.0297	 16.5144	 1.9306	 0.7440
1949	10	17	41.5574	 15.9834	 1.9088	 0.7440
1949	10	18	41.1441	 15.5237	 1.8825	 0.7440
1949	10	19	40.7913	 15.1471	 1.8620	 0.7440
1949	10	20	40.0301	 14.5968	 1.8637	 0.6459
1949	10	21	39.5356	 14.1573	 1.8477	 0.6040
1949	10	22	39.2847	 13.8446	 1.8428	 0.5643
1949	10	23	39.1710	 13.6020	 1.8473	 0.5643
1949	10	24	38.6674	 13.2045	 1.6752	 0.5643
1949	10	25	38.4429	 12.9567	 1.6880	 0.5643
1949	10	26	40.5194	 13.6484	 1.3664	 0.5643
1949	10	27	57.0175	 19.7336	 2.4021	 0.7440
1949	10	28	73.6576	 25.6984	 2.6359	 0.7440
1949	10	29	74.2887	 25.4745	 2.8363	 0.7440
1949	10	30	74.2685	 24.9967	 2.8527	 0.7440
1949	10	31	73.9195	 24.4097	 2.7907	 0.7440
1949	11	01	73.7441	 23.9569	 2.4754	 0.7440
1949	11	02	72.9271	 23.1913	 2.3831	 0.7021
1949	11	03	72.3882	 22.5947	 2.2888	 0.6624
1949	11	04	72.3021	 22.2401	 2.1430	 0.5643
1949	11	05	72.1815	 21.9166	 1.8434	 0.5643
1949	11	06	72.0753	 21.6352	 1.8047	 0.5643
1949	11	07	72.3680	 21.5544	 1.8697	 0.5643
1949	11	08	77.6307	 23.7648	 2.1500	 0.7440
1949	11	09	80.5680	 25.0382	 2.3509	 0.7440
1949	11	10	99.9690	 34.2375	 3.0490	 1.0000
1949	11	11	161.2918	 58.7257	 3.5177	 1.0000
1949	11	12	197.9530	 70.9067	 3.5051	 1.0000
1949	11	13	220.8859	 75.9528	 3.4210	 1.0000
1949	11	14	234.9264	 77.3860	 3.4582	 1.0000
1949	11	15	235.8463	 75.1004	 3.5702	 1.0000
1949	11	16	236.2558	 73.1249	 3.5843	 1.0000
1949	11	17	237.6143	 71.8839	 3.6378	 1.0000
1949	11	18	240.3115	 71.3888	 3.6280	 1.0000
1949	11	19	241.2015	 70.3805	 3.6273	 1.0000
1949	11	20	241.2468	 69.4254	 3.6097	 1.0000
1949	11	21	244.1533	 70.0830	 3.6290	 1.0000
1949	11	22	271.3618	 81.5893	 3.5082	 1.0000
1949	11	23	308.5315	 93.2328	 3.4115	 1.0000
1949	11	24	338.9245	 100.3276	 3.3529	 1.0000
1949	11	25	383.9794	 112.9603	 3.4155	 1.0000
1949	11	26	443.5618	 128.9738	 3.1247	 1.0000
1949	11	27	477.8509	 135.6982	 3.4330	 1.0000
1949	11	28	497.7173	 139.0519	 3.5783	 1.0000
1949	11	29	514.9639	 142.4087	 3.4796	 1.0000
1949	11	30	542.4037	 149.7139	 3.5357	 1.0000
1949	12	01	581.7536	 162.7069	 3.3323	 1.0000
1949	12	02	598.9413	 167.4582	 3.2890	 1.0000
1949	12	03	608.0540	 169.8049	 3.3007	 1.0000
1949	12	04	611.4340	 168.1381	 3.2621	 1.0000
1949	12	05	615.8757	 167.7995	 3.1936	 1.0000
1949	12	06	617.1516	 166.1710	 3.1957	 1.0000
1949	12	07	618.7226	 165.0755	 3.1845	 1.0000
1949	12	08	621.2139	 165.1683	 3.1868	 1.0000
1949	12	09	622.2711	 164.1462	 3.1246	 1.0000
1949	12	10	623.4500	 163.7166	 3.1221	 1.0000
1949	12	11	624.3301	 163.3321	 3.1301	 1.0000
1949	12	12	624.5080	 162.0632	 3.1240	 1.0000
1949	12	13	628.5381	 163.7228	 3.1210	 1.0000
1949	12	14	639.1062	 169.0108	 3.0940	 1.0000
1949	12	15	645.4649	 170.9789	 3.0572	 1.0000
1949	12	16	650.2039	 172.0485	 3.0443	 1.0000
1949	12	17	657.3989	 175.3531	 2.9259	 1.0000
1949	12	18	659.3788	 175.5607	 2.8751	 1.0000
1949	12	19	659.6799	 174.6878	 2.8764	 1.0000
1949	12	20	664.3295	 179.1157	 2.8686	 1.0000
1949	12	21	674.9542	 186.6686	 2.8839	 1.0000
1949	12	22	693.3032	 193.1415	 3.0412	 1.0000
1949	12	23	714.7006	 200.7142	 2.9494	 1.0000
1949	12	24	731.0770	 209.3740	 2.8567	 1.0000
1949	12	25	757.4414	 223.8658	 2.8327	 1.0000
1949	12	26	812.3453	 242.1687	 2.7509	 1.0000
1949	12	27	874.5011	 257.3233	 2.6404	 1.0000
1949	12	28	900.8038	 256.1361	 2.7096	 1.0000
1949	12	29	913.7411	 253.8194	 2.8271	 1.0000
1949	12	30	925.8431	 256.3422	 2.7803	 1.0000
1949	12	31	931.6974	 256.9805	 2.6934	 1.0000
1950	01	01	933.6121	 255.4776	 2.5415	 1.0000
1950	01	02	933.5998	 253.0903	 2.5458	 1.0000
1950	01	03	935.1870	 253.6204	 2.5427	 1.0000
1950	01	04	938.4051	 256.2844	 2.5492	 1.0000
1950	01	05	959.1546	 279.0836	 2.5447	 1.0000
1950	01	06	977.0368	 291.3314	 2.5165	 1.0000
1950	01	07	980.6857	 285.3359	 2.4642	 1.0000
1950	01	08	985.0821	 281.5412	 2.4596	 1.0000
1950	01	09	1001.1303	 289.3060	 2.4291	 1.0000
1950	01	10	1011.8922	 289.7121	 2.3022	 1.0000
1950	01	11	1014.8705	 285.2501	 2.2612	 1.0000
1950	01	12	1017.6641	 284.0889	 2.1844	 1.0000
1950	01	13	1021.5098	 286.4182	 2.1741	 1.0000
1950	01	14	1023.5623	 286.9973	 2.1754	 1.0000
1950	01	15	1024.7133	 286.2352	 2.1770	 1.0000
1950	01	16	1025.4198	 284.4047	 2.1790	 1.0000
1950	01	17	1025.5147	 281.7977	 2.1721	 1.0000
1950	01	18	1045.1772	 304.7830	 2.1690	 1.0000
1950	01	19	1100.3387	 361.2325	 2.1745	 1.0000
1950	01	20	1154.1533	 376.5394	 2.1630	 1.0000
1950	01	21	1198.2309	 365.8210	 2.1441	 1.0000
1950	01	22	1218.9788	 350.9226	 2.1907	 1.0000
1950	01	23	1228.7740	 345.9422	 2.0583	 1.0000
1950	01	24	1231.2205	 343.3937	 1.9527	 1.0000
1950	01	25	1236.4312	 346.8952	 1.9635	 1.0000
1950	01	26	1242.0137	 349.8436	 1.9395	 1.0000
1950	01	27	1243.1864	 347.0825	 1.9430	 1.0000
1950	01	28	1243.3418	 343.4238	 1.7809	 1.0000
1950	01	29	1243.3259	 340.2352	 1.7838	 1.0000
1950	01	30	1243.2608	 337.2476	 1.7834	 1.0000
1950	01	31	1243.2469	 334.4652	 1.7863	 1.0000
1950	02	01	1243.2578	 331.7781	 1.7629	 1.0000
1950	02	02	1243.5734	 329.1577	 1.8068	 1.0000
1950	02	03	1251.1833	 335.3343	 1.8970	 1.0000
1950	02	04	1260.8983	 340.5245	 1.8732	 1.0000
1950	02	05	1278.6335	 349.5368	 1.8875	 1.0000
1950	02	06	1289.8530	 346.3332	 1.8820	 1.0000
1950	02	07	1309.6724	 344.8183	 1.8644	 1.0000
1950	02	08	1325.2453	 344.1102	 1.8506	 1.0000
1950	02	09	1334.9158	 342.5800	 1.8511	 1.0000
1950	02	10	1339.8438	 339.8094	 1.8564	 1.0000
1950	02	11	1344.3603	 335.9734	 1.8458	 1.0000
1950	02	12	1368.6233	 342.2770	 1.8644	 1.0000
1950	02	13	1378.5166	 340.2200	 1.8703	 1.0000
1950	02	14	1387.3041	 337.8751	 2.0292	 1.0000
1950	02	15	1402.1171	 338.5229	 2.1765	 1.0000
1950	02	16	1409.1474	 336.5528	 2.3154	 1.0000
1950	02	17	1409.9786	 332.5732	 2.3312	 1.0000
1950	02	18	1412.9199	 329.7265	 2.3372	 1.0000
1950	02	19	1415.0581	 327.2340	 2.3833	 1.0000
1950	02	20	1417.3363	 325.4979	 2.4174	 1.0000
1950	02	21	1428.8988	 328.2754	 2.4562	 1.0000
1950	02	22	1443.3438	 331.9104	 2.4447	 1.0000
1950	02	23	1494.1905	 349.7321	 2.4476	 1.0000
1950	02	24	1533.0962	 364.1134	 2.3686	 1.0000
1950	02	25	1573.3497	 376.7706	 2.3278	 1.0000
1950	02	26	1592.9239	 378.4090	 2.4111	 1.0000
1950	02	27	1595.0786	 374.2377	 2.3923	 1.0000
1950	02	28	1595.1067	 370.1126	 2.3280	 1.0000
1950	03	01	1596.5932	 367.0945	 2.4253	 1.0000
1950	03	02	1607.3660	 367.2387	 2.7031	 1.0000
1950	03	03	1663.3777	 381.9214	 3.0035	 1.0000
1950	03	04	1706.1328	 389.8410	 3.1059	 1.0000
1950	03	05	1719.4813	 389.0084	 3.1838	 1.0000
1950	03	06	1722.0640	 385.1513	 3.1159	 1.0000
1950	03	07	1724.3193	 382.4467	 3.1548	 1.0000
1950	03	08	1730.6446	 382.1392	 3.1303	 1.0000
1950	03	09	1737.8025	 382.8500	 3.1296	 1.0000
1950	03	10	1739.5707	 380.7854	 3.1371	 1.0000
1950	03	11	1739.5323	 378.2978	 3.0749	 1.0000
1950	03	12	1740.4242	 376.9372	 3.0651	 1.0000
1950	03	13	1740.8878	 375.0823	 3.0914	 1.0000
1950	03	14	1745.2364	 374.4416	 3.1572	 1.0000
1950	03	15	1757.4801	 376.3651	 3.1331	 1.0000
1950	03	16	1791.9859	 386.3372	 3.1222	 1.0000
1950	03	17	1812.0071	 391.1778	 3.0201	 1.0000
1950	03	18	1852.4184	 405.9171	 2.9562	 1.0000
1950	03	19	1878.1293	 416.2275	 2.9321	 1.0000
1950	03	20	1892.2191	 420.3601	 2.9418	 1.0000
1950	03	21	1899.3931	 418.6450	 3.0704	 1.0000
1950	03	22	1909.0042	 418.0433	 3.0266	 1.0000
1950	03	23	1915.9819	 417.7297	 3.0041	 1.0000
1950	03	24	1916.7210	 414.3891	 2.9920	 1.0000
1950	03	25	1916.9029	 411.0563	 2.9851	 1.0000
1950	03	26	1928.4931	 412.4209	 3.0078	 1.0000
1950	03	27	1940.3401	 414.5324	 2.9365	 1.0000
1950	03	28	1944.0492	 413.7924	 2.8591	 1.0000
1950	03	29	1953.9626	 416.4857	 2.8597	 1.0000
1950	03	30	1958.1610	 415.1714	 3.0673	 1.0000
1950	03	31	1978.8296	 420.4672	 2.9656	 1.0000
1950	04	01	1998.9882	 424.6633	 3.3586	 1.0000
1950	04	02	2007.8527	 424.8782	 3.4692	 1.0000
1950	04	03	2009.2329	 422.5214	 3.4412	 1.0000
1950	04	04	2008.9719	 419.6241	 3.3552	 1.0000
1950	04	05	2009.2831	 416.6222	 2.8601	 1.0000
1950	04	06	2009.5936	 413.8820	 2.6353	 1.0000
1950	04	07	2010.8912	 412.2778	 2.7471	 1.0000
1950	04	08	2013.6106	 410.8514	 2.8297	 1.0000
1950	04	09	2013.5892	 408.3460	 2.3636	 1.0000
1950	04	10	2013.5943	 406.0516	 2.2925	 1.0000
1950	04	11	2027.1364	 407.6667	 2.1290	 1.0000
1950	04	12	2035.8690	 407.7276	 2.0542	 1.0000
1950	04	13	2037.3810	 406.2977	 2.1683	 1.0000
1950	04	14	2053.1535	 409.0123	 2.2005	 1.0000
1950	04	15	2078.1883	 414.9274	 3.1617	 1.0000
1950	04	16	2098.5793	 420.6706	 3.5080	 1.0000
1950	04	17	2102.7915	 420.3652	 3.7144	 1.0000
1950	04	18	2103.3612	 418.3991	 2.9329	 1.0000
1950	04	19	2105.2177	 416.2882	 0.4546	 1.0000
1950	04	20	2107.0505	 414.5092	 0.1464	 1.0000
1950	04	21	2111.5305	 414.0688	 0.9619	 1.0000
1950	04	22	2120.8168	 416.0507	 1.6857	 1.0000
1950	04	23	2125.0319	 416.6860	 1.9625	 1.0000
1950	04	24	2126.6670	 415.7742	 1.9671	 1.0000
1950	04	25	2127.1107	 414.1957	 1.7052	 1.0000
1950	04	26	2130.6061	 414.1586	 1.8931	 1.0000
1950	04	27	2131.5073	 412.8339	 1.6464	 1.0000
1950	04	28	2130.3550	 410.8646	 0.6434	 1.0000
1950	04	29	2127.5508	 408.5539	 0.0000	 1.0000
1950	04	30	2128.2147	 407.2996	 0.3856	 1.0000
1950	05	01	2128.0937	 405.6529	 0.2339	 1.0000
1950	05	02	2126.4753	 403.8249	 0.2351	 1.0000
1950	05	03	2128.8645	 403.1869	 0.6988	 1.0000
1950	05	04	2131.1637	 402.5889	 0.6974	 1.0000
1950	05	05	2131.8813	 401.7379	 0.9310	 1.0000
1950	05	06	2131.0304	 400.3685	 0.4356	 1.0000
1950	05	07	2128.6444	 398.7107	 0.0000	 1.0000
1950	05	08	2123.5303	 396.4499	 0.0000	 1.0000
1950	05	09	2116.8058	 393.9049	 0.0000	 1.0000
1950	05	10	2108.0592	 391.0170	 0.0000	 1.0000
1950	05	11	2097.1817	 387.8104	 0.0000	 1.0000
1950	05	12	2079.5881	 383.4184	 0.0000	 1.0000
1950	05	13	2062.5718	 379.2076	 0.0000	 1.0000
1950	05	14	2043.0795	 374.6059	 0.0000	 1.0000
1950	05	15	2022.2899	 369.8280	 0.0000	 1.0000
1950	05	16	2017.6109	 368.2540	 0.1910	 1.0000
1950	05	17	2012.1320	 366.5274	 0.3152	 1.0000
1950	05	18	2013.3234	 366.3222	 0.7427	 1.0000
1950	05	19	2010.8860	 365.1693	 0.0967	 1.0000
1950	05	20	2002.7995	 362.8871	 0.0946	 1.0000
1950	05	21	1991.9753	 360.0905	 0.0913	 1.0000
1950	05	22	1982.4649	 357.5920	 0.0299	 1.0000
1950	05	23	1975.8962	 355.7427	 0.0000	 1.0000
1950	05	24	1961.6015	 352.4757	 0.0000	 1.0000
1950	05	25	1941.3873	 348.1403	 0.0000	 1.0000
1950	05	26	1923.5455	 344.2514	 0.0030	 1.0000
1950	05	27	1903.1282	 339.9142	 0.1115	 1.0000
1950	05	28	1898.4146	 338.6177	 0.1993	 1.0000
1950	05	29	1891.6658	 336.8968	 0.3492	 1.0000
1950	05	30	1886.2626	 335.3885	 0.0233	 1.0000
1950	05	31	1870.9154	 332.0956	 0.0000	 1.0000
1950	06	01	1848.3372	 327.4972	 0.0000	 1.0000
1950	06	02	1824.8440	 322.7727	 0.0000	 1.0000
1950	06	03	1797.2950	 317.3545	 0.0000	 1.0000
1950	06	04	1775.3017	 312.9486	 0.0227	 1.0000
1950	06	05	1758.3810	 309.4719	 0.1255	 1.0000
1950	06	06	1751.5503	 307.9009	 0.1792	 1.0000
1950	06	07	1740.0164	 305.4723	 0.2159	 1.0000
1950	06	08	1729.0000	 303.1141	 0.0912	 1.0000
1950	06	09	1713.9202	 300.0215	 0.0050	 1.0000
1950	06	10	1688.7667	 295.1687	 0.0000	 1.0000
1950	06	11	1658.4578	 289.4303	 0.0000	 1.0000
1950	06	12	1620.6999	 282.4006	 0.0000	 1.0000
1950	06	13	1589.3146	 276.5107	 0.0000	 1.0000
1950	06	14	1564.0182	 271.7179	 0.0000	 0.9932
1950	06	15	1537.1515	 266.6795	 0.0000	 0.9932
1950	06	16	1503.1031	 260.4021	 0.0000	 0.9568
1950	06	17	1470.4480	 254.4010	 0.0000	 0.9568
1950	06	18	1442.2787	 249.2030	 0.0000	 0.9204
1950	06	19	1414.7811	 244.1505	 0.0000	 0.9204
1950	06	20	1379.3629	 237.7420	 0.0000	 0.9158
1950	06	21	1347.4335	 231.9453	 0.0000	 0.9158
1950	06	22	1328.1126	 228.4146	 0.2465	 0.9158
1950	06	23	1317.7180	 226.5153	 0.0879	 0.9158
1950	06	24	1301.9408	 223.5575	 0.0131	 0.9158
1950	06	25	1287.4618	 220.8417	 0.0289	 0.9158
1950	06	26	1266.0942	 222.7467	 0.0000	 0.9158
1950	06	27	1236.4946	 216.4635	 0.0000	 0.9158
1950	06	28	1202.6873	 209.7902	 0.0000	 0.9158
1950	06	29	1167.7388	 203.0850	 0.0000	 0.9158
1950	06	30	1132.4683	 196.4339	 0.0000	 0.9158
1950	07	01	1096.9146	 189.8069	 0.0000	 0.9092
1950	07	02	1061.8745	 183.3404	 0.0000	 0.9092
1950	07	03	1026.2144	 176.8276	 0.0000	 0.8739
1950	07	04	990.2910	 170.3134	 0.0000	 0.8739
1950	07	05	957.5279	 164.3691	 0.0000	 0.7681
1950	07	06	927.4397	 158.9201	 0.0000	 0.7637
1950	07	07	904.5872	 154.7735	 0.0000	 0.7637
1950	07	08	886.1500	 151.4456	 0.0000	 0.6624
1950	07	09	868.8668	 148.3076	 0.0000	 0.6624
1950	07	10	853.7584	 145.5550	 0.0000	 0.6624
1950	07	11	838.4336	 142.7774	 0.0000	 0.6624
1950	07	12	818.1922	 139.1672	 0.0000	 0.6624
1950	07	13	790.6055	 134.3260	 0.0000	 0.6558
1950	07	14	764.1527	 129.6414	 0.0000	 0.6558
1950	07	15	743.7442	 126.0083	 0.0000	 0.6206
1950	07	16	724.8143	 122.6575	 0.0000	 0.5853
1950	07	17	708.7790	 119.8318	 0.0000	 0.5853
1950	07	18	689.6163	 116.4921	 0.0000	 0.5809
1950	07	19	672.6755	 113.5015	 0.0000	 0.5809
1950	07	20	657.1058	 110.7869	 0.0000	 0.5809
1950	07	21	638.5272	 107.5494	 0.0000	 0.5809
1950	07	22	617.6627	 103.9288	 0.0000	 0.5809
1950	07	23	597.6208	 100.4480	 0.0000	 0.5809
1950	07	24	576.2036	 96.7428	 0.0000	 0.5809
1950	07	25	555.8967	 93.2257	 0.0000	 0.5809
1950	07	26	537.2198	 89.9843	 0.0000	 0.5809
1950	07	27	520.8349	 87.1455	 0.0000	 0.5809
1950	07	28	509.1066	 85.1177	 0.0000	 0.5809
1950	07	29	498.2491	 83.2166	 0.0000	 0.5809
1950	07	30	486.5291	 81.1822	 0.0000	 0.5809
1950	07	31	470.0037	 78.3410	 0.0000	 0.5809
1950	08	01	449.1516	 74.7723	 0.0000	 0.5809
1950	08	02	430.8536	 71.6274	 0.0000	 0.5809
1950	08	03	414.4393	 68.7955	 0.0000	 0.5809
1950	08	04	405.8062	 67.3611	 0.0016	 0.5125
1950	08	05	397.2465	 65.9168	 0.0000	 0.5125
1950	08	06	387.2326	 64.1882	 0.0000	 0.5125
1950	08	07	379.6412	 62.9740	 0.0012	 0.4144
1950	08	08	372.8804	 61.7344	 0.0000	 0.4144
1950	08	09	363.8036	 60.1457	 0.0000	 0.4078
1950	08	10	353.3884	 58.3563	 0.0000	 0.4078
1950	08	11	342.4966	 56.4813	 0.0000	 0.4078
1950	08	12	330.9356	 54.4921	 0.0000	 0.4078
1950	08	13	322.7330	 53.1023	 0.0000	 0.3726
1950	08	14	313.1434	 51.4976	 0.0000	 0.3726
1950	08	15	304.5249	 50.0433	 0.0000	 0.3726
1950	08	16	297.4698	 48.8664	 0.0000	 0.3726
1950	08	17	288.7632	 47.3979	 0.0000	 0.3726
1950	08	18	278.5505	 45.6816	 0.0000	 0.3373
1950	08	19	269.3039	 44.1381	 0.0000	 0.3373
1950	08	20	258.8327	 42.3943	 0.0000	 0.3373
1950	08	21	248.8054	 40.7251	 0.0000	 0.3329
1950	08	22	239.3455	 39.1537	 0.0000	 0.3329
1950	08	23	231.5722	 37.8586	 0.0000	 0.3329
1950	08	24	225.2042	 36.7967	 0.0000	 0.3329
1950	08	25	219.0059	 35.7630	 0.0000	 0.3329
1950	08	26	211.0158	 34.4346	 0.0000	 0.3329
1950	08	27	202.7120	 33.0553	 0.0000	 0.3329
1950	08	28	193.9738	 31.6054	 0.0000	 0.3329
1950	08	29	187.6058	 30.5493	 0.0000	 0.2645
1950	08	30	182.4438	 29.6921	 0.0000	 0.2645
1950	08	31	176.7029	 28.7410	 0.0000	 0.2645
1950	09	01	169.4237	 27.5389	 0.0000	 0.1664
1950	09	02	165.0364	 26.8180	 0.0000	 0.1664
1950	09	03	160.7735	 26.1180	 0.0000	 0.1664
1950	09	04	156.9977	 25.4976	 0.0000	 0.1664
1950	09	05	153.7394	 24.9618	 0.0000	 0.1664
1950	09	06	150.9879	 24.5087	 0.0000	 0.1664
1950	09	07	148.8511	 24.1558	 0.0000	 0.1664
1950	09	08	146.1275	 23.7079	 0.0000	 0.1664
1950	09	09	143.2119	 23.2292	 0.0000	 0.1664
1950	09	10	140.4408	 22.7743	 0.0000	 0.1664
1950	09	11	137.9752	 22.3692	 0.0000	 0.1664
1950	09	12	134.5489	 21.8088	 0.0000	 0.1664
1950	09	13	131.7538	 21.3510	 0.0000	 0.1664
1950	09	14	129.6943	 21.0127	 0.0000	 0.1664
1950	09	15	126.4289	 20.4793	 0.0000	 0.1664
1950	09	16	124.5935	 20.1778	 0.0000	 0.1664
1950	09	17	122.4823	 19.8319	 0.0000	 0.1664
1950	09	18	119.6362	 19.3672	 0.0000	 0.1664
1950	09	19	117.2780	 18.9818	 0.0000	 0.1664
1950	09	20	114.9459	 18.6008	 0.0000	 0.1664
1950	09	21	112.2650	 18.1636	 0.0000	 0.1664
1950	09	22	108.5087	 17.5527	 0.0000	 0.1664
1950	09	23	106.6054	 17.2664	 0.0000	 0.1664
1950	09	24	104.6950	 16.9972	 0.0000	 0.1664
1950	09	25	105.0654	 17.2627	 0.3285	 0.2480
1950	09	26	106.9359	 18.0627	 0.4902	 0.3296
1950	09	27	109.1688	 19.1437	 0.6453	 0.5776
1950	09	28	110.1897	 19.7201	 0.6675	 0.6459
1950	09	29	109.7941	 19.4271	 0.5070	 0.2480
1950	09	30	109.9287	 19.4821	 0.4920	 0.2480
1950	10	01	110.2211	 19.7030	 0.5958	 0.5004
1950	10	02	110.4100	 19.8352	 0.5964	 0.2877
1950	10	03	113.0088	 21.5956	 1.1848	 0.5687
1950	10	04	119.2077	 24.4727	 1.0629	 0.7440
1950	10	05	126.8096	 27.5626	 1.3460	 0.7440
1950	10	06	133.0771	 30.0055	 1.1690	 0.7440
1950	10	07	136.7617	 30.9750	 1.1576	 0.5004
1950	10	08	139.7729	 31.7659	 0.8616	 0.4960
1950	10	09	165.7963	 42.3892	 2.6172	 0.7440
1950	10	10	178.6038	 46.7447	 2.3315	 0.7440
1950	10	11	183.0951	 47.6324	 1.8377	 0.7440
1950	10	12	183.6504	 46.8337	 0.7916	 0.7440
1950	10	13	183.7573	 46.0279	 0.3376	 0.7440
1950	10	14	182.5368	 44.9053	 0.1969	 0.7440
1950	10	15	181.4787	 44.1145	 0.0855	 0.7440
1950	10	16	181.1101	 43.6596	 0.1396	 0.5776
1950	10	17	186.3791	 45.6095	 1.0292	 0.7440
1950	10	18	195.2166	 48.4747	 1.3971	 0.7440
1950	10	19	203.3361	 51.1860	 2.0973	 0.7440
1950	10	20	207.0749	 52.3469	 2.3123	 0.7440
1950	10	21	207.1160	 51.8935	 2.2550	 0.7440
1950	10	22	207.7448	 51.8351	 2.4055	 0.7440
1950	10	23	208.5933	 51.8613	 2.6161	 0.7440
1950	10	24	228.1278	 61.7542	 3.3226	 1.0000
1950	10	25	243.2464	 67.5284	 4.2075	 1.0000
1950	10	26	261.3357	 74.3568	 4.0963	 1.0000
1950	10	27	289.2254	 83.3280	 4.2220	 1.0000
1950	10	28	305.2157	 87.2893	 4.3612	 1.0000
1950	10	29	309.3987	 87.1341	 4.3851	 1.0000
1950	10	30	313.5821	 87.3318	 4.3882	 1.0000
1950	10	31	329.2272	 92.8858	 4.3241	 1.0000
1950	11	01	342.1639	 96.7980	 3.5639	 1.0000
1950	11	02	348.8646	 97.6282	 3.5534	 1.0000
1950	11	03	354.4121	 97.7078	 3.5751	 1.0000
1950	11	04	366.9812	 100.1567	 3.3117	 1.0000
1950	11	05	372.6589	 100.4499	 3.3676	 1.0000
1950	11	06	375.1622	 99.9425	 3.5382	 1.0000
1950	11	07	376.3093	 99.1873	 3.5737	 1.0000
1950	11	08	376.3005	 98.2192	 3.5565	 1.0000
1950	11	09	376.1978	 97.3773	 3.5262	 1.0000
1950	11	10	376.1295	 96.5696	 3.5262	 1.0000
1950	11	11	377.2687	 96.4841	 3.5464	 1.0000
1950	11	12	377.6642	 96.1800	 3.4849	 1.0000
1950	11	13	380.8796	 98.1602	 3.5577	 1.0000
1950	11	14	388.4913	 103.6919	 3.5383	 1.0000
1950	11	15	413.5506	 120.6152	 3.4377	 1.0000
1950	11	16	428.2153	 125.4850	 3.4258	 1.0000
1950	11	17	439.4574	 129.1709	 3.3830	 1.0000
1950	11	18	442.9566	 129.2644	 3.3689	 1.0000
1950	11	19	466.5420	 145.1432	 3.3607	 1.0000
1950	11	20	510.3157	 164.3861	 3.3423	 1.0000
1950	11	21	543.7463	 168.5763	 3.4600	 1.0000
1950	11	22	557.5367	 165.0352	 3.5725	 1.0000
1950	11	23	607.1127	 177.0363	 3.5760	 1.0000
1950	11	24	648.3340	 185.4263	 3.5571	 1.0000
1950	11	25	691.5611	 193.5075	 3.5441	 1.0000
1950	11	26	719.9273	 196.3993	 3.4669	 1.0000
1950	11	27	726.9567	 193.5387	 3.6243	 1.0000
1950	11	28	730.8192	 191.9981	 3.6311	 1.0000
1950	11	29	737.4013	 193.2466	 3.6330	 1.0000
1950	11	30	745.0619	 195.3580	 3.5925	 1.0000
1950	12	01	746.4721	 193.8682	 3.3598	 1.0000
1950	12	02	748.6167	 193.1575	 3.3406	 1.0000
1950	12	03	749.9807	 191.7960	 3.3222	 1.0000
1950	12	04	750.3164	 189.8725	 3.3267	 1.0000
1950	12	05	775.0012	 205.8259	 3.2772	 1.0000
1950	12	06	795.1698	 216.7515	 3.2538	 1.0000
1950	12	07	802.2679	 216.0463	 3.2346	 1.0000
1950	12	08	807.0712	 214.0096	 3.2156	 1.0000
1950	12	09	837.1256	 223.1478	 3.3942	 1.0000
1950	12	10	851.8593	 223.4259	 3.3889	 1.0000
1950	12	11	853.9329	 219.3080	 3.4073	 1.0000
1950	12	12	856.0187	 216.4505	 3.4407	 1.0000
1950	12	13	857.7490	 214.9041	 3.4450	 1.0000
1950	12	14	869.0868	 219.9364	 3.4215	 1.0000
1950	12	15	880.1057	 222.5958	 3.4335	 1.0000
1950	12	16	898.5377	 228.0856	 3.4372	 1.0000
1950	12	17	906.7768	 228.0539	 3.4307	 1.0000
1950	12	18	914.2412	 227.7004	 3.4325	 1.0000
1950	12	19	931.8913	 231.2742	 3.4355	 1.0000
1950	12	20	953.3223	 234.7658	 3.4434	 1.0000
1950	12	21	968.2151	 236.1261	 3.3560	 1.0000
1950	12	22	986.4849	 238.2655	 3.3555	 1.0000
1950	12	23	1009.5327	 241.9395	 3.3311	 1.0000
1950	12	24	1038.8343	 247.8964	 3.3766	 1.0000
1950	12	25	1052.3120	 249.8395	 3.3969	 1.0000
1950	12	26	1060.0680	 250.1362	 3.4382	 1.0000
1950	12	27	1072.4968	 253.6616	 3.4279	 1.0000
1950	12	28	1077.1175	 253.4139	 3.4357	 1.0000
1950	12	29	1083.9878	 254.1768	 3.4360	 1.0000
1950	12	30	1087.1640	 253.0310	 3.3992	 1.0000
1950	12	31	1098.0486	 255.5884	 3.3778	 1.0000
1951	01	01	1119.5424	 262.9369	 3.1268	 1.0000
1951	01	02	1165.0070	 283.0281	 3.1247	 1.0000
1951	01	03	1184.3111	 289.0937	 2.9725	 1.0000
1951	01	04	1188.5530	 287.4754	 2.9561	 1.0000
1951	01	05	1189.8745	 285.2458	 2.9583	 1.0000
1951	01	06	1189.9273	 282.6484	 2.9745	 1.0000
1951	01	07	1192.4737	 282.4191	 2.9437	 1.0000
1951	01	08	1193.8523	 281.3482	 2.9480	 1.0000
1951	01	09	1196.1350	 280.8855	 2.9498	 1.0000
1951	01	10	1198.5259	 280.0121	 2.9327	 1.0000
1951	01	11	1198.7308	 277.7106	 2.9240	 1.0000
1951	01	12	1225.2076	 290.3332	 2.9260	 1.0000
1951	01	13	1266.5405	 309.3811	 2.8536	 1.0000
1951	01	14	1312.3348	 327.2552	 2.9132	 1.0000
1951	01	15	1352.3828	 341.0845	 2.7934	 1.0000
1951	01	16	1398.7953	 358.2835	 2.7756	 1.0000
1951	01	17	1417.9236	 362.4126	 2.6826	 1.0000
1951	01	18	1422.6234	 359.0301	 2.6733	 1.0000
1951	01	19	1437.4207	 363.5677	 2.6562	 1.0000
1951	01	20	1470.4276	 377.6245	 2.6322	 1.0000
1951	01	21	1493.0774	 380.9275	 2.5344	 1.0000
1951	01	22	1500.3681	 375.9863	 2.5125	 1.0000
1951	01	23	1517.0751	 376.9302	 2.5008	 1.0000
1951	01	24	1551.5519	 384.7270	 2.6231	 1.0000
1951	01	25	1588.5006	 391.9042	 2.8469	 1.0000
1951	01	26	1598.8712	 391.6767	 2.7073	 1.0000
1951	01	27	1598.8056	 388.1749	 2.6769	 1.0000
1951	01	28	1598.5044	 385.8288	 2.6367	 1.0000
1951	01	29	1598.5066	 383.8360	 2.6423	 1.0000
1951	01	30	1598.5237	 381.8703	 2.6516	 1.0000
1951	01	31	1601.3609	 383.0544	 2.6378	 1.0000
1951	02	01	1638.2765	 423.1031	 2.5751	 1.0000
1951	02	02	1685.8679	 454.4418	 2.5092	 1.0000
1951	02	03	1707.3143	 451.5157	 2.4547	 1.0000
1951	02	04	1711.3954	 440.0933	 2.5109	 1.0000
1951	02	05	1713.1287	 430.2988	 2.4973	 1.0000
1951	02	06	1729.2077	 430.8335	 2.6443	 1.0000
1951	02	07	1771.1489	 441.3200	 2.6202	 1.0000
1951	02	08	1862.1409	 462.6174	 2.6643	 1.0000
1951	02	09	2004.9703	 493.6740	 2.5647	 1.0000
1951	02	10	2101.4636	 500.3516	 2.9271	 1.0000
1951	02	11	2120.4346	 496.8097	 2.7922	 1.0000
1951	02	12	2121.4213	 490.6404	 2.7964	 1.0000
1951	02	13	2121.2835	 485.1572	 2.7909	 1.0000
1951	02	14	2126.5054	 483.0699	 2.7599	 1.0000
1951	02	15	2129.4740	 479.3607	 2.7826	 1.0000
1951	02	16	2129.5164	 474.7134	 2.7897	 1.0000
1951	02	17	2131.5822	 470.9793	 2.8356	 1.0000
1951	02	18	2134.7484	 467.8708	 2.8315	 1.0000
1951	02	19	2155.9701	 473.2974	 2.8517	 1.0000
1951	02	20	2169.6104	 476.6019	 2.8247	 1.0000
1951	02	21	2169.6065	 472.3362	 2.8174	 1.0000
1951	02	22	2169.1506	 468.2137	 2.7068	 1.0000
1951	02	23	2169.0370	 464.8019	 2.6983	 1.0000
1951	02	24	2172.0180	 463.6061	 2.7495	 1.0000
1951	02	25	2173.4087	 461.8389	 2.6965	 1.0000
1951	02	26	2173.4375	 459.5605	 2.6730	 1.0000
1951	02	27	2173.4111	 457.4423	 2.6614	 1.0000
1951	02	28	2173.4043	 455.4505	 2.6640	 1.0000
1951	03	01	2173.3959	 453.4986	 2.6685	 1.0000
1951	03	02	2175.4825	 453.2032	 2.6534	 1.0000
1951	03	03	2203.8853	 471.2952	 2.5960	 1.0000
1951	03	04	2221.4665	 482.1326	 2.4346	 1.0000
1951	03	05	2227.1596	 484.7365	 2.2647	 1.0000
1951	03	06	2230.2779	 485.5565	 2.2160	 1.0000
1951	03	07	2235.1748	 488.3648	 2.2003	 1.0000
1951	03	08	2242.8380	 492.6280	 2.1712	 1.0000
1951	03	09	2251.6699	 497.9227	 2.0935	 1.0000
1951	03	10	2255.9009	 499.2343	 2.0603	 1.0000
1951	03	11	2270.4953	 509.4318	 2.0436	 1.0000
1951	03	12	2294.1155	 520.5903	 2.0245	 1.0000
1951	03	13	2304.1219	 519.9135	 2.0196	 1.0000
1951	03	14	2324.2332	 519.0021	 2.2978	 1.0000
1951	03	15	2351.7566	 521.8044	 2.5503	 1.0000
1951	03	16	2375.3410	 528.7557	 2.4209	 1.0000
1951	03	17	2375.4854	 523.5587	 2.4066	 1.0000
1951	03	18	2375.5278	 518.5304	 2.3307	 1.0000
1951	03	19	2375.4651	 512.9091	 2.3260	 1.0000
1951	03	20	2375.7483	 507.3244	 2.3766	 1.0000
1951	03	21	2380.6446	 503.3373	 2.5838	 1.0000
1951	03	22	2382.6641	 499.6005	 2.5700	 1.0000
1951	03	23	2382.7302	 495.6294	 2.5154	 1.0000
1951	03	24	2382.6822	 491.8324	 2.5186	 1.0000
1951	03	25	2383.2181	 488.3657	 2.4880	 1.0000
1951	03	26	2385.0910	 485.5391	 2.6799	 1.0000
1951	03	27	2386.2556	 483.0452	 2.6729	 1.0000
1951	03	28	2390.0244	 481.8248	 2.8309	 1.0000
1951	03	29	2392.4409	 480.2139	 2.8339	 1.0000
1951	03	30	2392.4322	 478.0443	 2.7016	 1.0000
1951	03	31	2392.2784	 475.6260	 2.5983	 1.0000
1951	04	01	2392.6835	 473.1769	 2.0415	 1.0000
1951	04	02	2393.4875	 470.6328	 0.9041	 1.0000
1951	04	03	2392.2250	 467.6832	 0.1991	 1.0000
1951	04	04	2390.5801	 464.8099	 0.0000	 1.0000
1951	04	05	2388.6900	 462.0293	 0.0000	 1.0000
1951	04	06	2385.6155	 459.1801	 0.0000	 1.0000
1951	04	07	2380.4476	 456.0789	 0.0000	 1.0000
1951	04	08	2375.5805	 453.1384	 0.0000	 1.0000
1951	04	09	2369.6975	 450.1842	 0.0000	 1.0000
1951	04	10	2362.4210	 447.0734	 0.0000	 1.0000
1951	04	11	2353.4853	 443.6500	 0.0000	 1.0000
1951	04	12	2340.5626	 439.4709	 0.0000	 1.0000
1951	04	13	2325.9374	 435.1047	 0.0000	 1.0000
1951	04	14	2308.9753	 430.4198	 0.0000	 1.0000
1951	04	15	2290.4639	 425.5124	 0.0000	 1.0000
1951	04	16	2269.5905	 420.2049	 0.0000	 1.0000
1951	04	17	2246.6942	 414.6095	 0.0000	 1.0000
1951	04	18	2226.0267	 409.5674	 0.0000	 1.0000
1951	04	19	2218.8876	 407.3263	 0.0000	 1.0000
1951	04	20	2210.3617	 404.8740	 0.0000	 1.0000
1951	04	21	2195.3065	 401.1649	 0.0000	 1.0000
1951	04	22	2176.0490	 396.6374	 0.0000	 1.0000
1951	04	23	2157.8581	 392.3746	 0.0000	 1.0000
1951	04	24	2134.9854	 387.2636	 0.0000	 1.0000
1951	04	25	2106.6949	 381.1574	 0.0000	 1.0000
1951	04	26	2098.8221	 378.8511	 0.0055	 1.0000
1951	04	27	2099.3685	 378.7525	 0.5339	 1.0000
1951	04	28	2101.8975	 378.9598	 0.8361	 1.0000
1951	04	29	2098.7561	 377.7226	 0.5174	 1.0000
1951	04	30	2096.6816	 376.6680	 0.3791	 1.0000
1951	05	01	2093.8275	 375.4513	 0.3436	 1.0000
1951	05	02	2089.2004	 373.9008	 0.0000	 1.0000
1951	05	03	2073.6870	 370.3655	 0.0000	 1.0000
1951	05	04	2058.0375	 366.7957	 0.0280	 1.0000
1951	05	05	2044.2241	 363.6011	 0.0379	 1.0000
1951	05	06	2027.3866	 359.8807	 0.0451	 1.0000
1951	05	07	2010.6724	 356.2316	 0.1421	 1.0000
1951	05	08	1998.1077	 353.3204	 0.1349	 1.0000
1951	05	09	1983.3119	 350.0342	 0.0014	 1.0000
1951	05	10	1962.0927	 345.8336	 0.1292	 1.0000
1951	05	11	1942.1089	 342.0139	 0.3871	 1.0000
1951	05	12	1940.6043	 341.6747	 0.6614	 1.0000
1951	05	13	1922.0288	 337.7363	 0.0000	 1.0000
1951	05	14	1903.7372	 333.9004	 0.0101	 1.0000
1951	05	15	1885.3725	 330.1075	 0.0025	 1.0000
1951	05	16	1862.2885	 325.4929	 0.0000	 1.0000
1951	05	17	1836.9728	 320.4905	 0.0364	 1.0000
1951	05	18	1823.0430	 317.5370	 0.0032	 1.0000
1951	05	19	1805.0095	 313.9046	 0.0000	 0.9932
1951	05	20	1782.2193	 309.4340	 0.0000	 0.9932
1951	05	21	1753.8240	 304.0083	 0.0000	 0.9568
1951	05	22	1724.4202	 298.4263	 0.0000	 0.9568
1951	05	23	1694.5711	 292.7946	 0.0950	 0.9204
1951	05	24	1690.8801	 292.0792	 0.4452	 0.9204
1951	05	25	1687.6591	 291.3914	 0.3414	 0.9158
1951	05	26	1673.1554	 288.5515	 0.0000	 0.9158
1951	05	27	1661.3025	 286.1872	 0.1057	 0.9158
1951	05	28	1659.0927	 285.6462	 0.4231	 0.9158
1951	05	29	1657.7820	 285.2370	 0.2202	 0.9158
1951	05	30	1653.8226	 284.2717	 0.0646	 0.9158
1951	05	31	1642.1639	 281.9401	 0.0000	 0.9158
1951	06	01	1623.4433	 278.3557	 0.0000	 0.9158
1951	06	02	1595.8476	 273.2529	 0.0000	 0.9158
1951	06	03	1575.7093	 269.4617	 0.0146	 0.9158
1951	06	04	1556.4223	 265.8474	 0.0495	 0.9158
1951	06	05	1544.4829	 263.5311	 0.0673	 0.9158
1951	06	06	1531.1257	 261.0189	 0.1178	 0.9158
1951	06	07	1519.6821	 258.7717	 0.0702	 0.9158
1951	06	08	1507.1561	 256.3426	 0.0233	 0.9158
1951	06	09	1480.8692	 251.5686	 0.0000	 0.9158
1951	06	10	1454.8679	 246.8325	 0.0000	 0.9158
1951	06	11	1428.2947	 242.0009	 0.0000	 0.9158
1951	06	12	1403.1779	 237.4283	 0.0000	 0.9158
1951	06	13	1377.8533	 232.8308	 0.0000	 0.9158
1951	06	14	1348.6648	 227.5834	 0.0000	 0.9158
1951	06	15	1315.1875	 221.5976	 0.0000	 0.9158
1951	06	16	1286.3357	 216.4225	 0.0000	 0.9158
1951	06	17	1256.4521	 211.0796	 0.0000	 0.9092
1951	06	18	1226.2299	 205.6876	 0.0000	 0.9092
1951	06	19	1199.0906	 200.8446	 0.0000	 0.8739
1951	06	20	1171.4641	 195.9353	 0.0000	 0.8739
1951	06	21	1139.1847	 190.2658	 0.0000	 0.8386
1951	06	22	1107.4569	 184.7008	 0.0000	 0.8386
1951	06	23	1074.8690	 178.9829	 0.0000	 0.8342
1951	06	24	1057.3293	 175.8566	 0.0000	 0.8342
1951	06	25	1030.0641	 171.1138	 0.0000	 0.6624
1951	06	26	1011.1040	 167.7835	 0.0000	 0.6624
1951	06	27	991.6891	 164.3827	 0.0000	 0.6624
1951	06	28	968.8184	 160.4034	 0.0000	 0.6624
1951	06	29	944.4869	 156.1835	 0.0000	 0.6624
1951	06	30	917.7582	 151.5806	 0.0000	 0.6558
1951	07	01	897.9373	 148.1418	 0.0000	 0.6558
1951	07	02	880.8724	 145.1772	 0.0000	 0.6206
1951	07	03	862.9668	 142.0824	 0.0000	 0.6206
1951	07	04	850.9628	 139.9962	 0.0739	 0.5853
1951	07	05	846.2989	 139.2667	 0.0808	 0.5853
1951	07	06	838.0584	 137.8763	 0.0454	 0.5853
1951	07	07	829.4388	 136.3524	 0.0000	 0.5853
1951	07	08	817.7550	 134.3149	 0.0000	 0.5853
1951	07	09	804.7446	 132.0579	 0.0000	 0.5809
1951	07	10	791.6014	 129.7790	 0.0000	 0.5809
1951	07	11	774.7250	 126.8865	 0.0000	 0.5809
1951	07	12	754.6612	 123.4627	 0.0000	 0.5809
1951	07	13	732.3496	 119.6769	 0.0000	 0.5809
1951	07	14	711.5956	 116.1497	 0.0000	 0.5809
1951	07	15	692.4649	 112.8978	 0.0000	 0.5809
1951	07	16	673.0564	 109.6043	 0.0000	 0.5809
1951	07	17	651.5117	 105.9572	 0.0000	 0.5809
1951	07	18	630.5278	 102.3994	 0.0000	 0.5809
1951	07	19	613.6813	 99.5363	 0.0000	 0.5809
1951	07	20	598.3031	 96.9178	 0.0000	 0.5809
1951	07	21	580.9996	 93.9850	 0.0000	 0.5743
1951	07	22	560.0512	 90.4565	 0.0000	 0.5743
1951	07	23	538.8024	 86.8825	 0.0000	 0.5390
1951	07	24	520.6606	 83.8327	 0.0000	 0.5390
1951	07	25	506.6697	 81.4832	 0.0000	 0.3373
1951	07	26	497.3707	 79.9327	 0.0000	 0.3329
1951	07	27	488.4223	 78.4419	 0.0000	 0.3329
1951	07	28	479.1589	 76.9018	 0.0000	 0.3329
1951	07	29	470.1027	 75.3972	 0.0000	 0.3329
1951	07	30	460.8619	 73.8644	 0.0000	 0.3329
1951	07	31	451.4812	 72.3106	 0.0000	 0.3329
1951	08	01	441.7698	 70.7049	 0.0000	 0.3329
1951	08	02	431.8797	 69.0719	 0.0000	 0.3329
1951	08	03	422.0763	 67.4543	 0.0000	 0.3329
1951	08	04	412.9771	 65.9525	 0.0000	 0.3329
1951	08	05	403.9184	 64.4585	 0.0000	 0.3329
1951	08	06	395.8800	 63.1305	 0.0000	 0.3329
1951	08	07	387.4319	 61.7373	 0.0000	 0.3329
1951	08	08	378.3863	 60.2491	 0.0000	 0.3329
1951	08	09	370.1970	 58.9037	 0.0000	 0.3329
1951	08	10	362.0268	 57.5579	 0.0000	 0.3329
1951	08	11	354.3714	 56.2962	 0.0000	 0.3329
1951	08	12	348.3433	 55.2988	 0.0000	 0.3329
1951	08	13	341.7442	 54.2100	 0.0000	 0.3329
1951	08	14	331.6487	 52.5575	 0.0000	 0.3329
1951	08	15	322.5965	 51.0740	 0.0000	 0.3329
1951	08	16	313.7903	 49.6307	 0.0000	 0.3329
1951	08	17	305.1468	 48.2148	 0.0000	 0.3329
1951	08	18	296.5328	 46.8043	 0.0000	 0.3329
1951	08	19	289.0846	 45.5876	 0.0000	 0.2645
1951	08	20	284.4592	 44.8411	 0.0000	 0.1664
1951	08	21	279.2076	 43.9989	 0.0000	 0.1664
1951	08	22	275.2164	 43.3561	 0.0000	 0.1664
1951	08	23	273.2747	 43.0354	 0.0038	 0.1664
1951	08	24	272.1650	 42.8678	 0.0000	 0.1664
1951	08	25	269.6748	 42.4624	 0.0000	 0.1664
1951	08	26	267.0405	 42.0348	 0.0000	 0.1664
1951	08	27	265.8357	 41.9008	 0.0000	 0.1664
1951	08	28	264.8803	 41.8211	 0.0497	 0.2480
1951	08	29	264.7540	 41.8395	 0.0074	 0.2480
1951	08	30	263.6504	 41.6459	 0.0000	 0.1664
1951	08	31	262.0242	 41.3849	 0.0075	 0.2480
1951	09	01	259.3559	 40.9515	 0.0000	 0.1664
1951	09	02	256.8234	 40.5392	 0.0000	 0.1664
1951	09	03	254.5863	 40.1741	 0.0000	 0.1664
1951	09	04	252.0802	 39.7668	 0.0000	 0.1664
1951	09	05	249.2898	 39.3151	 0.0000	 0.1664
1951	09	06	246.5175	 38.8826	 0.0000	 0.1664
1951	09	07	243.0357	 38.3227	 0.0000	 0.1664
1951	09	08	241.1700	 38.0131	 0.0000	 0.1664
1951	09	09	238.6769	 37.6100	 0.0000	 0.1664
1951	09	10	237.2970	 37.3934	 0.0000	 0.1664
1951	09	11	237.0535	 37.3532	 0.0113	 0.1664
1951	09	12	235.5255	 37.1062	 0.0000	 0.1664
1951	09	13	233.9574	 36.8494	 0.0000	 0.1664
1951	09	14	231.1931	 36.4043	 0.0000	 0.1664
1951	09	15	228.5108	 35.9725	 0.0000	 0.1664
1951	09	16	225.4200	 35.4768	 0.0000	 0.1664
1951	09	17	221.9466	 34.9213	 0.0000	 0.1664
1951	09	18	218.8173	 34.4204	 0.0000	 0.1664
1951	09	19	217.0017	 34.1266	 0.0000	 0.1664
1951	09	20	215.3976	 33.8663	 0.0000	 0.1664
1951	09	21	212.6363	 33.4241	 0.0000	 0.1664
1951	09	22	209.9395	 32.9925	 0.0000	 0.1664
1951	09	23	206.6563	 32.4690	 0.0000	 0.1664
1951	09	24	206.5608	 32.6110	 0.0000	 0.1664
1951	09	25	207.2532	 32.8459	 0.2666	 0.3296
1951	09	26	207.2932	 32.8286	 0.0368	 0.2480
1951	09	27	207.9164	 33.0325	 0.0882	 0.2480
1951	09	28	209.7802	 33.7334	 0.1044	 0.2480
1951	09	29	210.4267	 34.0512	 0.0000	 0.2480
1951	09	30	209.3777	 33.7711	 0.0000	 0.1664
1951	10	01	207.9978	 33.5552	 0.0000	 0.1664
1951	10	02	206.5934	 33.3282	 0.0000	 0.1664
1951	10	03	206.4913	 33.3604	 0.1007	 0.2480
1951	10	04	206.5431	 33.3445	 0.0829	 0.2480
1951	10	05	207.3267	 33.6047	 0.0730	 0.2480
1951	10	06	207.2709	 33.6002	 0.0266	 0.2480
1951	10	07	206.9806	 33.5443	 0.0200	 0.2480
1951	10	08	206.5469	 33.4626	 0.0000	 0.1664
1951	10	09	205.7263	 33.3183	 0.0000	 0.1664
1951	10	10	205.2037	 33.2535	 0.0000	 0.1664
1951	10	11	204.5075	 33.1464	 0.0000	 0.1664
1951	10	12	205.1227	 33.3655	 0.1991	 0.2480
1951	10	13	208.6345	 34.8044	 0.6463	 0.4960
1951	10	14	214.7221	 37.8679	 1.3838	 0.7440
1951	10	15	220.0329	 40.7601	 1.8016	 0.9158
1951	10	16	221.4801	 41.4630	 2.0226	 0.7440
1951	10	17	225.4764	 43.6402	 2.3870	 0.9158
1951	10	18	245.2866	 52.9501	 3.1236	 1.0000
1951	10	19	269.6822	 62.8636	 3.4329	 1.0000
1951	10	20	279.0657	 65.4602	 3.1689	 1.0000
1951	10	21	279.7651	 64.9258	 3.4349	 1.0000
1951	10	22	301.6833	 74.3308	 3.5859	 1.0000
1951	10	23	310.8683	 78.0667	 3.8859	 1.0000
1951	10	24	311.4440	 77.3007	 3.9328	 1.0000
1951	10	25	311.5910	 76.5116	 3.9446	 1.0000
1951	10	26	311.6038	 75.8492	 3.9582	 1.0000
1951	10	27	311.6557	 75.2475	 3.9848	 1.0000
1951	10	28	315.1423	 75.9249	 3.9746	 1.0000
1951	10	29	317.4072	 76.2660	 4.1053	 1.0000
1951	10	30	318.4225	 76.4182	 4.1720	 1.0000
1951	10	31	318.4161	 75.9718	 4.1648	 1.0000
1951	11	01	319.0063	 76.1830	 3.4999	 1.0000
1951	11	02	328.9380	 82.3217	 3.5899	 1.0000
1951	11	03	347.6019	 91.3350	 3.6035	 1.0000
1951	11	04	353.2933	 91.6929	 3.5889	 1.0000
1951	11	05	353.3665	 90.3939	 3.5758	 1.0000
1951	11	06	353.4042	 89.2450	 3.5740	 1.0000
1951	11	07	355.1976	 89.0030	 3.6297	 1.0000
1951	11	08	356.4442	 88.5445	 3.6264	 1.0000
1951	11	09	364.9156	 90.9844	 3.4765	 1.0000
1951	11	10	383.7962	 97.2240	 3.5060	 1.0000
1951	11	11	412.7670	 107.8586	 3.4746	 1.0000
1951	11	12	441.2192	 118.9196	 3.5257	 1.0000
1951	11	13	454.7193	 123.1983	 3.5023	 1.0000
1951	11	14	457.0479	 122.1592	 3.4913	 1.0000
1951	11	15	457.4460	 120.7318	 3.4931	 1.0000
1951	11	16	457.3170	 119.3250	 3.4799	 1.0000
1951	11	17	457.0590	 117.9572	 3.4415	 1.0000
1951	11	18	456.8836	 116.7186	 3.4290	 1.0000
1951	11	19	456.7544	 115.4640	 3.3575	 1.0000
1951	11	20	457.0025	 114.5521	 3.3743	 1.0000
1951	11	21	457.1536	 113.6992	 3.3849	 1.0000
1951	11	22	457.1898	 112.9994	 3.4005	 1.0000
1951	11	23	457.2325	 112.3947	 3.4157	 1.0000
1951	11	24	459.7793	 113.7560	 3.4148	 1.0000
1951	11	25	485.1549	 130.1474	 3.3552	 1.0000
1951	11	26	509.6288	 140.3989	 3.3623	 1.0000
1951	11	27	531.7172	 148.0508	 3.4658	 1.0000
1951	11	28	560.8000	 155.8818	 3.5187	 1.0000
1951	11	29	582.3207	 161.5009	 3.4572	 1.0000
1951	11	30	612.4216	 171.3435	 3.4594	 1.0000
1951	12	01	629.1179	 173.8377	 3.3164	 1.0000
1951	12	02	639.7816	 174.7837	 3.3086	 1.0000
1951	12	03	657.2793	 180.0651	 3.2674	 1.0000
1951	12	04	665.3357	 180.3464	 3.1974	 1.0000
1951	12	05	667.5469	 177.7983	 3.1001	 1.0000
1951	12	06	668.1361	 175.5382	 3.0411	 1.0000
1951	12	07	668.1901	 173.6341	 3.0476	 1.0000
1951	12	08	668.4289	 172.0117	 3.0350	 1.0000
1951	12	09	669.8915	 171.6235	 3.0361	 1.0000
1951	12	10	670.7408	 170.4773	 3.0543	 1.0000
1951	12	11	671.6273	 169.0196	 3.0705	 1.0000
1951	12	12	672.1876	 167.3299	 3.0757	 1.0000
1951	12	13	672.2652	 165.8768	 3.0764	 1.0000
1951	12	14	674.3063	 166.4323	 3.0737	 1.0000
1951	12	15	686.2140	 174.8801	 3.0452	 1.0000
1951	12	16	692.5269	 177.6295	 3.0003	 1.0000
1951	12	17	714.6868	 189.7629	 2.9722	 1.0000
1951	12	18	730.2456	 197.9072	 2.8018	 1.0000
1951	12	19	731.7238	 196.3429	 2.7718	 1.0000
1951	12	20	743.1610	 207.8819	 2.7532	 1.0000
1951	12	21	771.0288	 233.5867	 2.7477	 1.0000
1951	12	22	780.6835	 233.2962	 2.6589	 1.0000
1951	12	23	786.0353	 232.6838	 2.6594	 1.0000
1951	12	24	789.3274	 231.6123	 2.6611	 1.0000
1951	12	25	790.8135	 228.3919	 2.6525	 1.0000
1951	12	26	794.4579	 228.2648	 2.6270	 1.0000
1951	12	27	799.5861	 228.6210	 2.6335	 1.0000
1951	12	28	805.9422	 228.9663	 2.6383	 1.0000
1951	12	29	815.9256	 231.2580	 2.5028	 1.0000
1951	12	30	818.0145	 229.5053	 2.5004	 1.0000
1951	12	31	818.0897	 226.8247	 2.4073	 1.0000
