1949	01	01	4.9927	 5.1399	 0.9390	 1.0000
1949	01	02	5.5217	 5.6334	 0.9091	 1.0000
1949	01	03	5.7817	 5.8961	 0.6130	 1.0000
1949	01	04	7.9161	 8.3409	 0.9595	 1.0000
1949	01	05	17.6879	 16.6892	 1.0107	 1.0000
1949	01	06	31.3143	 23.2685	 1.0257	 1.0000
1949	01	07	34.5577	 23.4174	 0.9203	 1.0000
1949	01	08	34.5364	 22.4020	 0.8893	 1.0000
1949	01	09	34.7977	 22.1413	 0.6127	 1.0000
1949	01	10	34.7768	 21.5720	 0.6184	 1.0000
1949	01	11	34.7448	 20.9662	 0.6300	 1.0000
1949	01	12	34.6902	 20.2878	 0.6448	 1.0000
1949	01	13	34.9464	 19.9324	 0.7747	 1.0000
1949	01	14	36.0299	 20.2517	 0.9465	 1.0000
1949	01	15	36.3707	 19.7837	 0.9442	 1.0000
1949	01	16	37.2578	 20.1430	 0.9900	 1.0000
1949	01	17	37.8849	 20.1507	 0.9775	 1.0000
1949	01	18	38.3939	 20.2925	 0.9817	 1.0000
1949	01	19	38.5383	 20.1001	 0.9907	 1.0000
1949	01	20	39.5953	 21.1248	 1.0193	 1.0000
1949	01	21	39.9932	 21.2724	 1.0045	 1.0000
1949	01	22	40.1182	 21.0813	 0.7816	 1.0000
1949	01	23	39.9677	 20.6326	 0.7746	 1.0000
1949	01	24	40.0398	 20.3987	 0.8030	 1.0000
1949	01	25	41.3835	 21.9327	 1.0293	 1.0000
1949	01	26	42.5925	 22.9619	 1.0815	 1.0000
1949	01	27	42.7982	 22.5734	 1.0926	 1.0000
1949	01	28	43.0049	 22.2119	 0.8781	 1.0000
1949	01	29	42.8822	 21.4954	 0.8808	 1.0000
1949	01	30	42.7847	 20.9213	 0.8893	 1.0000
1949	01	31	42.7139	 20.4892	 0.8990	 1.0000
1949	02	01	42.5757	 20.0087	 0.9120	 1.0000
1949	02	02	43.5178	 20.7684	 1.0824	 1.0000
1949	02	03	45.8543	 22.9225	 1.1607	 1.0000
1949	02	04	46.4397	 22.9747	 1.1164	 1.0000
1949	02	05	60.5259	 36.2014	 1.2066	 1.0000
1949	02	06	74.2635	 45.1132	 1.2132	 1.0000
1949	02	07	87.9152	 49.7460	 1.2317	 1.0000
1949	02	08	98.3428	 50.9158	 1.2546	 1.0000
1949	02	09	135.8464	 65.1759	 1.2879	 1.0000
1949	02	10	164.1441	 76.9120	 1.2923	 1.0000
1949	02	11	169.5905	 77.1445	 1.2957	 1.0000
1949	02	12	169.7168	 73.6627	 1.0724	 1.0000
1949	02	13	184.6952	 86.1043	 1.3180	 1.0000
1949	02	14	202.7876	 93.9001	 1.3304	 1.0000
1949	02	15	320.8046	 131.7856	 1.4366	 1.0000
1949	02	16	437.7937	 155.1468	 1.8442	 1.0000
1949	02	17	467.3310	 156.4207	 1.9188	 1.0000
1949	02	18	476.0217	 155.1588	 1.8645	 1.0000
1949	02	19	488.4491	 160.3464	 1.8680	 1.0000
1949	02	20	509.3207	 170.0353	 1.8440	 1.0000
1949	02	21	551.7686	 189.2849	 1.8275	 1.0000
1949	02	22	576.2804	 186.8264	 1.9177	 1.0000
1949	02	23	580.5539	 178.4686	 2.1970	 1.0000
1949	02	24	580.6111	 171.3227	 2.0259	 1.0000
1949	02	25	580.5111	 166.2122	 2.0139	 1.0000
1949	02	26	580.2693	 162.2965	 1.9464	 1.0000
1949	02	27	580.0270	 159.0849	 1.8995	 1.0000
1949	02	28	579.7718	 156.3663	 1.8431	 1.0000
1949	03	01	579.5870	 153.9658	 1.8146	 1.0000
1949	03	02	579.3390	 151.6305	 1.7945	 1.0000
1949	03	03	579.1976	 149.3886	 1.6831	 1.0000
1949	03	04	579.1306	 147.3627	 1.6863	 1.0000
1949	03	05	578.9868	 145.3566	 1.6901	 1.0000
1949	03	06	579.1319	 143.9225	 1.7540	 1.0000
1949	03	07	582.1559	 143.8158	 2.4113	 1.0000
1949	03	08	586.9263	 145.0089	 2.6819	 1.0000
1949	03	09	586.7328	 143.8934	 2.5471	 1.0000
1949	03	10	586.4144	 142.8975	 2.3258	 1.0000
1949	03	11	590.0855	 143.9826	 2.7227	 1.0000
1949	03	12	606.2355	 150.0979	 2.8270	 1.0000
1949	03	13	611.8116	 151.6334	 2.8264	 1.0000
1949	03	14	616.5760	 152.9210	 2.8755	 1.0000
1949	03	15	624.7350	 155.9721	 2.8867	 1.0000
1949	03	16	630.7628	 156.8540	 2.9412	 1.0000
1949	03	17	635.5751	 157.0962	 3.0586	 1.0000
1949	03	18	651.5877	 161.7253	 3.0736	 1.0000
1949	03	19	662.9149	 164.1644	 3.2611	 1.0000
1949	03	20	673.2960	 166.8203	 3.4582	 1.0000
1949	03	21	676.6842	 166.5120	 3.5384	 1.0000
1949	03	22	676.5789	 164.8139	 3.3607	 1.0000
1949	03	23	676.4171	 163.2894	 3.2532	 1.0000
1949	03	24	678.0253	 162.6753	 3.5069	 1.0000
1949	03	25	681.9108	 162.8715	 3.5547	 1.0000
1949	03	26	692.0507	 166.9009	 3.5659	 1.0000
1949	03	27	695.9884	 168.3057	 3.4991	 1.0000
1949	03	28	696.1319	 167.0787	 3.4424	 1.0000
1949	03	29	696.7477	 165.9664	 3.5360	 1.0000
1949	03	30	696.7924	 164.6306	 3.4527	 1.0000
1949	03	31	696.8093	 163.3813	 3.2956	 1.0000
1949	04	01	697.1762	 162.3485	 3.1176	 1.0000
1949	04	02	696.9538	 161.1018	 2.9514	 1.0000
1949	04	03	697.5790	 160.1273	 2.2163	 1.0000
1949	04	04	699.9064	 159.5905	 0.8309	 1.0000
1949	04	05	699.7044	 158.4137	 0.3452	 1.0000
1949	04	06	698.2167	 157.0595	 0.1708	 1.0000
1949	04	07	695.0454	 155.3345	 0.0000	 1.0000
1949	04	08	689.8666	 153.2386	 0.0000	 1.0000
1949	04	09	683.7368	 151.0266	 0.0000	 1.0000
1949	04	10	681.3659	 149.8644	 0.1084	 1.0000
1949	04	11	677.8929	 148.3506	 0.2112	 1.0000
1949	04	12	674.7609	 146.9394	 0.0063	 1.0000
1949	04	13	668.1114	 144.7912	 0.0000	 1.0000
1949	04	14	661.7679	 142.8047	 0.0000	 1.0000
1949	04	15	651.0017	 139.8863	 0.0000	 1.0000
1949	04	16	635.8166	 136.0477	 0.0000	 1.0000
1949	04	17	625.4174	 133.2934	 0.0045	 1.0000
1949	04	18	612.5684	 130.0446	 0.0033	 1.0000
1949	04	19	604.4902	 127.9750	 0.4645	 1.0000
1949	04	20	606.7901	 129.0895	 0.6496	 1.0000
1949	04	21	607.7583	 129.4000	 0.8931	 1.0000
1949	04	22	610.7770	 130.5900	 0.7786	 1.0000
1949	04	23	616.7032	 133.1444	 0.8905	 1.0000
1949	04	24	616.2103	 132.9168	 0.2221	 1.0000
1949	04	25	609.8533	 130.9881	 0.0744	 1.0000
1949	04	26	598.8162	 128.1078	 0.0000	 1.0000
1949	04	27	584.0760	 124.4901	 0.0224	 1.0000
1949	04	28	571.5928	 121.4070	 0.2088	 1.0000
1949	04	29	565.1577	 119.6993	 0.2702	 1.0000
1949	04	30	567.6370	 120.5943	 0.9679	 1.0000
1949	05	01	573.0754	 122.7569	 1.7418	 1.0000
1949	05	02	575.9765	 123.7394	 1.4024	 1.0000
1949	05	03	576.2161	 123.6557	 1.4406	 1.0000
1949	05	04	573.9513	 122.9449	 0.8517	 1.0000
1949	05	05	562.2127	 119.9506	 0.0000	 1.0000
1949	05	06	542.6029	 115.2974	 0.0000	 1.0000
1949	05	07	514.3603	 108.8630	 0.0000	 0.9931
1949	05	08	483.3155	 101.9100	 0.0000	 0.9931
1949	05	09	450.7750	 94.7129	 0.0000	 0.9806
1949	05	10	419.6990	 87.8927	 0.0000	 0.9417
1949	05	11	387.4979	 80.8962	 0.0000	 0.9417
1949	05	12	353.4600	 73.5639	 0.0000	 0.8434
1949	05	13	325.4694	 67.5293	 0.0000	 0.7252
1949	05	14	300.3596	 62.1415	 0.0000	 0.6875
1949	05	15	275.7304	 56.8825	 0.0000	 0.6875
1949	05	16	257.8982	 53.0585	 0.0373	 0.6687
1949	05	17	251.1614	 51.5658	 0.0491	 0.6687
1949	05	18	241.1737	 49.4162	 0.0000	 0.6311
1949	05	19	231.0603	 47.2520	 0.0323	 0.6311
1949	05	20	224.4839	 45.8265	 0.0000	 0.6311
1949	05	21	212.9406	 43.3725	 0.0000	 0.6311
1949	05	22	200.9699	 40.8398	 0.0000	 0.6311
1949	05	23	187.6184	 38.0377	 0.0000	 0.6311
1949	05	24	176.1407	 35.6306	 0.0000	 0.5359
1949	05	25	163.7787	 33.0595	 0.0000	 0.4395
1949	05	26	156.7902	 31.5938	 0.0000	 0.4395
1949	05	27	146.8409	 29.5288	 0.0000	 0.4329
1949	05	28	141.9935	 28.5193	 0.1088	 0.4395
1949	05	29	137.9474	 27.6879	 0.0000	 0.4207
1949	05	30	130.5898	 26.1651	 0.0000	 0.3831
1949	05	31	126.0577	 25.2193	 0.0159	 0.4395
1949	06	01	123.0217	 24.5783	 0.0060	 0.3831
1949	06	02	118.8122	 23.7017	 0.0000	 0.3831
1949	06	03	113.9301	 22.6942	 0.0000	 0.3831
1949	06	04	104.8368	 20.8452	 0.0000	 0.3831
1949	06	05	95.0061	 18.8536	 0.0000	 0.3831
1949	06	06	81.1504	 16.0636	 0.0000	 0.3831
1949	06	07	73.0718	 14.4334	 0.0000	 0.1915
1949	06	08	70.6729	 13.9710	 0.0000	 0.1915
1949	06	09	66.1066	 13.0550	 0.0000	 0.1915
1949	06	10	62.6094	 12.3526	 0.0000	 0.1915
1949	06	11	59.6879	 11.7656	 0.0000	 0.1915
1949	06	12	57.1910	 11.2640	 0.0000	 0.1915
1949	06	13	54.0293	 10.6328	 0.0000	 0.1915
1949	06	14	50.6992	 9.9700	 0.0000	 0.1915
1949	06	15	48.1171	 9.4812	 0.1307	 0.2480
1949	06	16	48.0513	 9.5240	 0.2459	 0.2978
1949	06	17	47.7044	 9.4910	 0.1901	 0.2480
1949	06	18	46.2167	 9.2317	 0.0000	 0.1915
1949	06	19	43.5781	 8.6982	 0.0000	 0.1915
1949	06	20	39.5456	 7.8878	 0.0000	 0.1915
1949	06	21	36.8893	 7.3558	 0.0000	 0.1915
1949	06	22	34.1500	 6.8099	 0.0000	 0.1915
1949	06	23	31.7001	 6.3263	 0.0000	 0.1915
1949	06	24	29.5262	 5.8894	 0.0116	 0.1915
1949	06	25	28.8336	 5.7580	 0.0085	 0.1915
1949	06	26	28.0816	 5.6120	 0.0185	 0.1915
1949	06	27	27.0445	 5.4592	 0.0592	 0.2480
1949	06	28	25.9657	 5.2701	 0.0839	 0.2480
1949	06	29	25.3377	 5.1552	 0.0009	 0.1915
1949	06	30	23.8758	 4.8552	 0.0000	 0.1915
1949	07	01	21.4909	 4.3678	 0.0000	 0.1915
1949	07	02	18.6330	 3.7847	 0.0000	 0.1915
1949	07	03	15.0424	 3.0534	 0.0000	 0.1915
1949	07	04	11.0122	 2.2334	 0.0000	 0.1915
1949	07	05	7.0979	 1.4375	 0.0000	 0.1915
1949	07	06	3.6036	 0.7273	 0.0000	 0.1915
1949	07	07	1.4971	 0.3019	 0.0000	 0.0952
1949	07	08	0.0000	 0.0000	 0.0000	 0.0000
1949	07	09	0.0000	 0.0000	 0.0000	 0.0000
1949	07	10	0.0000	 0.0000	 0.0000	 0.0000
1949	07	11	0.0000	 0.0000	 0.0000	 0.0000
1949	07	12	0.0000	 0.0000	 0.0000	 0.0000
1949	07	13	0.0000	 0.0000	 0.0000	 0.0000
1949	07	14	0.0000	 0.0000	 0.0000	 0.0000
1949	07	15	0.0000	 0.0000	 0.0000	 0.0000
1949	07	16	0.0000	 0.0000	 0.0006	 0.0000
1949	07	17	0.0000	 0.0000	 0.0000	 0.0000
1949	07	18	0.0000	 0.0000	 0.0000	 0.0000
1949	07	19	0.0000	 0.0000	 0.0000	 0.0000
1949	07	20	0.0000	 0.0000	 0.0006	 0.0000
1949	07	21	0.0000	 0.0000	 0.0000	 0.0000
1949	07	22	0.0000	 0.0000	 0.0000	 0.0000
1949	07	23	0.0000	 0.0000	 0.0000	 0.0000
1949	07	24	0.0000	 0.0000	 0.0000	 0.0000
1949	07	25	0.0000	 0.0000	 0.0000	 0.0000
1949	07	26	0.0000	 0.0000	 0.0000	 0.0000
1949	07	27	0.0000	 0.0000	 0.0005	 0.0000
1949	07	28	0.0000	 0.0000	 0.0000	 0.0000
1949	07	29	0.0000	 0.0000	 0.0000	 0.0000
1949	07	30	0.0000	 0.0000	 0.0000	 0.0000
1949	07	31	0.0000	 0.0000	 0.0000	 0.0000
1949	08	01	0.0000	 0.0000	 0.0000	 0.0000
1949	08	02	0.0000	 0.0000	 0.0000	 0.0000
1949	08	03	0.0000	 0.0000	 0.0000	 0.0000
1949	08	04	0.0000	 0.0000	 0.0000	 0.0000
1949	08	05	0.0000	 0.0000	 0.0000	 0.0000
1949	08	06	0.0000	 0.0000	 0.0000	 0.0000
1949	08	07	0.0000	 0.0000	 0.0000	 0.0000
1949	08	08	0.0000	 0.0000	 0.0000	 0.0000
1949	08	09	0.0000	 0.0000	 0.0000	 0.0000
1949	08	10	0.0000	 0.0000	 0.0000	 0.0000
1949	08	11	0.0000	 0.0000	 0.0000	 0.0000
1949	08	12	0.0000	 0.0000	 0.0000	 0.0000
1949	08	13	0.0000	 0.0000	 0.0212	 0.0000
1949	08	14	0.0000	 0.0000	 0.0000	 0.0000
1949	08	15	0.0000	 0.0000	 0.0000	 0.0000
1949	08	16	0.0000	 0.0000	 0.0000	 0.0000
1949	08	17	0.0000	 0.0000	 0.0000	 0.0000
1949	08	18	0.0000	 0.0000	 0.0000	 0.0000
1949	08	19	0.0000	 0.0000	 0.0000	 0.0000
1949	08	20	0.0000	 0.0000	 0.0000	 0.0000
1949	08	21	0.0000	 0.0000	 0.0000	 0.0000
1949	08	22	0.0000	 0.0000	 0.0000	 0.0000
1949	08	23	0.0000	 0.0000	 0.0000	 0.0000
1949	08	24	0.0000	 0.0000	 0.0000	 0.0000
1949	08	25	0.0061	 0.0039	 0.0024	 0.0066
1949	08	26	0.0000	 0.0000	 0.0000	 0.0000
1949	08	27	0.0000	 0.0000	 0.0000	 0.0000
1949	08	28	0.0000	 0.0000	 0.0000	 0.0000
1949	08	29	0.0000	 0.0000	 0.0000	 0.0000
1949	08	30	0.0000	 0.0000	 0.0000	 0.0000
1949	08	31	0.0000	 0.0000	 0.0000	 0.0000
1949	09	01	0.0000	 0.0000	 0.0000	 0.0000
1949	09	02	0.0000	 0.0000	 0.0000	 0.0000
1949	09	03	0.0000	 0.0000	 0.0000	 0.0000
1949	09	04	0.0000	 0.0000	 0.0000	 0.0000
1949	09	05	0.0000	 0.0000	 0.0000	 0.0000
1949	09	06	0.0000	 0.0000	 0.0000	 0.0000
1949	09	07	0.0000	 0.0000	 0.0000	 0.0000
1949	09	08	0.0000	 0.0000	 0.0000	 0.0000
1949	09	09	0.0000	 0.0000	 0.0000	 0.0000
1949	09	10	0.0001	 0.0001	 0.0155	 0.0376
1949	09	11	0.0000	 0.0000	 0.0175	 0.0000
1949	09	12	0.0000	 0.0000	 0.0000	 0.0000
1949	09	13	0.0064	 0.0043	 0.0275	 0.0565
1949	09	14	0.0000	 0.0000	 0.0000	 0.0000
1949	09	15	1.4381	 0.8099	 0.7542	 0.4960
1949	09	16	2.4326	 1.3495	 0.2149	 0.2480
1949	09	17	1.8518	 0.9506	 0.1222	 0.2480
1949	09	18	2.0291	 1.0077	 0.1649	 0.2480
1949	09	19	1.6569	 0.8301	 0.1923	 0.4960
1949	09	20	0.7367	 0.3400	 0.0015	 0.1915
1949	09	21	0.0000	 0.0000	 0.0000	 0.0000
1949	09	22	0.0000	 0.0000	 0.0000	 0.0000
1949	09	23	0.0000	 0.0000	 0.0000	 0.0000
1949	09	24	0.0000	 0.0000	 0.0000	 0.0000
1949	09	25	0.0000	 0.0000	 0.0000	 0.0000
1949	09	26	0.0000	 0.0000	 0.0000	 0.0000
1949	09	27	0.0000	 0.0000	 0.0000	 0.0000
1949	09	28	0.0000	 0.0000	 0.0000	 0.0000
1949	09	29	0.0000	 0.0000	 0.0000	 0.0000
1949	09	30	0.0003	 0.0002	 0.0110	 0.0565
1949	10	01	0.0000	 0.0000	 0.0028	 0.0000
1949	10	02	0.0000	 0.0000	 0.0000	 0.0000
1949	10	03	0.0606	 0.0430	 0.0905	 0.2480
1949	10	04	0.8939	 0.5321	 0.3634	 0.4960
1949	10	05	2.5101	 1.5033	 0.9908	 0.5336
1949	10	06	3.2669	 1.9416	 0.9553	 0.4960
1949	10	07	3.1964	 1.9133	 0.8157	 0.4960
1949	10	08	6.5124	 4.0389	 1.0232	 0.5525
1949	10	09	10.3341	 5.4490	 1.3142	 0.4960
1949	10	10	14.0575	 6.7158	 1.0562	 0.4960
1949	10	11	15.6546	 7.0903	 0.9978	 0.4960
1949	10	12	15.9641	 6.9906	 1.0692	 0.4960
1949	10	13	15.0680	 6.4360	 0.9621	 0.4960
1949	10	14	16.4432	 7.1834	 1.0495	 0.4960
1949	10	15	16.9479	 7.2174	 1.3680	 0.4960
1949	10	16	16.8445	 6.9916	 1.0891	 0.4960
1949	10	17	16.3779	 6.6521	 1.0694	 0.4008
1949	10	18	16.2320	 6.4742	 1.0684	 0.4008
1949	10	19	16.1432	 6.3434	 1.0695	 0.4008
1949	10	20	15.6452	 6.0369	 1.0749	 0.4008
1949	10	21	14.8413	 5.5929	 1.0740	 0.4008
1949	10	22	14.4486	 5.3345	 1.0775	 0.2480
1949	10	23	14.4529	 5.2545	 1.0905	 0.2480
1949	10	24	14.2651	 5.1061	 1.0301	 0.2480
1949	10	25	14.2863	 5.0492	 1.0378	 0.2480
1949	10	26	15.5770	 5.5714	 0.8492	 0.2480
1949	10	27	25.0346	 9.5169	 1.5248	 0.4960
1949	10	28	36.0337	 13.8083	 2.2623	 0.7440
1949	10	29	36.3755	 13.6313	 2.1960	 0.6875
1949	10	30	36.3573	 13.3286	 2.0789	 0.4960
1949	10	31	36.3015	 13.0455	 2.0813	 0.4960
1949	11	01	36.2862	 12.8253	 1.9405	 0.4960
1949	11	02	36.0144	 12.4814	 1.9201	 0.4960
1949	11	03	35.6091	 12.1099	 1.9004	 0.4960
1949	11	04	35.2115	 11.7655	 1.8990	 0.4960
1949	11	05	34.7069	 11.4014	 1.8773	 0.4960
1949	11	06	34.3058	 11.1015	 1.8721	 0.4395
1949	11	07	34.4492	 11.0551	 1.9164	 0.4395
1949	11	08	38.2978	 12.8731	 2.0230	 0.4960
1949	11	09	40.5527	 13.8888	 2.1895	 0.7440
1949	11	10	58.7013	 22.5412	 3.1443	 1.0000
1949	11	11	105.9651	 41.3816	 4.1044	 1.0000
1949	11	12	133.6392	 50.2312	 4.0411	 1.0000
1949	11	13	149.7313	 53.5169	 3.9928	 1.0000
1949	11	14	159.9194	 54.8739	 3.8834	 1.0000
1949	11	15	160.3987	 53.3424	 4.0015	 1.0000
1949	11	16	160.5758	 51.9930	 4.0008	 1.0000
1949	11	17	161.3190	 51.1467	 4.1175	 1.0000
1949	11	18	162.9214	 50.7667	 4.2552	 1.0000
1949	11	19	163.3687	 49.9987	 4.2811	 1.0000
1949	11	20	163.4104	 49.3632	 4.2667	 1.0000
1949	11	21	167.0652	 50.8690	 4.3671	 1.0000
1949	11	22	188.0065	 60.2174	 4.2550	 1.0000
1949	11	23	219.4512	 70.9365	 4.1626	 1.0000
1949	11	24	245.9263	 77.7231	 4.0840	 1.0000
1949	11	25	280.2739	 87.4868	 4.0282	 1.0000
1949	11	26	330.0237	 101.4770	 3.2312	 1.0000
1949	11	27	362.7429	 109.1710	 4.0646	 1.0000
1949	11	28	380.6937	 112.3589	 4.2204	 1.0000
1949	11	29	393.9324	 114.4870	 4.2537	 1.0000
1949	11	30	412.0969	 118.6299	 4.2333	 1.0000
1949	12	01	446.2944	 129.6394	 4.0510	 1.0000
1949	12	02	461.7944	 133.9550	 4.0407	 1.0000
1949	12	03	470.7288	 136.6425	 4.0525	 1.0000
1949	12	04	474.4586	 135.6343	 4.0100	 1.0000
1949	12	05	477.8775	 135.0741	 3.9300	 1.0000
1949	12	06	478.6315	 133.4491	 3.9308	 1.0000
1949	12	07	479.5096	 132.1852	 3.9095	 1.0000
1949	12	08	481.2026	 132.0067	 3.9131	 1.0000
1949	12	09	481.8839	 130.9849	 3.8336	 1.0000
1949	12	10	482.5373	 130.3468	 3.8269	 1.0000
1949	12	11	483.0413	 129.8468	 3.8345	 1.0000
1949	12	12	483.1567	 128.8330	 3.8225	 1.0000
1949	12	13	485.4005	 129.4022	 3.8185	 1.0000
1949	12	14	493.5128	 133.3782	 3.7767	 1.0000
1949	12	15	498.8674	 135.1458	 3.7230	 1.0000
1949	12	16	504.4278	 137.3343	 3.7067	 1.0000
1949	12	17	511.8712	 140.9942	 3.5615	 1.0000
1949	12	18	513.7363	 141.2129	 3.4939	 1.0000
1949	12	19	514.2093	 140.7729	 3.4931	 1.0000
1949	12	20	517.4325	 143.6089	 3.4797	 1.0000
1949	12	21	524.1184	 147.9675	 3.4913	 1.0000
1949	12	22	539.6674	 153.8368	 3.8816	 1.0000
1949	12	23	557.0975	 159.7603	 3.8172	 1.0000
1949	12	24	570.1525	 166.5772	 3.6890	 1.0000
1949	12	25	588.9852	 177.0414	 3.6552	 1.0000
1949	12	26	624.5962	 188.0571	 3.5462	 1.0000
1949	12	27	672.2224	 200.2934	 3.3766	 1.0000
1949	12	28	691.8514	 199.7265	 3.6040	 1.0000
1949	12	29	701.3253	 198.2443	 3.5227	 1.0000
1949	12	30	712.3478	 201.7304	 3.4564	 1.0000
1949	12	31	717.9572	 203.4365	 3.3393	 1.0000
1950	01	01	719.3778	 202.3005	 3.1841	 1.0000
1950	01	02	719.3647	 200.3409	 3.1906	 1.0000
1950	01	03	720.2781	 200.3336	 3.1807	 1.0000
1950	01	04	723.8698	 203.9710	 3.1872	 1.0000
1950	01	05	741.2231	 223.4184	 3.1784	 1.0000
1950	01	06	756.1551	 234.2253	 3.1321	 1.0000
1950	01	07	758.7457	 229.3258	 3.0613	 1.0000
1950	01	08	762.0965	 226.1888	 3.0529	 1.0000
1950	01	09	778.6507	 235.0289	 3.0160	 1.0000
1950	01	10	788.9946	 235.5125	 2.8340	 1.0000
1950	01	11	791.8176	 231.9703	 2.7641	 1.0000
1950	01	12	794.7737	 231.3593	 2.6401	 1.0000
1950	01	13	798.5478	 233.7615	 2.6088	 1.0000
1950	01	14	800.8272	 234.8081	 2.6062	 1.0000
1950	01	15	801.8826	 234.0981	 2.5987	 1.0000
1950	01	16	802.3419	 232.1311	 2.5975	 1.0000
1950	01	17	802.3933	 229.6470	 2.5879	 1.0000
1950	01	18	822.5053	 253.4493	 2.5731	 1.0000
1950	01	19	869.7626	 300.3763	 2.5712	 1.0000
1950	01	20	911.5441	 310.0101	 2.5464	 1.0000
1950	01	21	947.0421	 300.1429	 2.5877	 1.0000
1950	01	22	962.8717	 286.8045	 2.7558	 1.0000
1950	01	23	969.1298	 281.3680	 2.6330	 1.0000
1950	01	24	970.5636	 278.6658	 2.5226	 1.0000
1950	01	25	976.3600	 283.7174	 2.5533	 1.0000
1950	01	26	981.7342	 286.9539	 2.5230	 1.0000
1950	01	27	982.6550	 284.4780	 2.5262	 1.0000
1950	01	28	982.8143	 281.3095	 2.3577	 1.0000
1950	01	29	982.7998	 278.6195	 2.3602	 1.0000
1950	01	30	982.7486	 276.1665	 2.3563	 1.0000
1950	01	31	982.7361	 273.8601	 2.3581	 1.0000
1950	02	01	982.7563	 271.6390	 2.3305	 1.0000
1950	02	02	982.9393	 269.3174	 2.3494	 1.0000
1950	02	03	992.9993	 279.0987	 2.4625	 1.0000
1950	02	04	1002.7736	 285.0525	 2.4233	 1.0000
1950	02	05	1019.1396	 294.1109	 2.4285	 1.0000
1950	02	06	1029.3678	 290.7845	 2.4360	 1.0000
1950	02	07	1048.8316	 288.6972	 2.5744	 1.0000
1950	02	08	1061.0665	 285.9632	 2.4624	 1.0000
1950	02	09	1067.3499	 283.0344	 2.4347	 1.0000
1950	02	10	1070.5557	 280.1485	 2.4288	 1.0000
1950	02	11	1074.2829	 276.6545	 2.4242	 1.0000
1950	02	12	1096.5714	 282.0729	 2.4128	 1.0000
1950	02	13	1105.1326	 280.1941	 2.5717	 1.0000
1950	02	14	1112.3757	 277.9593	 2.8693	 1.0000
1950	02	15	1123.0730	 277.6143	 3.0269	 1.0000
1950	02	16	1127.9801	 275.4195	 3.0362	 1.0000
1950	02	17	1128.4885	 272.1237	 3.0498	 1.0000
1950	02	18	1130.2639	 269.4139	 3.0296	 1.0000
1950	02	19	1131.5884	 267.0512	 3.0333	 1.0000
1950	02	20	1132.9282	 265.3596	 3.0515	 1.0000
1950	02	21	1139.9927	 266.3039	 3.0560	 1.0000
1950	02	22	1154.5462	 269.9267	 3.0050	 1.0000
1950	02	23	1200.6644	 286.2581	 3.3834	 1.0000
1950	02	24	1236.9436	 298.4580	 3.3091	 1.0000
1950	02	25	1266.9948	 306.8568	 3.2936	 1.0000
1950	02	26	1279.3989	 306.7921	 3.4848	 1.0000
1950	02	27	1280.6352	 303.5413	 3.4624	 1.0000
1950	02	28	1280.6066	 300.5232	 3.4667	 1.0000
1950	03	01	1281.4411	 298.3319	 3.4594	 1.0000
1950	03	02	1288.0850	 298.2255	 3.9419	 1.0000
1950	03	03	1326.7122	 307.6244	 3.7956	 1.0000
1950	03	04	1361.4246	 314.4421	 3.9758	 1.0000
1950	03	05	1372.5979	 314.0150	 3.9669	 1.0000
1950	03	06	1373.6515	 310.6507	 3.9098	 1.0000
1950	03	07	1376.4942	 309.0494	 3.9586	 1.0000
1950	03	08	1381.0529	 308.7473	 3.9607	 1.0000
1950	03	09	1386.1208	 308.9053	 3.9365	 1.0000
1950	03	10	1387.2574	 307.0978	 3.9739	 1.0000
1950	03	11	1387.1658	 305.1554	 3.8770	 1.0000
1950	03	12	1387.8144	 304.1672	 3.8753	 1.0000
1950	03	13	1388.0724	 302.6736	 3.9086	 1.0000
1950	03	14	1390.5961	 301.7613	 3.9924	 1.0000
1950	03	15	1402.7232	 304.0851	 3.9246	 1.0000
1950	03	16	1431.4541	 312.2807	 3.8897	 1.0000
1950	03	17	1447.5844	 315.9362	 3.7819	 1.0000
1950	03	18	1480.4236	 327.8542	 3.8312	 1.0000
1950	03	19	1499.2239	 335.3912	 3.7902	 1.0000
1950	03	20	1508.3638	 337.7288	 3.8094	 1.0000
1950	03	21	1513.1546	 336.3317	 3.8684	 1.0000
1950	03	22	1522.2034	 336.8062	 3.8522	 1.0000
1950	03	23	1529.7649	 337.7936	 3.8069	 1.0000
1950	03	24	1530.7098	 335.3948	 3.8560	 1.0000
1950	03	25	1530.7702	 332.8090	 3.8227	 1.0000
1950	03	26	1539.8252	 334.1361	 3.8494	 1.0000
1950	03	27	1548.3080	 335.3516	 3.7547	 1.0000
1950	03	28	1550.2845	 334.2473	 3.6720	 1.0000
1950	03	29	1557.3737	 335.8597	 3.7724	 1.0000
1950	03	30	1560.3893	 334.6830	 3.8871	 1.0000
1950	03	31	1574.9880	 338.1970	 3.8378	 1.0000
1950	04	01	1587.8394	 340.4783	 4.3531	 1.0000
1950	04	02	1592.9768	 339.9919	 4.4460	 1.0000
1950	04	03	1593.5472	 338.0464	 4.3903	 1.0000
1950	04	04	1593.4499	 335.9702	 4.1879	 1.0000
1950	04	05	1594.0368	 333.9363	 3.4123	 1.0000
1950	04	06	1594.1808	 331.9520	 3.1388	 1.0000
1950	04	07	1595.9023	 331.1918	 3.4073	 1.0000
1950	04	08	1599.0203	 330.5177	 3.3704	 1.0000
1950	04	09	1599.0235	 328.6462	 2.9197	 1.0000
1950	04	10	1599.1255	 326.8874	 2.6881	 1.0000
1950	04	11	1609.2681	 328.0610	 2.1367	 1.0000
1950	04	12	1614.7518	 327.7884	 1.8869	 1.0000
1950	04	13	1615.5935	 326.5433	 1.6795	 1.0000
1950	04	14	1628.2797	 329.0667	 2.0409	 1.0000
1950	04	15	1645.0015	 333.1574	 2.8331	 1.0000
1950	04	16	1657.6357	 336.3960	 3.2261	 1.0000
1950	04	17	1659.8746	 335.7140	 3.2788	 1.0000
1950	04	18	1659.3180	 334.0866	 2.4286	 1.0000
1950	04	19	1657.9917	 332.0421	 0.3579	 1.0000
1950	04	20	1656.0435	 330.0176	 0.2697	 1.0000
1950	04	21	1659.3784	 329.7423	 0.7789	 1.0000
1950	04	22	1665.5289	 330.9771	 1.6340	 1.0000
1950	04	23	1668.2344	 331.1225	 1.7400	 1.0000
1950	04	24	1668.7059	 330.1792	 1.4051	 1.0000
1950	04	25	1667.8831	 328.7489	 1.2569	 1.0000
1950	04	26	1669.0843	 328.3069	 1.3138	 1.0000
1950	04	27	1668.7121	 327.0770	 0.9498	 1.0000
1950	04	28	1665.4052	 325.1358	 0.1139	 1.0000
1950	04	29	1660.5358	 322.9030	 0.0000	 1.0000
1950	04	30	1662.1332	 322.3446	 0.3456	 1.0000
1950	05	01	1660.4135	 320.8450	 0.2280	 1.0000
1950	05	02	1657.9944	 319.2379	 0.1783	 1.0000
1950	05	03	1659.5168	 318.7224	 0.6744	 1.0000
1950	05	04	1659.7363	 317.9586	 0.4721	 1.0000
1950	05	05	1658.7627	 316.9106	 0.5057	 1.0000
1950	05	06	1655.1074	 315.2795	 0.0000	 1.0000
1950	05	07	1650.1313	 313.4022	 0.0000	 1.0000
1950	05	08	1641.9992	 310.8964	 0.0000	 1.0000
1950	05	09	1629.5362	 307.5895	 0.0000	 1.0000
1950	05	10	1613.9790	 303.7436	 0.0000	 1.0000
1950	05	11	1597.3804	 299.7618	 0.0000	 1.0000
1950	05	12	1575.8280	 294.9021	 0.0000	 1.0000
1950	05	13	1555.5972	 290.3400	 0.0000	 1.0000
1950	05	14	1533.4249	 285.4695	 0.0000	 1.0000
1950	05	15	1511.8531	 280.7570	 0.0000	 1.0000
1950	05	16	1501.5045	 278.2791	 0.0824	 1.0000
1950	05	17	1491.6187	 275.8570	 0.1907	 1.0000
1950	05	18	1488.9255	 274.9196	 0.3691	 1.0000
1950	05	19	1482.5997	 273.2118	 0.0394	 1.0000
1950	05	20	1469.2321	 270.1538	 0.0372	 1.0000
1950	05	21	1454.2987	 266.8321	 0.0355	 1.0000
1950	05	22	1441.4685	 263.9322	 0.0130	 1.0000
1950	05	23	1431.8846	 261.7088	 0.0000	 1.0000
1950	05	24	1416.6875	 258.4521	 0.0000	 1.0000
1950	05	25	1395.7602	 254.1444	 0.0000	 1.0000
1950	05	26	1375.4944	 249.9934	 0.0000	 1.0000
1950	05	27	1353.2584	 245.4803	 0.1141	 1.0000
1950	05	28	1344.3199	 243.5209	 0.1758	 1.0000
1950	05	29	1334.7707	 241.4165	 0.2679	 1.0000
1950	05	30	1326.9851	 239.6407	 0.0087	 1.0000
1950	05	31	1307.8479	 235.7941	 0.0000	 0.9931
1950	06	01	1282.2326	 230.7718	 0.0000	 0.9931
1950	06	02	1259.0055	 226.2086	 0.0000	 0.9931
1950	06	03	1229.9497	 220.6187	 0.0000	 0.9806
1950	06	04	1206.6906	 216.0969	 0.0166	 0.9806
1950	06	05	1188.4234	 212.4912	 0.0820	 0.9417
1950	06	06	1180.7841	 210.9046	 0.1727	 0.9417
1950	06	07	1171.5573	 209.0410	 0.2211	 0.9417
1950	06	08	1160.4214	 206.7834	 0.1051	 0.9417
1950	06	09	1146.2240	 203.9609	 0.0053	 0.9417
1950	06	10	1125.9846	 200.0678	 0.0000	 0.9417
1950	06	11	1099.4802	 195.0707	 0.0000	 0.9417
1950	06	12	1068.1159	 189.2150	 0.0000	 0.9417
1950	06	13	1040.9196	 184.1235	 0.0000	 0.9417
1950	06	14	1017.3834	 179.7041	 0.0000	 0.9417
1950	06	15	992.3137	 175.0293	 0.0000	 0.9417
1950	06	16	962.7593	 169.5613	 0.0000	 0.9351
1950	06	17	933.1511	 164.1044	 0.0000	 0.9351
1950	06	18	905.9685	 159.0919	 0.0000	 0.9351
1950	06	19	878.8684	 154.1179	 0.0000	 0.8235
1950	06	20	846.0100	 148.1440	 0.0000	 0.8235
1950	06	21	823.1189	 143.9568	 0.0000	 0.6875
1950	06	22	808.7618	 141.2977	 0.1258	 0.6875
1950	06	23	800.0044	 139.6956	 0.0010	 0.6875
1950	06	24	788.3793	 137.5203	 0.0446	 0.6875
1950	06	25	778.1241	 135.6028	 0.0336	 0.6875
1950	06	26	763.3806	 132.8965	 0.0000	 0.6875
1950	06	27	742.8359	 129.1788	 0.0000	 0.6875
1950	06	28	718.6955	 124.8422	 0.0000	 0.6875
1950	06	29	694.3468	 120.4745	 0.0000	 0.6875
1950	06	30	670.1819	 116.1463	 0.0000	 0.6809
1950	07	01	646.3138	 111.8770	 0.0000	 0.6809
1950	07	02	623.1421	 107.7417	 0.0000	 0.6687
1950	07	03	598.6542	 103.3891	 0.0000	 0.6311
1950	07	04	575.1358	 99.2241	 0.0000	 0.6311
1950	07	05	552.8060	 95.2711	 0.0000	 0.6311
1950	07	06	530.8326	 91.3863	 0.0000	 0.6311
1950	07	07	512.8725	 88.2036	 0.0000	 0.6311
1950	07	08	497.1789	 85.4360	 0.0000	 0.6311
1950	07	09	482.0340	 82.7515	 0.0000	 0.6311
1950	07	10	469.7289	 80.5657	 0.0000	 0.6311
1950	07	11	455.9914	 78.1311	 0.0000	 0.6311
1950	07	12	440.0855	 75.3270	 0.0000	 0.5347
1950	07	13	418.7566	 71.6016	 0.0000	 0.5347
1950	07	14	402.4250	 68.7392	 0.0000	 0.4395
1950	07	15	390.5951	 66.6616	 0.0000	 0.4395
1950	07	16	378.3339	 64.5150	 0.0000	 0.4395
1950	07	17	365.4284	 62.2614	 0.0000	 0.4395
1950	07	18	352.3091	 59.9872	 0.0000	 0.4395
1950	07	19	340.6668	 57.9545	 0.0000	 0.4329
1950	07	20	329.2567	 55.9711	 0.0000	 0.4329
1950	07	21	316.2540	 53.7141	 0.0000	 0.4329
1950	07	22	301.8060	 51.2130	 0.0000	 0.4207
1950	07	23	288.4493	 48.9014	 0.0000	 0.4207
1950	07	24	274.1502	 46.4331	 0.0000	 0.3831
1950	07	25	262.3620	 44.4009	 0.0000	 0.3831
1950	07	26	251.9910	 42.6123	 0.0000	 0.3831
1950	07	27	242.5815	 40.9895	 0.0000	 0.3831
1950	07	28	235.4486	 39.7581	 0.0000	 0.3831
1950	07	29	229.3760	 38.7054	 0.0000	 0.3831
1950	07	30	222.0558	 37.4410	 0.0000	 0.3831
1950	07	31	212.1175	 35.7317	 0.0000	 0.3831
1950	08	01	199.1247	 33.5047	 0.0000	 0.3831
1950	08	02	189.3947	 31.8347	 0.0000	 0.2867
1950	08	03	183.4783	 30.8191	 0.0000	 0.2867
1950	08	04	179.9139	 30.2196	 0.0000	 0.2867
1950	08	05	176.1318	 29.5813	 0.0000	 0.2867
1950	08	06	171.8542	 28.8382	 0.0000	 0.1915
1950	08	07	168.5395	 28.2731	 0.0024	 0.1915
1950	08	08	165.8501	 27.8121	 0.0000	 0.1915
1950	08	09	162.2110	 27.1918	 0.0000	 0.1915
1950	08	10	157.9127	 26.4618	 0.0000	 0.1915
1950	08	11	153.5606	 25.7236	 0.0000	 0.1915
1950	08	12	148.9637	 24.9452	 0.0000	 0.1915
1950	08	13	145.3017	 24.3310	 0.0000	 0.1915
1950	08	14	140.5308	 23.5246	 0.0000	 0.1915
1950	08	15	136.6730	 22.8719	 0.0000	 0.1915
1950	08	16	133.3785	 22.3193	 0.0000	 0.1915
1950	08	17	129.3741	 21.6430	 0.0000	 0.1915
1950	08	18	124.6577	 20.8482	 0.0000	 0.1915
1950	08	19	119.9215	 20.0507	 0.0000	 0.1915
1950	08	20	114.2763	 19.1020	 0.0000	 0.1915
1950	08	21	108.9150	 18.2014	 0.0000	 0.1915
1950	08	22	103.7697	 17.3375	 0.0000	 0.1915
1950	08	23	99.7601	 16.6639	 0.0000	 0.1915
1950	08	24	96.7200	 16.1541	 0.0000	 0.1915
1950	08	25	93.3146	 15.5822	 0.0000	 0.1915
1950	08	26	89.0558	 14.8681	 0.0000	 0.1915
1950	08	27	84.7840	 14.1522	 0.0000	 0.1915
1950	08	28	79.9341	 13.3403	 0.0000	 0.1915
1950	08	29	75.6550	 12.6240	 0.0000	 0.1915
1950	08	30	72.2189	 12.0487	 0.0000	 0.1915
1950	08	31	68.2306	 11.3816	 0.0000	 0.1915
1950	09	01	62.9287	 10.4956	 0.0000	 0.1915
1950	09	02	57.8672	 9.6502	 0.0000	 0.1915
1950	09	03	52.9935	 8.8363	 0.0000	 0.1915
1950	09	04	48.6735	 8.1151	 0.0000	 0.1915
1950	09	05	44.9135	 7.4874	 0.0000	 0.1915
1950	09	06	41.4563	 6.9104	 0.0000	 0.1915
1950	09	07	39.1023	 6.5175	 0.0000	 0.1915
1950	09	08	36.1740	 6.0289	 0.0000	 0.1915
1950	09	09	32.9815	 5.4964	 0.0000	 0.1915
1950	09	10	29.9605	 4.9926	 0.0000	 0.1915
1950	09	11	27.3229	 4.5528	 0.0000	 0.1915
1950	09	12	23.5200	 3.9188	 0.0000	 0.1915
1950	09	13	20.4768	 3.4116	 0.0000	 0.1915
1950	09	14	18.1544	 3.0245	 0.0000	 0.1915
1950	09	15	14.2069	 2.3666	 0.0000	 0.1915
1950	09	16	11.8221	 1.9692	 0.0000	 0.1915
1950	09	17	9.0535	 1.5079	 0.0000	 0.1915
1950	09	18	5.4822	 0.9129	 0.0000	 0.1915
1950	09	19	2.4959	 0.4154	 0.0000	 0.0952
1950	09	20	0.8679	 0.1444	 0.0000	 0.0952
1950	09	21	0.0000	 0.0000	 0.0000	 0.0000
1950	09	22	0.0000	 0.0000	 0.0000	 0.0000
1950	09	23	0.0000	 0.0000	 0.0000	 0.0000
1950	09	24	0.0000	 0.0000	 0.0000	 0.0000
1950	09	25	0.1615	 0.1046	 0.1974	 0.2480
1950	09	26	0.5733	 0.3299	 0.1805	 0.2480
1950	09	27	0.8916	 0.5182	 0.2253	 0.4960
1950	09	28	0.9425	 0.5301	 0.2501	 0.4960
1950	09	29	0.0000	 0.0000	 0.0000	 0.0000
1950	09	30	0.0018	 0.0017	 0.1690	 0.2480
1950	10	01	0.0108	 0.0116	 0.2330	 0.3997
1950	10	02	0.0023	 0.0026	 0.1893	 0.2480
1950	10	03	1.7264	 1.2043	 1.0610	 0.4960
1950	10	04	5.3701	 3.1611	 0.9091	 0.4960
1950	10	05	9.6402	 4.8174	 1.0652	 0.4960
1950	10	06	12.4531	 5.9080	 0.8250	 0.4960
1950	10	07	14.9737	 6.5905	 0.9340	 0.4960
1950	10	08	16.0200	 6.7711	 0.7615	 0.4960
1950	10	09	35.5586	 15.0708	 2.5573	 0.7440
1950	10	10	42.6576	 17.2455	 1.5415	 0.7440
1950	10	11	44.7096	 17.3116	 1.1289	 0.7440
1950	10	12	43.4323	 15.9474	 0.3767	 0.5336
1950	10	13	43.3010	 15.2950	 0.0649	 0.4960
1950	10	14	42.6695	 14.6125	 0.2597	 0.4960
1950	10	15	42.3177	 14.2551	 0.0000	 0.4960
1950	10	16	42.3994	 14.0843	 0.0964	 0.4960
1950	10	17	45.5950	 15.3420	 1.0866	 0.4960
1950	10	18	51.2888	 17.3637	 1.3377	 0.4960
1950	10	19	55.6077	 18.8259	 1.6609	 0.7440
1950	10	20	57.5726	 19.3576	 1.7585	 0.7440
1950	10	21	57.5307	 18.9978	 1.6502	 0.4960
1950	10	22	57.8054	 18.8860	 1.7207	 0.4960
1950	10	23	58.4348	 18.9616	 1.9474	 0.4960
1950	10	24	73.7937	 27.0816	 3.1651	 1.0000
1950	10	25	83.2652	 30.3705	 4.3494	 1.0000
1950	10	26	100.0040	 37.0347	 4.4957	 1.0000
1950	10	27	123.8904	 44.5356	 4.6035	 1.0000
1950	10	28	136.6280	 47.7852	 4.8200	 1.0000
1950	10	29	139.7123	 47.5420	 5.0326	 1.0000
1950	10	30	142.2107	 47.3795	 5.0438	 1.0000
1950	10	31	159.4625	 54.2948	 4.8865	 1.0000
1950	11	01	173.0369	 58.9056	 4.2516	 1.0000
1950	11	02	177.4545	 58.8671	 4.2500	 1.0000
1950	11	03	181.3809	 58.5654	 4.1204	 1.0000
1950	11	04	189.7525	 60.0394	 3.9200	 1.0000
1950	11	05	193.5995	 60.1154	 4.0241	 1.0000
1950	11	06	195.0503	 59.5505	 4.2579	 1.0000
1950	11	07	195.6734	 58.8596	 4.2842	 1.0000
1950	11	08	195.6663	 58.1605	 4.2595	 1.0000
1950	11	09	195.6124	 57.5874	 4.2181	 1.0000
1950	11	10	195.5870	 57.0265	 4.2099	 1.0000
1950	11	11	196.3674	 56.9643	 4.2129	 1.0000
1950	11	12	196.5562	 56.6808	 4.1301	 1.0000
1950	11	13	199.3618	 58.5912	 4.2152	 1.0000
1950	11	14	207.4983	 64.4814	 4.1905	 1.0000
1950	11	15	228.6917	 77.9236	 4.0563	 1.0000
1950	11	16	240.4848	 81.1779	 4.1406	 1.0000
1950	11	17	250.6102	 84.5692	 4.1178	 1.0000
1950	11	18	253.6889	 84.7690	 4.0966	 1.0000
1950	11	19	280.1831	 103.0481	 4.0831	 1.0000
1950	11	20	322.0474	 120.2806	 4.0729	 1.0000
1950	11	21	352.2094	 123.2570	 4.2159	 1.0000
1950	11	22	366.9330	 120.0414	 4.2899	 1.0000
1950	11	23	402.6805	 126.9723	 4.2126	 1.0000
1950	11	24	436.6144	 133.7034	 4.1371	 1.0000
1950	11	25	468.9245	 139.9581	 4.3033	 1.0000
1950	11	26	487.9926	 141.8115	 4.1631	 1.0000
1950	11	27	491.9386	 139.2976	 4.3420	 1.0000
1950	11	28	494.1564	 137.9894	 4.3626	 1.0000
1950	11	29	501.4817	 140.4526	 4.3743	 1.0000
1950	11	30	508.7690	 142.9496	 4.3230	 1.0000
1950	12	01	509.7624	 141.5709	 4.0542	 1.0000
1950	12	02	511.7656	 141.1431	 4.0262	 1.0000
1950	12	03	512.7319	 139.8875	 3.9998	 1.0000
1950	12	04	512.8958	 138.1965	 4.0020	 1.0000
1950	12	05	532.3697	 150.5103	 3.9291	 1.0000
1950	12	06	548.5264	 160.1579	 3.8971	 1.0000
1950	12	07	554.3247	 159.7718	 3.8726	 1.0000
1950	12	08	560.2325	 159.0135	 3.8485	 1.0000
1950	12	09	582.2990	 165.6010	 3.9627	 1.0000
1950	12	10	592.4628	 165.2431	 4.0618	 1.0000
1950	12	11	593.6800	 161.7742	 4.0872	 1.0000
1950	12	12	594.8929	 159.3219	 4.1109	 1.0000
1950	12	13	596.8444	 158.5636	 4.1110	 1.0000
1950	12	14	607.9949	 164.1901	 4.0790	 1.0000
1950	12	15	618.4548	 167.1327	 4.0838	 1.0000
1950	12	16	633.6932	 171.8498	 4.0957	 1.0000
1950	12	17	639.5850	 171.2950	 4.1015	 1.0000
1950	12	18	647.8774	 171.8970	 4.0980	 1.0000
1950	12	19	662.3526	 175.0585	 4.0848	 1.0000
1950	12	20	676.5357	 177.1163	 4.1615	 1.0000
1950	12	21	689.9950	 178.6952	 4.0496	 1.0000
1950	12	22	706.0532	 181.1681	 4.0408	 1.0000
1950	12	23	722.6510	 184.0621	 4.0793	 1.0000
1950	12	24	742.0254	 187.7403	 4.0744	 1.0000
1950	12	25	753.1833	 189.6124	 4.0854	 1.0000
1950	12	26	760.3415	 190.0646	 4.1587	 1.0000
1950	12	27	770.4942	 192.7270	 4.1140	 1.0000
1950	12	28	774.3264	 192.2878	 4.1535	 1.0000
1950	12	29	779.3350	 192.3126	 4.1414	 1.0000
1950	12	30	781.5462	 191.1022	 4.1100	 1.0000
1950	12	31	792.9183	 193.9955	 4.1137	 1.0000
1951	01	01	814.0857	 200.7329	 3.8486	 1.0000
1951	01	02	850.9918	 215.5387	 3.8083	 1.0000
1951	01	03	865.2741	 219.3418	 3.7265	 1.0000
1951	01	04	868.5791	 217.8663	 3.7022	 1.0000
1951	01	05	869.6269	 216.1240	 3.7057	 1.0000
1951	01	06	869.7003	 214.1538	 3.7189	 1.0000
1951	01	07	871.5785	 213.8990	 3.6739	 1.0000
1951	01	08	872.6249	 213.1601	 3.6756	 1.0000
1951	01	09	875.6441	 214.0030	 3.6781	 1.0000
1951	01	10	878.2764	 213.7904	 3.6550	 1.0000
1951	01	11	878.4317	 211.8487	 3.6387	 1.0000
1951	01	12	904.4400	 224.5581	 3.7631	 1.0000
1951	01	13	939.2960	 239.8642	 3.6670	 1.0000
1951	01	14	981.9443	 255.9105	 3.7707	 1.0000
1951	01	15	1020.5709	 269.0437	 3.6090	 1.0000
1951	01	16	1061.1633	 283.8939	 3.6311	 1.0000
1951	01	17	1077.4611	 286.7139	 3.5032	 1.0000
1951	01	18	1082.5092	 284.5317	 3.4900	 1.0000
1951	01	19	1102.3245	 292.8693	 3.4660	 1.0000
1951	01	20	1136.0623	 306.8005	 3.4316	 1.0000
1951	01	21	1153.8905	 307.3683	 3.2988	 1.0000
1951	01	22	1158.8349	 301.8617	 3.2630	 1.0000
1951	01	23	1173.2756	 302.2464	 3.2274	 1.0000
1951	01	24	1197.0649	 305.8820	 3.5776	 1.0000
1951	01	25	1222.7969	 308.9268	 3.5442	 1.0000
1951	01	26	1229.9006	 307.9794	 3.3880	 1.0000
1951	01	27	1229.8150	 305.2490	 3.3497	 1.0000
1951	01	28	1229.5542	 303.5033	 3.2813	 1.0000
1951	01	29	1229.5488	 302.0435	 3.2875	 1.0000
1951	01	30	1229.5674	 300.6217	 3.2980	 1.0000
1951	01	31	1232.7579	 302.9877	 3.2852	 1.0000
1951	02	01	1268.7002	 342.9911	 3.2196	 1.0000
1951	02	02	1308.9677	 369.0715	 3.1278	 1.0000
1951	02	03	1326.7109	 366.2629	 3.0516	 1.0000
1951	02	04	1329.1810	 356.0185	 3.1025	 1.0000
1951	02	05	1330.2404	 347.3292	 3.0811	 1.0000
1951	02	06	1345.5923	 349.5936	 3.1523	 1.0000
1951	02	07	1385.8012	 360.2003	 3.1213	 1.0000
1951	02	08	1473.0596	 381.4379	 3.2956	 1.0000
1951	02	09	1589.1969	 403.3958	 3.1624	 1.0000
1951	02	10	1659.5212	 406.3682	 3.5063	 1.0000
1951	02	11	1671.5074	 401.7955	 3.4596	 1.0000
1951	02	12	1672.4697	 396.7507	 3.4816	 1.0000
1951	02	13	1672.3536	 392.3564	 3.4607	 1.0000
1951	02	14	1675.8618	 390.4691	 3.4321	 1.0000
1951	02	15	1677.9251	 387.3447	 3.4618	 1.0000
1951	02	16	1677.9679	 383.5708	 3.4697	 1.0000
1951	02	17	1679.3489	 380.3675	 3.4993	 1.0000
1951	02	18	1682.9203	 378.2908	 3.4780	 1.0000
1951	02	19	1701.2253	 383.0552	 3.4429	 1.0000
1951	02	20	1713.2802	 385.7299	 3.4014	 1.0000
1951	02	21	1713.2818	 382.2341	 3.3868	 1.0000
1951	02	22	1712.9441	 378.9606	 3.2482	 1.0000
1951	02	23	1712.8552	 376.3136	 3.2356	 1.0000
1951	02	24	1714.7880	 375.1837	 3.2468	 1.0000
1951	02	25	1715.5702	 373.5581	 3.1903	 1.0000
1951	02	26	1715.5477	 371.6749	 3.1561	 1.0000
1951	02	27	1715.5162	 369.9804	 3.1377	 1.0000
1951	02	28	1715.5090	 368.3925	 3.1395	 1.0000
1951	03	01	1715.5015	 366.8292	 3.1430	 1.0000
1951	03	02	1716.6263	 366.2537	 3.0981	 1.0000
1951	03	03	1746.5394	 386.2804	 3.0375	 1.0000
1951	03	04	1763.3306	 395.6582	 2.8438	 1.0000
1951	03	05	1769.3323	 398.1565	 2.6664	 1.0000
1951	03	06	1772.3677	 398.6062	 2.6115	 1.0000
1951	03	07	1778.4284	 402.3331	 2.5995	 1.0000
1951	03	08	1786.5199	 406.2662	 2.5695	 1.0000
1951	03	09	1793.0053	 408.7900	 2.4842	 1.0000
1951	03	10	1796.8389	 409.6350	 2.4455	 1.0000
1951	03	11	1813.4719	 421.9200	 2.4280	 1.0000
1951	03	12	1832.2500	 429.3695	 2.3933	 1.0000
1951	03	13	1839.3556	 427.6481	 2.3876	 1.0000
1951	03	14	1863.8096	 428.5438	 2.6954	 1.0000
1951	03	15	1890.1010	 431.5290	 2.9653	 1.0000
1951	03	16	1911.7053	 437.7399	 2.9536	 1.0000
1951	03	17	1911.8220	 432.8842	 2.9324	 1.0000
1951	03	18	1911.8627	 428.4051	 2.8517	 1.0000
1951	03	19	1911.8104	 423.6352	 2.8394	 1.0000
1951	03	20	1912.0309	 418.8150	 2.7412	 1.0000
1951	03	21	1915.5710	 415.2758	 3.0845	 1.0000
1951	03	22	1916.9443	 411.8170	 3.0964	 1.0000
1951	03	23	1916.9916	 408.2928	 3.0016	 1.0000
1951	03	24	1916.9445	 404.9524	 2.9871	 1.0000
1951	03	25	1917.1730	 401.8968	 2.9471	 1.0000
1951	03	26	1918.0071	 399.2053	 3.0992	 1.0000
1951	03	27	1918.5096	 396.8318	 3.0346	 1.0000
1951	03	28	1922.5528	 396.1024	 3.2415	 1.0000
1951	03	29	1924.8095	 394.8635	 3.3061	 1.0000
1951	03	30	1924.7878	 392.9871	 3.0983	 1.0000
1951	03	31	1924.7554	 390.9402	 2.9110	 1.0000
1951	04	01	1925.2206	 388.8887	 2.2983	 1.0000
1951	04	02	1925.2905	 386.7501	 1.3629	 1.0000
1951	04	03	1924.2612	 384.3503	 0.5756	 1.0000
1951	04	04	1922.9175	 381.9564	 0.1021	 1.0000
1951	04	05	1920.4730	 379.4262	 0.0000	 1.0000
1951	04	06	1916.2797	 376.7165	 0.0000	 1.0000
1951	04	07	1911.3800	 373.9933	 0.0000	 1.0000
1951	04	08	1905.0631	 371.0616	 0.0000	 1.0000
1951	04	09	1898.1476	 368.1686	 0.0000	 1.0000
1951	04	10	1890.7911	 365.3122	 0.0000	 1.0000
1951	04	11	1880.1241	 361.8285	 0.0000	 1.0000
1951	04	12	1867.2725	 357.9435	 0.0000	 1.0000
1951	04	13	1851.9362	 353.6886	 0.0000	 1.0000
1951	04	14	1835.8244	 349.4037	 0.0000	 1.0000
1951	04	15	1819.4675	 345.1306	 0.0000	 1.0000
1951	04	16	1799.5878	 340.2131	 0.0000	 1.0000
1951	04	17	1778.0190	 335.0424	 0.0000	 1.0000
1951	04	18	1758.9948	 330.4676	 0.0000	 1.0000
1951	04	19	1751.7140	 328.3489	 0.0000	 1.0000
1951	04	20	1743.5943	 326.1104	 0.0000	 1.0000
1951	04	21	1730.3772	 322.8712	 0.0000	 1.0000
1951	04	22	1713.5145	 318.9126	 0.0000	 1.0000
1951	04	23	1697.3123	 315.1374	 0.0000	 1.0000
1951	04	24	1676.6513	 310.5460	 0.0000	 1.0000
1951	04	25	1648.7780	 304.6147	 0.0000	 1.0000
1951	04	26	1636.3212	 301.5957	 0.0115	 1.0000
1951	04	27	1634.3595	 300.9676	 0.3484	 1.0000
1951	04	28	1632.7254	 300.3045	 0.5360	 1.0000
1951	04	29	1627.9552	 298.8458	 0.1902	 1.0000
1951	04	30	1624.3167	 297.6050	 0.0244	 1.0000
1951	05	01	1618.3056	 295.9118	 0.0000	 1.0000
1951	05	02	1608.4635	 293.5328	 0.0000	 1.0000
1951	05	03	1591.8242	 289.9029	 0.0000	 1.0000
1951	05	04	1575.2596	 286.3157	 0.0386	 1.0000
1951	05	05	1559.5380	 282.9323	 0.0429	 1.0000
1951	05	06	1540.5641	 278.9345	 0.0462	 1.0000
1951	05	07	1522.1576	 275.0803	 0.1087	 1.0000
1951	05	08	1505.2774	 271.4980	 0.1195	 1.0000
1951	05	09	1481.8845	 266.7895	 0.0000	 1.0000
1951	05	10	1455.7209	 261.7991	 0.1142	 0.9931
1951	05	11	1432.0386	 257.3789	 0.2991	 0.9931
1951	05	12	1426.1868	 256.1833	 0.3700	 0.9806
1951	05	13	1407.7552	 252.3991	 0.0000	 0.9806
1951	05	14	1390.2237	 248.8137	 0.0055	 0.9417
1951	05	15	1366.0376	 244.0791	 0.0000	 0.9417
1951	05	16	1344.5837	 239.8524	 0.0000	 0.9417
1951	05	17	1321.9322	 235.4175	 0.0071	 0.9417
1951	05	18	1308.3900	 232.6424	 0.0037	 0.9417
1951	05	19	1290.1403	 229.0559	 0.0000	 0.9417
1951	05	20	1268.5640	 224.8773	 0.0000	 0.9417
1951	05	21	1240.9853	 219.6467	 0.0000	 0.9417
1951	05	22	1211.5736	 214.1083	 0.0000	 0.9417
1951	05	23	1181.6548	 208.4881	 0.1277	 0.9351
1951	05	24	1175.7185	 207.3903	 0.3729	 0.9351
1951	05	25	1168.9217	 206.0797	 0.2656	 0.9417
1951	05	26	1151.0337	 202.7508	 0.0000	 0.9229
1951	05	27	1138.0366	 200.2323	 0.1525	 0.9229
1951	05	28	1133.2201	 199.2402	 0.2148	 0.9229
1951	05	29	1129.7872	 198.5120	 0.1809	 0.9229
1951	05	30	1124.2402	 197.3411	 0.0399	 0.9229
1951	05	31	1111.7159	 194.9026	 0.0000	 0.9229
1951	06	01	1093.2068	 191.3926	 0.0000	 0.8852
1951	06	02	1065.8385	 186.3472	 0.0000	 0.8852
1951	06	03	1045.7786	 182.6198	 0.0193	 0.8852
1951	06	04	1027.9708	 179.3310	 0.0683	 0.8852
1951	06	05	1015.1310	 176.9281	 0.0834	 0.8852
1951	06	06	1001.3135	 174.3673	 0.1038	 0.8852
1951	06	07	988.9937	 172.0211	 0.0500	 0.8852
1951	06	08	974.4913	 169.2922	 0.0137	 0.8852
1951	06	09	947.0643	 164.3107	 0.0000	 0.8852
1951	06	10	921.6228	 159.6749	 0.0000	 0.8852
1951	06	11	897.4367	 155.2685	 0.0000	 0.7870
1951	06	12	877.5180	 151.6280	 0.0000	 0.6875
1951	06	13	860.1288	 148.4490	 0.0000	 0.6875
1951	06	14	839.3346	 144.6874	 0.0000	 0.6875
1951	06	15	817.9213	 140.8193	 0.0000	 0.6875
1951	06	16	798.7432	 137.3505	 0.0000	 0.6875
1951	06	17	778.3901	 133.6833	 0.0000	 0.6875
1951	06	18	758.7036	 130.1411	 0.0000	 0.6809
1951	06	19	740.3700	 126.8420	 0.0000	 0.6687
1951	06	20	722.2729	 123.5963	 0.0000	 0.6687
1951	06	21	699.4448	 119.5521	 0.0000	 0.6311
1951	06	22	678.0935	 115.7822	 0.0000	 0.6311
1951	06	23	657.9212	 112.2144	 0.0000	 0.6311
1951	06	24	645.9792	 110.0801	 0.0000	 0.6311
1951	06	25	622.9541	 106.0492	 0.0000	 0.6311
1951	06	26	605.5642	 102.9853	 0.0000	 0.6311
1951	06	27	588.0252	 99.9003	 0.0000	 0.6311
1951	06	28	568.6056	 96.4963	 0.0000	 0.6311
1951	06	29	548.7143	 93.0160	 0.0000	 0.6311
1951	06	30	524.6098	 88.8218	 0.0000	 0.6311
1951	07	01	507.4004	 85.8160	 0.0000	 0.6311
1951	07	02	491.3219	 83.0067	 0.0000	 0.6311
1951	07	03	473.5824	 79.9175	 0.0000	 0.6311
1951	07	04	462.3000	 77.9614	 0.0244	 0.5359
1951	07	05	458.3496	 77.3419	 0.0630	 0.4395
1951	07	06	452.2418	 76.3258	 0.0383	 0.4395
1951	07	07	446.1276	 75.2440	 0.0000	 0.4395
1951	07	08	437.1815	 73.6702	 0.0000	 0.4395
1951	07	09	427.1278	 71.9066	 0.0000	 0.4395
1951	07	10	418.0001	 70.2997	 0.0000	 0.4329
1951	07	11	406.8697	 68.3622	 0.0000	 0.4329
1951	07	12	393.2800	 66.0035	 0.0000	 0.4329
1951	07	13	378.0178	 63.3776	 0.0000	 0.4207
1951	07	14	364.2247	 61.0036	 0.0000	 0.3831
1951	07	15	353.1322	 59.1075	 0.0000	 0.3831
1951	07	16	341.7914	 57.1720	 0.0000	 0.3831
1951	07	17	329.1889	 55.0266	 0.0000	 0.3831
1951	07	18	317.6465	 53.0615	 0.0000	 0.3831
1951	07	19	308.6391	 51.5244	 0.0000	 0.3831
1951	07	20	300.3934	 50.1160	 0.0000	 0.3831
1951	07	21	290.5574	 48.4425	 0.0000	 0.3831
1951	07	22	277.8646	 46.2918	 0.0000	 0.3831
1951	07	23	264.7345	 44.0695	 0.0000	 0.3831
1951	07	24	252.9805	 42.0796	 0.0000	 0.3831
1951	07	25	242.4002	 40.2880	 0.0000	 0.3831
1951	07	26	231.0804	 38.3741	 0.0000	 0.3831
1951	07	27	220.1499	 36.5264	 0.0000	 0.3831
1951	07	28	208.8310	 34.6149	 0.0000	 0.3831
1951	07	29	197.6446	 32.7266	 0.0000	 0.3831
1951	07	30	186.6464	 30.8717	 0.0000	 0.2867
1951	07	31	181.1589	 29.9529	 0.0000	 0.1915
1951	08	01	175.6194	 29.0273	 0.0000	 0.1915
1951	08	02	169.9318	 28.0781	 0.0000	 0.1915
1951	08	03	164.3225	 27.1429	 0.0000	 0.1915
1951	08	04	159.2255	 26.2931	 0.0000	 0.1915
1951	08	05	154.2235	 25.4597	 0.0000	 0.1915
1951	08	06	149.5451	 24.6805	 0.0000	 0.1915
1951	08	07	144.7390	 23.8809	 0.0000	 0.1915
1951	08	08	139.6393	 23.0335	 0.0000	 0.1915
1951	08	09	134.5151	 22.1827	 0.0000	 0.1915
1951	08	10	129.4909	 21.3490	 0.0000	 0.1915
1951	08	11	124.9636	 20.5979	 0.0000	 0.1915
1951	08	12	120.9956	 19.9394	 0.0000	 0.1915
1951	08	13	116.7342	 19.2331	 0.0000	 0.1915
1951	08	14	110.6247	 18.2227	 0.0000	 0.1915
1951	08	15	105.0607	 17.3029	 0.0000	 0.1915
1951	08	16	99.7174	 16.4198	 0.0000	 0.1915
1951	08	17	94.5738	 15.5702	 0.0000	 0.1915
1951	08	18	89.4924	 14.7312	 0.0000	 0.1915
1951	08	19	84.6154	 13.9262	 0.0000	 0.1915
1951	08	20	79.4200	 13.0692	 0.0000	 0.1915
1951	08	21	72.9324	 12.0000	 0.0000	 0.1915
1951	08	22	67.9844	 11.1845	 0.0000	 0.1915
1951	08	23	65.3413	 10.7749	 0.0000	 0.1915
1951	08	24	63.9141	 10.5566	 0.0000	 0.1915
1951	08	25	60.8842	 10.0550	 0.0000	 0.1915
1951	08	26	57.2692	 9.4570	 0.0000	 0.1915
1951	08	27	55.4401	 9.2413	 0.0000	 0.1915
1951	08	28	54.0258	 9.0856	 0.0231	 0.2480
1951	08	29	53.3417	 9.0382	 0.0000	 0.1915
1951	08	30	51.7933	 8.8140	 0.0011	 0.2480
1951	08	31	49.7556	 8.4664	 0.0652	 0.1915
1951	09	01	46.7483	 7.9737	 0.0000	 0.1915
1951	09	02	43.7874	 7.4677	 0.0000	 0.1915
1951	09	03	41.3886	 7.0578	 0.0000	 0.1915
1951	09	04	38.8067	 6.6168	 0.0000	 0.1915
1951	09	05	35.9177	 6.1236	 0.0000	 0.1915
1951	09	06	32.9628	 5.6674	 0.0000	 0.1915
1951	09	07	29.0261	 4.9900	 0.0000	 0.1915
1951	09	08	26.3047	 4.5421	 0.0000	 0.1915
1951	09	09	23.5074	 4.0602	 0.0000	 0.1915
1951	09	10	22.2435	 3.8599	 0.0000	 0.1915
1951	09	11	21.4266	 3.7325	 0.0193	 0.1915
1951	09	12	19.5194	 3.4083	 0.0000	 0.1915
1951	09	13	17.5512	 3.0643	 0.0000	 0.1915
1951	09	14	14.9123	 2.6034	 0.0000	 0.1915
1951	09	15	12.2143	 2.1322	 0.0000	 0.1915
1951	09	16	8.9946	 1.5700	 0.0000	 0.1915
1951	09	17	5.1556	 0.8997	 0.0000	 0.1915
1951	09	18	1.2674	 0.2208	 0.0000	 0.1915
1951	09	19	0.0000	 0.0000	 0.0000	 0.0000
1951	09	20	0.0000	 0.0000	 0.0000	 0.0000
1951	09	21	0.0000	 0.0000	 0.0000	 0.0000
1951	09	22	0.0000	 0.0000	 0.0000	 0.0000
1951	09	23	0.0000	 0.0000	 0.0000	 0.0000
1951	09	24	0.0000	 0.0000	 0.0000	 0.0000
1951	09	25	0.0844	 0.0672	 0.1768	 0.1528
1951	09	26	0.0000	 0.0000	 0.0296	 0.0376
1951	09	27	0.1308	 0.0934	 0.0955	 0.2480
1951	09	28	0.4385	 0.2473	 0.0682	 0.2480
1951	09	29	0.2739	 0.1363	 0.0000	 0.2414
1951	09	30	0.0000	 0.0000	 0.0000	 0.0000
1951	10	01	0.0000	 0.0000	 0.0000	 0.0000
1951	10	02	0.0000	 0.0000	 0.0000	 0.0000
1951	10	03	0.0244	 0.0166	 0.0490	 0.2480
1951	10	04	0.0011	 0.0008	 0.0470	 0.0565
1951	10	05	0.0193	 0.0126	 0.0140	 0.0565
1951	10	06	0.0000	 0.0000	 0.0000	 0.0000
1951	10	07	0.0042	 0.0031	 0.0346	 0.2480
1951	10	08	0.0000	 0.0000	 0.0000	 0.0000
1951	10	09	0.0000	 0.0000	 0.0000	 0.0000
1951	10	10	0.0000	 0.0000	 0.0000	 0.0000
1951	10	11	0.0000	 0.0000	 0.0000	 0.0000
1951	10	12	0.1057	 0.0743	 0.1017	 0.2480
1951	10	13	1.1257	 0.6259	 0.3841	 0.3045
1951	10	14	3.9138	 2.2097	 1.0439	 0.5525
1951	10	15	7.4772	 4.2183	 1.5434	 0.7440
1951	10	16	8.6897	 4.8031	 1.7810	 0.7440
1951	10	17	13.2889	 7.3770	 2.1843	 0.9417
1951	10	18	27.9119	 13.5877	 2.8458	 0.9806
1951	10	19	44.8154	 19.9531	 3.2290	 0.8949
1951	10	20	50.5154	 20.8654	 2.8019	 0.7829
1951	10	21	51.0650	 20.2611	 2.8879	 0.7440
1951	10	22	67.8416	 27.1198	 3.6873	 1.0000
1951	10	23	75.2589	 29.8432	 4.4646	 1.0000
1951	10	24	75.5170	 28.9588	 4.5186	 1.0000
1951	10	25	75.5474	 28.2317	 4.5280	 1.0000
1951	10	26	75.4727	 27.6333	 4.5469	 1.0000
1951	10	27	75.1828	 26.9747	 4.5856	 1.0000
1951	10	28	77.8357	 27.4511	 4.4712	 1.0000
1951	10	29	78.8278	 27.4116	 4.6348	 0.9931
1951	10	30	79.4094	 27.4647	 4.6863	 0.9931
1951	10	31	79.3972	 27.1393	 4.6741	 0.9931
1951	11	01	79.9035	 27.4256	 4.1004	 0.9806
1951	11	02	89.2109	 33.5838	 4.2963	 1.0000
1951	11	03	102.6898	 40.0815	 4.2426	 1.0000
1951	11	04	105.4953	 39.3962	 4.3093	 1.0000
1951	11	05	105.5615	 38.2799	 4.2662	 1.0000
1951	11	06	105.5873	 37.3148	 4.2545	 1.0000
1951	11	07	106.5712	 36.9681	 4.3338	 1.0000
1951	11	08	107.2756	 36.5432	 4.3574	 1.0000
1951	11	09	115.0333	 39.0644	 4.1979	 1.0000
1951	11	10	131.6426	 44.8248	 4.1030	 1.0000
1951	11	11	154.1144	 53.0975	 4.2242	 1.0000
1951	11	12	174.1155	 60.4410	 4.2588	 1.0000
1951	11	13	183.3257	 62.6288	 4.2510	 1.0000
1951	11	14	184.6073	 61.4842	 4.2319	 1.0000
1951	11	15	184.8244	 60.3718	 4.2349	 1.0000
1951	11	16	184.7451	 59.3686	 4.2123	 1.0000
1951	11	17	184.5722	 58.4080	 4.1545	 1.0000
1951	11	18	184.4631	 57.5655	 4.1289	 1.0000
1951	11	19	184.3461	 56.7043	 4.0378	 1.0000
1951	11	20	184.5258	 56.1006	 4.0466	 1.0000
1951	11	21	184.6540	 55.5533	 4.0570	 1.0000
1951	11	22	184.6923	 55.0961	 4.0761	 1.0000
1951	11	23	184.7383	 54.7041	 4.0963	 1.0000
1951	11	24	187.8120	 56.6291	 4.0960	 1.0000
1951	11	25	211.5435	 71.2440	 4.0069	 1.0000
1951	11	26	233.2938	 79.9842	 4.1500	 1.0000
1951	11	27	251.8359	 86.3144	 4.1584	 1.0000
1951	11	28	279.6093	 94.0467	 4.2339	 1.0000
1951	11	29	302.0124	 99.9717	 4.1843	 1.0000
1951	11	30	326.5015	 107.1394	 4.1601	 1.0000
1951	12	01	339.1609	 108.3949	 3.9865	 1.0000
1951	12	02	348.2418	 109.4818	 4.0130	 1.0000
1951	12	03	363.9668	 114.3497	 3.9536	 1.0000
1951	12	04	371.0637	 114.6929	 3.8605	 1.0000
1951	12	05	372.6758	 112.4382	 3.7278	 1.0000
1951	12	06	372.9562	 110.4409	 3.6447	 1.0000
1951	12	07	372.9826	 108.9514	 3.6539	 1.0000
1951	12	08	373.1343	 107.6447	 3.6350	 1.0000
1951	12	09	374.0135	 107.1479	 3.6402	 1.0000
1951	12	10	374.5094	 106.1716	 3.6545	 1.0000
1951	12	11	375.0709	 105.0664	 3.6602	 1.0000
1951	12	12	375.3848	 103.8129	 3.6454	 1.0000
1951	12	13	375.4330	 102.7739	 3.6417	 1.0000
1951	12	14	377.3799	 103.6539	 3.6398	 1.0000
1951	12	15	386.7515	 110.3286	 3.5997	 1.0000
1951	12	16	391.6494	 112.4419	 3.5439	 1.0000
1951	12	17	411.2806	 123.3657	 3.5042	 1.0000
1951	12	18	425.0976	 130.7295	 3.3067	 1.0000
1951	12	19	426.3300	 129.0811	 3.2678	 1.0000
1951	12	20	438.3701	 140.8082	 3.2433	 1.0000
1951	12	21	461.7566	 161.4747	 3.2261	 1.0000
1951	12	22	469.1304	 160.2765	 3.0946	 1.0000
1951	12	23	472.4956	 158.8763	 3.0910	 1.0000
1951	12	24	474.5348	 157.3748	 3.0925	 1.0000
1951	12	25	476.4084	 155.4046	 3.0780	 1.0000
1951	12	26	480.5134	 156.4907	 3.0422	 1.0000
1951	12	27	482.2850	 154.5294	 3.0449	 1.0000
1951	12	28	487.8688	 155.8469	 3.0550	 1.0000
1951	12	29	497.2615	 158.5881	 2.9057	 1.0000
1951	12	30	498.3513	 156.3673	 2.9019	 1.0000
1951	12	31	498.4250	 154.2939	 2.8155	 1.0000
