1949	01	01	2.5001	 2.9040	 1.1771	 0.9923
1949	01	02	2.7107	 3.0968	 0.7885	 0.9753
1949	01	03	2.6536	 2.9997	 0.7944	 0.9753
1949	01	04	2.5532	 2.8562	 0.8123	 0.9753
1949	01	05	4.9375	 5.3965	 1.2912	 1.0000
1949	01	06	9.9397	 9.1816	 1.3973	 1.0000
1949	01	07	11.6715	 9.7838	 1.2255	 0.9923
1949	01	08	11.7305	 9.5666	 1.0868	 0.9923
1949	01	09	11.7118	 9.3866	 1.0915	 0.9923
1949	01	10	11.6879	 9.2066	 1.0987	 0.9923
1949	01	11	11.6531	 8.9961	 1.1149	 0.9923
1949	01	12	11.6061	 8.7323	 1.1401	 0.9875
1949	01	13	11.7401	 8.6180	 1.1727	 0.9875
1949	01	14	11.8778	 8.4764	 1.1865	 0.9875
1949	01	15	11.8478	 8.1420	 1.0130	 0.9875
1949	01	16	12.2296	 8.3706	 1.1429	 0.9875
1949	01	17	12.3526	 8.2737	 1.1100	 0.9875
1949	01	18	12.3857	 8.2213	 0.9948	 0.9875
1949	01	19	12.2620	 8.0173	 1.0010	 0.9875
1949	01	20	13.2744	 9.2548	 1.3060	 0.9875
1949	01	21	14.0141	 10.0194	 1.3551	 0.9875
1949	01	22	14.1937	 10.0787	 1.0895	 0.9875
1949	01	23	14.0965	 9.8233	 1.0877	 0.9800
1949	01	24	14.2408	 9.7955	 1.1371	 0.9800
1949	01	25	16.0226	 11.8320	 1.4754	 0.9875
1949	01	26	17.1882	 12.7650	 1.5387	 0.9875
1949	01	27	17.3125	 12.4697	 1.3817	 0.9800
1949	01	28	17.2669	 12.0074	 1.4079	 0.9800
1949	01	29	17.2817	 11.5626	 1.3673	 0.9800
1949	01	30	17.3186	 11.2730	 1.2459	 0.9800
1949	01	31	17.2270	 10.9468	 1.2602	 0.9800
1949	02	01	17.1258	 10.5612	 1.2815	 0.9800
1949	02	02	18.2952	 11.5368	 1.5209	 0.9800
1949	02	03	21.1630	 14.0235	 1.6966	 0.9875
1949	02	04	22.0920	 14.2111	 1.6300	 0.9800
1949	02	05	31.3654	 21.9893	 1.8028	 1.0000
1949	02	06	37.3416	 25.2047	 1.7735	 1.0000
1949	02	07	44.8485	 28.4188	 1.8602	 1.0000
1949	02	08	51.4237	 29.7477	 2.0345	 1.0000
1949	02	09	69.4171	 36.1502	 2.4902	 1.0000
1949	02	10	79.4396	 39.8867	 2.5055	 1.0000
1949	02	11	79.7809	 38.6072	 2.4521	 1.0000
1949	02	12	79.8471	 37.3380	 2.2891	 1.0000
1949	02	13	85.0590	 42.2795	 2.5045	 1.0000
1949	02	14	90.3208	 44.7094	 2.3931	 1.0000
1949	02	15	190.9375	 85.1010	 2.8635	 1.0000
1949	02	16	265.7240	 99.6537	 3.4526	 1.0000
1949	02	17	278.6350	 97.8427	 3.6071	 1.0000
1949	02	18	286.0159	 98.0849	 3.5682	 1.0000
1949	02	19	294.7948	 101.7333	 3.5845	 1.0000
1949	02	20	310.1867	 107.9824	 3.5574	 1.0000
1949	02	21	336.8777	 118.5437	 3.5043	 1.0000
1949	02	22	348.4126	 116.2164	 3.7701	 1.0000
1949	02	23	349.3291	 110.8494	 3.8596	 1.0000
1949	02	24	349.3422	 106.8131	 3.7684	 1.0000
1949	02	25	349.2862	 104.1294	 3.7237	 1.0000
1949	02	26	349.1882	 102.2198	 3.5936	 1.0000
1949	02	27	349.0750	 100.5916	 3.4972	 1.0000
1949	02	28	348.9605	 99.1997	 3.3871	 1.0000
1949	03	01	348.8830	 97.9156	 3.3375	 1.0000
1949	03	02	348.8094	 96.5859	 3.2940	 1.0000
1949	03	03	348.6682	 95.2357	 3.2398	 1.0000
1949	03	04	348.3532	 94.0133	 3.2461	 1.0000
1949	03	05	347.8616	 92.7164	 3.2000	 1.0000
1949	03	06	346.7190	 91.4113	 3.1695	 1.0000
1949	03	07	346.7729	 90.4614	 2.8256	 1.0000
1949	03	08	347.7067	 90.1192	 2.9170	 1.0000
1949	03	09	347.3513	 89.3595	 2.7510	 1.0000
1949	03	10	347.1103	 88.7985	 2.5630	 1.0000
1949	03	11	348.9003	 89.3515	 2.9895	 1.0000
1949	03	12	355.3131	 91.7066	 3.4562	 1.0000
1949	03	13	358.0481	 92.1948	 3.4982	 1.0000
1949	03	14	359.5174	 92.2328	 3.7194	 1.0000
1949	03	15	365.5256	 94.7226	 3.7904	 1.0000
1949	03	16	370.2354	 95.9155	 3.8911	 1.0000
1949	03	17	372.0212	 95.8244	 3.8074	 1.0000
1949	03	18	380.6635	 98.4068	 3.8626	 1.0000
1949	03	19	385.0219	 99.2575	 3.8825	 1.0000
1949	03	20	385.9076	 98.7294	 3.7823	 1.0000
1949	03	21	385.1580	 97.7002	 3.6441	 1.0000
1949	03	22	383.7207	 96.5355	 3.3698	 1.0000
1949	03	23	381.9815	 95.3050	 2.8919	 1.0000
1949	03	24	379.2133	 93.8457	 2.5369	 1.0000
1949	03	25	379.0623	 93.5171	 2.7581	 1.0000
1949	03	26	381.9067	 94.4489	 3.0436	 1.0000
1949	03	27	382.4633	 94.3085	 2.7500	 1.0000
1949	03	28	381.3653	 93.4301	 2.6566	 1.0000
1949	03	29	379.2668	 92.2536	 2.6585	 1.0000
1949	03	30	377.0071	 91.0629	 2.4514	 0.9451
1949	03	31	374.5720	 89.9291	 2.1955	 0.9451
1949	04	01	370.9613	 88.5041	 1.7485	 0.9451
1949	04	02	366.4725	 86.8390	 1.2614	 0.9374
1949	04	03	361.4274	 85.0936	 0.7175	 0.9374
1949	04	04	354.6903	 82.9730	 0.2349	 0.9374
1949	04	05	350.0130	 81.3770	 0.0068	 0.9326
1949	04	06	344.1844	 79.5722	 0.0000	 0.9326
1949	04	07	335.5412	 77.1378	 0.0000	 0.9326
1949	04	08	328.9053	 75.1946	 0.0000	 0.7950
1949	04	09	322.7771	 73.4380	 0.0000	 0.7950
1949	04	10	314.7511	 71.2743	 0.0000	 0.7950
1949	04	11	306.2305	 69.0198	 0.0000	 0.7875
1949	04	12	299.1202	 67.1221	 0.0000	 0.7875
1949	04	13	288.9050	 64.5489	 0.0000	 0.7828
1949	04	14	281.8967	 62.7508	 0.0000	 0.7828
1949	04	15	271.1625	 60.1347	 0.0000	 0.7828
1949	04	16	255.2578	 56.3853	 0.0000	 0.7828
1949	04	17	243.3199	 53.5492	 0.0056	 0.7218
1949	04	18	227.9481	 49.9859	 0.0000	 0.7218
1949	04	19	216.3856	 47.2852	 0.0224	 0.7171
1949	04	20	212.1735	 46.3332	 0.1397	 0.5828
1949	04	21	211.8198	 46.2333	 0.3831	 0.5950
1949	04	22	211.3491	 46.2018	 0.1949	 0.5950
1949	04	23	211.1540	 46.2268	 0.2281	 0.5828
1949	04	24	209.0086	 45.6832	 0.1252	 0.5828
1949	04	25	202.2740	 44.0940	 0.0000	 0.5828
1949	04	26	194.5838	 42.2858	 0.0000	 0.5828
1949	04	27	182.9976	 39.6530	 0.0253	 0.5828
1949	04	28	174.9452	 38.1821	 0.0099	 0.5828
1949	04	29	170.3923	 36.9586	 0.0118	 0.5828
1949	04	30	170.8810	 37.2607	 0.4642	 0.5875
1949	05	01	172.5495	 37.9213	 0.6348	 0.5950
1949	05	02	171.0732	 37.4699	 0.0295	 0.5828
1949	05	03	170.1640	 37.1619	 0.0081	 0.5828
1949	05	04	167.0649	 36.3769	 0.0000	 0.5753
1949	05	05	159.1737	 34.5310	 0.0000	 0.5706
1949	05	06	150.1955	 32.4693	 0.0000	 0.5171
1949	05	07	137.6024	 29.6420	 0.0000	 0.5171
1949	05	08	122.9578	 26.3853	 0.0000	 0.5171
1949	05	09	111.0025	 23.7347	 0.0000	 0.3828
1949	05	10	99.7662	 21.2753	 0.0000	 0.3709
1949	05	11	88.4057	 18.8223	 0.0000	 0.3709
1949	05	12	76.5245	 16.2699	 0.0000	 0.3709
1949	05	13	65.1849	 13.8422	 0.0000	 0.3709
1949	05	14	53.5591	 11.3616	 0.0000	 0.3709
1949	05	15	42.6769	 9.0450	 0.0000	 0.3709
1949	05	16	34.5485	 7.3166	 0.0000	 0.3174
1949	05	17	32.5074	 6.8779	 0.0040	 0.1950
1949	05	18	31.0191	 6.5575	 0.0000	 0.1831
1949	05	19	29.1980	 6.1669	 0.0090	 0.1950
1949	05	20	27.6452	 5.8365	 0.0000	 0.1831
1949	05	21	24.7360	 5.2181	 0.0000	 0.1831
1949	05	22	21.8253	 4.6008	 0.0000	 0.1831
1949	05	23	18.2219	 3.8388	 0.0000	 0.1831
1949	05	24	14.7344	 3.1026	 0.0000	 0.1831
1949	05	25	9.5425	 2.0085	 0.0000	 0.1831
1949	05	26	5.1971	 1.0936	 0.0000	 0.1831
1949	05	27	0.9482	 0.1995	 0.0000	 0.1831
1949	05	28	0.0000	 0.0000	 0.0000	 0.0000
1949	05	29	0.0000	 0.0000	 0.0000	 0.0000
1949	05	30	0.0000	 0.0000	 0.0000	 0.0000
1949	05	31	0.0000	 0.0000	 0.0000	 0.0000
1949	06	01	0.0000	 0.0000	 0.0000	 0.0000
1949	06	02	0.0000	 0.0000	 0.0000	 0.0000
1949	06	03	0.0000	 0.0000	 0.0000	 0.0000
1949	06	04	0.0000	 0.0000	 0.0000	 0.0000
1949	06	05	0.0000	 0.0000	 0.0000	 0.0000
1949	06	06	0.0000	 0.0000	 0.0000	 0.0000
1949	06	07	0.0000	 0.0000	 0.0000	 0.0000
1949	06	08	0.0000	 0.0000	 0.0000	 0.0000
1949	06	09	0.0000	 0.0000	 0.0000	 0.0000
1949	06	10	0.0000	 0.0000	 0.0000	 0.0000
1949	06	11	0.0000	 0.0000	 0.0000	 0.0000
1949	06	12	0.0000	 0.0000	 0.0000	 0.0000
1949	06	13	0.0000	 0.0000	 0.0000	 0.0000
1949	06	14	0.0000	 0.0000	 0.0000	 0.0000
1949	06	15	0.0000	 0.0000	 0.0000	 0.0000
1949	06	16	0.0000	 0.0000	 0.0833	 0.0000
1949	06	17	0.0000	 0.0000	 0.0500	 0.0000
1949	06	18	0.0000	 0.0000	 0.0000	 0.0000
1949	06	19	0.0000	 0.0000	 0.0000	 0.0000
1949	06	20	0.0000	 0.0000	 0.0000	 0.0000
1949	06	21	0.0000	 0.0000	 0.0000	 0.0000
1949	06	22	0.0000	 0.0000	 0.0000	 0.0000
1949	06	23	0.0000	 0.0000	 0.0000	 0.0000
1949	06	24	0.0000	 0.0000	 0.0000	 0.0000
1949	06	25	0.0000	 0.0000	 0.0000	 0.0000
1949	06	26	0.0000	 0.0000	 0.0000	 0.0000
1949	06	27	0.0000	 0.0000	 0.0000	 0.0000
1949	06	28	0.0000	 0.0000	 0.0000	 0.0000
1949	06	29	0.0000	 0.0000	 0.0000	 0.0000
1949	06	30	0.0000	 0.0000	 0.0000	 0.0000
1949	07	01	0.0000	 0.0000	 0.0000	 0.0000
1949	07	02	0.0000	 0.0000	 0.0000	 0.0000
1949	07	03	0.0000	 0.0000	 0.0000	 0.0000
1949	07	04	0.0000	 0.0000	 0.0000	 0.0000
1949	07	05	0.0000	 0.0000	 0.0000	 0.0000
1949	07	06	0.0000	 0.0000	 0.0000	 0.0000
1949	07	07	0.0000	 0.0000	 0.0000	 0.0000
1949	07	08	0.0000	 0.0000	 0.0000	 0.0000
1949	07	09	0.0000	 0.0000	 0.0000	 0.0000
1949	07	10	0.0000	 0.0000	 0.0000	 0.0000
1949	07	11	0.0000	 0.0000	 0.0000	 0.0000
1949	07	12	0.0000	 0.0000	 0.0000	 0.0000
1949	07	13	0.0000	 0.0000	 0.0000	 0.0000
1949	07	14	0.0000	 0.0000	 0.0000	 0.0000
1949	07	15	0.0000	 0.0000	 0.0000	 0.0000
1949	07	16	0.0000	 0.0000	 0.0000	 0.0000
1949	07	17	0.0000	 0.0000	 0.0000	 0.0000
1949	07	18	0.0000	 0.0000	 0.0000	 0.0000
1949	07	19	0.0000	 0.0000	 0.0000	 0.0000
1949	07	20	0.0000	 0.0000	 0.0000	 0.0000
1949	07	21	0.0000	 0.0000	 0.0000	 0.0000
1949	07	22	0.0000	 0.0000	 0.0000	 0.0000
1949	07	23	0.0000	 0.0000	 0.0000	 0.0000
1949	07	24	0.0000	 0.0000	 0.0000	 0.0000
1949	07	25	0.0000	 0.0000	 0.0000	 0.0000
1949	07	26	0.0000	 0.0000	 0.0000	 0.0000
1949	07	27	0.0000	 0.0000	 0.0000	 0.0000
1949	07	28	0.0000	 0.0000	 0.0000	 0.0000
1949	07	29	0.0000	 0.0000	 0.0000	 0.0000
1949	07	30	0.0000	 0.0000	 0.0000	 0.0000
1949	07	31	0.0000	 0.0000	 0.0000	 0.0000
1949	08	01	0.0000	 0.0000	 0.0000	 0.0000
1949	08	02	0.0000	 0.0000	 0.0000	 0.0000
1949	08	03	0.0000	 0.0000	 0.0000	 0.0000
1949	08	04	0.0000	 0.0000	 0.0000	 0.0000
1949	08	05	0.0000	 0.0000	 0.0000	 0.0000
1949	08	06	0.0000	 0.0000	 0.0000	 0.0000
1949	08	07	0.0000	 0.0000	 0.0000	 0.0000
1949	08	08	0.0000	 0.0000	 0.0000	 0.0000
1949	08	09	0.0000	 0.0000	 0.0000	 0.0000
1949	08	10	0.0000	 0.0000	 0.0000	 0.0000
1949	08	11	0.0000	 0.0000	 0.0000	 0.0000
1949	08	12	0.0000	 0.0000	 0.0000	 0.0000
1949	08	13	0.0000	 0.0000	 0.0000	 0.0000
1949	08	14	0.0000	 0.0000	 0.0000	 0.0000
1949	08	15	0.0000	 0.0000	 0.0000	 0.0000
1949	08	16	0.0000	 0.0000	 0.0000	 0.0000
1949	08	17	0.0000	 0.0000	 0.0000	 0.0000
1949	08	18	0.0000	 0.0000	 0.0000	 0.0000
1949	08	19	0.0000	 0.0000	 0.0000	 0.0000
1949	08	20	0.0000	 0.0000	 0.0000	 0.0000
1949	08	21	0.0000	 0.0000	 0.0000	 0.0000
1949	08	22	0.0000	 0.0000	 0.0000	 0.0000
1949	08	23	0.0000	 0.0000	 0.0000	 0.0000
1949	08	24	0.0000	 0.0000	 0.0000	 0.0000
1949	08	25	0.0000	 0.0000	 0.0000	 0.0000
1949	08	26	0.0000	 0.0000	 0.0000	 0.0000
1949	08	27	0.0000	 0.0000	 0.0000	 0.0000
1949	08	28	0.0000	 0.0000	 0.0000	 0.0000
1949	08	29	0.0000	 0.0000	 0.0000	 0.0000
1949	08	30	0.0000	 0.0000	 0.0000	 0.0000
1949	08	31	0.0000	 0.0000	 0.0000	 0.0000
1949	09	01	0.0000	 0.0000	 0.0000	 0.0000
1949	09	02	0.0000	 0.0000	 0.0000	 0.0000
1949	09	03	0.0000	 0.0000	 0.0000	 0.0000
1949	09	04	0.0000	 0.0000	 0.0000	 0.0000
1949	09	05	0.0000	 0.0000	 0.0000	 0.0000
1949	09	06	0.0000	 0.0000	 0.0000	 0.0000
1949	09	07	0.0000	 0.0000	 0.0000	 0.0000
1949	09	08	0.0000	 0.0000	 0.0000	 0.0000
1949	09	09	0.0000	 0.0000	 0.0000	 0.0000
1949	09	10	0.0000	 0.0000	 0.0042	 0.0000
1949	09	11	0.0000	 0.0000	 0.0007	 0.0000
1949	09	12	0.0000	 0.0000	 0.0000	 0.0000
1949	09	13	0.0680	 0.0480	 0.0498	 0.1950
1949	09	14	0.1347	 0.0764	 0.0000	 0.1950
1949	09	15	0.0996	 0.0741	 0.2363	 0.2072
1949	09	16	0.0000	 0.0000	 0.0002	 0.0000
1949	09	17	0.0408	 0.0290	 0.0163	 0.1950
1949	09	18	0.0000	 0.0000	 0.0000	 0.0000
1949	09	19	0.0024	 0.0020	 0.1085	 0.2072
1949	09	20	0.0000	 0.0000	 0.0086	 0.0000
1949	09	21	0.0000	 0.0000	 0.0000	 0.0000
1949	09	22	0.0000	 0.0000	 0.0000	 0.0000
1949	09	23	0.0000	 0.0000	 0.0000	 0.0000
1949	09	24	0.0000	 0.0000	 0.0000	 0.0000
1949	09	25	0.0000	 0.0000	 0.0000	 0.0000
1949	09	26	0.0000	 0.0000	 0.0000	 0.0000
1949	09	27	0.0000	 0.0000	 0.0000	 0.0000
1949	09	28	0.0000	 0.0000	 0.0000	 0.0000
1949	09	29	0.0000	 0.0000	 0.0000	 0.0000
1949	09	30	0.0000	 0.0000	 0.0000	 0.0000
1949	10	01	0.0000	 0.0000	 0.0000	 0.0000
1949	10	02	0.0000	 0.0000	 0.0000	 0.0000
1949	10	03	0.0018	 0.0012	 0.0062	 0.0119
1949	10	04	0.0784	 0.0646	 0.1395	 0.2072
1949	10	05	0.0972	 0.0915	 0.1805	 0.1950
1949	10	06	0.0729	 0.0751	 0.0590	 0.1950
1949	10	07	0.0167	 0.0143	 0.0339	 0.0119
1949	10	08	0.6243	 0.5302	 0.3421	 0.3415
1949	10	09	1.0056	 0.6211	 0.1640	 0.2072
1949	10	10	0.9765	 0.5475	 0.0914	 0.1950
1949	10	11	0.7466	 0.3897	 0.0594	 0.1950
1949	10	12	0.5692	 0.2884	 0.0048	 0.1950
1949	10	13	0.0816	 0.0943	 0.0150	 0.1950
1949	10	14	0.0006	 0.0005	 0.0351	 0.1950
1949	10	15	0.0012	 0.0012	 0.0165	 0.1950
1949	10	16	0.0000	 0.0000	 0.0000	 0.0000
1949	10	17	0.0000	 0.0000	 0.0000	 0.0000
1949	10	18	0.0000	 0.0000	 0.0000	 0.0000
1949	10	19	0.0000	 0.0000	 0.0000	 0.0000
1949	10	20	0.0000	 0.0000	 0.0000	 0.0000
1949	10	21	0.0000	 0.0000	 0.0000	 0.0000
1949	10	22	0.0000	 0.0000	 0.0000	 0.0000
1949	10	23	0.0000	 0.0000	 0.0000	 0.0000
1949	10	24	0.0000	 0.0000	 0.0000	 0.0000
1949	10	25	0.0000	 0.0000	 0.0000	 0.0000
1949	10	26	0.0273	 0.0192	 0.0634	 0.1950
1949	10	27	3.7492	 1.9743	 0.9541	 0.3950
1949	10	28	6.9090	 3.3030	 1.3024	 0.4072
1949	10	29	7.0523	 3.3175	 1.3280	 0.3950
1949	10	30	7.0894	 3.2714	 1.3387	 0.3950
1949	10	31	7.0992	 3.2156	 1.3630	 0.3875
1949	11	01	7.0831	 3.1584	 1.3802	 0.3828
1949	11	02	7.0671	 3.1014	 1.4096	 0.3828
1949	11	03	7.0148	 3.0305	 1.4351	 0.3828
1949	11	04	6.9641	 2.9637	 1.4651	 0.3828
1949	11	05	6.8881	 2.8892	 1.4876	 0.3828
1949	11	06	6.8247	 2.8240	 1.5133	 0.3293
1949	11	07	6.8632	 2.8070	 1.5592	 0.3293
1949	11	08	9.1677	 4.0054	 1.7491	 0.3950
1949	11	09	10.7804	 4.7470	 1.9084	 0.5950
1949	11	10	21.6231	 9.8012	 2.6008	 0.6532
1949	11	11	43.1124	 18.0462	 3.2310	 0.5950
1949	11	12	54.1559	 21.3089	 3.3153	 0.5950
1949	11	13	60.1999	 22.3566	 2.9943	 0.5950
1949	11	14	63.8104	 22.8862	 2.9116	 0.5950
1949	11	15	63.8236	 22.3308	 2.9866	 0.5950
1949	11	16	63.9143	 21.8617	 3.0334	 0.5950
1949	11	17	64.0078	 21.4932	 3.0873	 0.5950
1949	11	18	64.2043	 21.2007	 3.1791	 0.5950
1949	11	19	64.2727	 20.8597	 3.1870	 0.5950
1949	11	20	64.3682	 20.6872	 3.2142	 0.5950
1949	11	21	67.6460	 22.7296	 3.6607	 0.7950
1949	11	22	75.3862	 26.4856	 3.8895	 0.7950
1949	11	23	91.4362	 33.2835	 4.1167	 0.7950
1949	11	24	106.3645	 37.9712	 4.1220	 0.7950
1949	11	25	122.5589	 42.6495	 3.6660	 0.7950
1949	11	26	145.5663	 49.6623	 1.6671	 0.7875
1949	11	27	166.8962	 55.3077	 3.1703	 0.7875
1949	11	28	178.5786	 57.9887	 3.7076	 0.7950
1949	11	29	184.7824	 58.6522	 4.2011	 0.7950
1949	11	30	189.4487	 58.7839	 4.3746	 0.7950
1949	12	01	209.0306	 65.0795	 4.2334	 0.7950
1949	12	02	219.7334	 68.1065	 5.0734	 0.9875
1949	12	03	226.3344	 70.5566	 5.5847	 1.0000
1949	12	04	230.9370	 71.1718	 5.6005	 1.0000
1949	12	05	232.4738	 70.5201	 5.5331	 1.0000
1949	12	06	232.5603	 69.3972	 5.5655	 1.0000
1949	12	07	232.6603	 68.3903	 5.5507	 1.0000
1949	12	08	233.0240	 67.8806	 5.5708	 1.0000
1949	12	09	233.1496	 67.1202	 5.4438	 1.0000
1949	12	10	233.3898	 66.6811	 5.4345	 0.9923
1949	12	11	233.4493	 66.2588	 5.4651	 0.9923
1949	12	12	233.5644	 65.8355	 5.4509	 0.9923
1949	12	13	233.6915	 65.3319	 5.4563	 0.9923
1949	12	14	237.9058	 67.3127	 5.5209	 0.9923
1949	12	15	241.2909	 68.5777	 5.4797	 0.9923
1949	12	16	247.1323	 71.8058	 5.4824	 1.0000
1949	12	17	254.4296	 75.5915	 5.3676	 0.9923
1949	12	18	256.6404	 76.3502	 5.2773	 0.9923
1949	12	19	257.3664	 76.5830	 5.2656	 0.9923
1949	12	20	258.3357	 77.0915	 5.2378	 0.9923
1949	12	21	259.7505	 77.5011	 5.2295	 0.9923
1949	12	22	271.4972	 82.5625	 5.4931	 1.0000
1949	12	23	281.7471	 85.5756	 5.5418	 1.0000
1949	12	24	289.6497	 89.4440	 5.4092	 1.0000
1949	12	25	297.9209	 93.8031	 5.4436	 1.0000
1949	12	26	305.6753	 94.7859	 5.4114	 1.0000
1949	12	27	327.5149	 101.5588	 5.2549	 1.0000
1949	12	28	336.9499	 101.6961	 5.5356	 1.0000
1949	12	29	339.5742	 100.3435	 5.4656	 1.0000
1949	12	30	347.8087	 104.1135	 5.4434	 1.0000
1949	12	31	352.5585	 106.9266	 5.2771	 1.0000
1950	01	01	353.5906	 106.7580	 5.1191	 1.0000
1950	01	02	353.5926	 105.6467	 5.1267	 1.0000
1950	01	03	353.6105	 105.0141	 5.0941	 1.0000
1950	01	04	357.7467	 110.1975	 5.1018	 1.0000
1950	01	05	370.2417	 124.2813	 5.0788	 1.0000
1950	01	06	380.2627	 131.5543	 4.9622	 1.0000
1950	01	07	381.5866	 128.4318	 4.8257	 1.0000
1950	01	08	383.5801	 126.4676	 4.8026	 1.0000
1950	01	09	399.5259	 135.2044	 4.7364	 1.0000
1950	01	10	409.3347	 136.0001	 4.4057	 1.0000
1950	01	11	411.8820	 134.1871	 4.3027	 1.0000
1950	01	12	415.0067	 134.4781	 4.1122	 1.0000
1950	01	13	417.8859	 136.0518	 4.0328	 1.0000
1950	01	14	420.1526	 137.4921	 4.0154	 1.0000
1950	01	15	422.7314	 139.1494	 3.9731	 1.0000
1950	01	16	422.7942	 137.0093	 3.9656	 1.0000
1950	01	17	422.8503	 134.9076	 3.9183	 1.0000
1950	01	18	440.2791	 155.1847	 3.9363	 1.0000
1950	01	19	473.4295	 185.0579	 3.9176	 1.0000
1950	01	20	497.9614	 188.5359	 3.8432	 1.0000
1950	01	21	519.7012	 181.5371	 4.4020	 1.0000
1950	01	22	530.5123	 171.9126	 4.7774	 1.0000
1950	01	23	532.9563	 166.5739	 4.6090	 1.0000
1950	01	24	533.2436	 163.9856	 4.4227	 1.0000
1950	01	25	538.9382	 170.1795	 4.4252	 1.0000
1950	01	26	543.9148	 173.8680	 4.3428	 1.0000
1950	01	27	544.4888	 172.1599	 4.3362	 1.0000
1950	01	28	544.4855	 169.7726	 4.3275	 1.0000
1950	01	29	544.4851	 168.0677	 4.3260	 1.0000
1950	01	30	544.4822	 166.5612	 4.3036	 1.0000
1950	01	31	544.4841	 165.1288	 4.3027	 1.0000
1950	02	01	544.5260	 163.7743	 4.2792	 1.0000
1950	02	02	544.5909	 162.1148	 4.2515	 1.0000
1950	02	03	555.4447	 173.6678	 4.2077	 1.0000
1950	02	04	563.3693	 178.5397	 4.0720	 1.0000
1950	02	05	573.6215	 183.6666	 4.0357	 1.0000
1950	02	06	580.2550	 180.7402	 4.5454	 1.0000
1950	02	07	592.8915	 177.3903	 4.8585	 1.0000
1950	02	08	599.3958	 173.1683	 4.8522	 1.0000
1950	02	09	600.3472	 169.0931	 4.7716	 1.0000
1950	02	10	600.5123	 166.2709	 4.7300	 1.0000
1950	02	11	602.5604	 164.1415	 4.8627	 1.0000
1950	02	12	617.0564	 166.8758	 4.7608	 1.0000
1950	02	13	623.7939	 166.1048	 4.7790	 1.0000
1950	02	14	628.0632	 164.5433	 4.7724	 1.0000
1950	02	15	632.0288	 163.2825	 4.7506	 1.0000
1950	02	16	633.0009	 161.1661	 4.7453	 1.0000
1950	02	17	633.1402	 159.3262	 4.7486	 1.0000
1950	02	18	633.2343	 157.3940	 4.6704	 1.0000
1950	02	19	633.2570	 155.6260	 4.6477	 1.0000
1950	02	20	633.2771	 154.2830	 4.6529	 1.0000
1950	02	21	633.4128	 152.9950	 4.6233	 1.0000
1950	02	22	645.8487	 156.2530	 4.7323	 1.0000
1950	02	23	674.5412	 166.2689	 4.8300	 1.0000
1950	02	24	697.2035	 173.4630	 4.8431	 1.0000
1950	02	25	707.2517	 175.2556	 4.7293	 1.0000
1950	02	26	708.2392	 173.2718	 4.8721	 1.0000
1950	02	27	708.0845	 171.4759	 4.6887	 1.0000
1950	02	28	708.0339	 170.1716	 4.6730	 1.0000
1950	03	01	707.9274	 168.9918	 4.4888	 1.0000
1950	03	02	708.2568	 167.8709	 4.5612	 1.0000
1950	03	03	715.1227	 168.6241	 4.2768	 1.0000
1950	03	04	729.7286	 171.7419	 3.7888	 1.0000
1950	03	05	734.3503	 171.6378	 3.1640	 1.0000
1950	03	06	731.2047	 169.0367	 1.8675	 1.0000
1950	03	07	732.1441	 168.4167	 2.1628	 1.0000
1950	03	08	733.3446	 167.9245	 2.4892	 1.0000
1950	03	09	733.7443	 167.0698	 2.5652	 1.0000
1950	03	10	732.1813	 165.5826	 2.5809	 1.0000
1950	03	11	731.0114	 164.4033	 2.4995	 1.0000
1950	03	12	731.0154	 163.8125	 2.5021	 1.0000
1950	03	13	729.7870	 162.7818	 2.5231	 1.0000
1950	03	14	726.8323	 161.2318	 2.4002	 1.0000
1950	03	15	732.9326	 162.9395	 2.3048	 1.0000
1950	03	16	741.7993	 165.6806	 2.6166	 1.0000
1950	03	17	746.0755	 166.6562	 2.8724	 1.0000
1950	03	18	759.8369	 171.7792	 3.3441	 1.0000
1950	03	19	766.9336	 174.5261	 3.9010	 1.0000
1950	03	20	767.7339	 173.9574	 3.9065	 1.0000
1950	03	21	768.2010	 173.0305	 3.9028	 1.0000
1950	03	22	774.3507	 174.4731	 4.0051	 1.0000
1950	03	23	780.4126	 176.4748	 4.3549	 1.0000
1950	03	24	781.4634	 175.7414	 4.2686	 1.0000
1950	03	25	781.2981	 174.5780	 3.8193	 0.9923
1950	03	26	783.7876	 174.9165	 3.9987	 0.9923
1950	03	27	785.2522	 174.6242	 3.9038	 0.9923
1950	03	28	785.1328	 173.6742	 3.7631	 0.9923
1950	03	29	786.9291	 173.8306	 3.9562	 0.9923
1950	03	30	786.2940	 172.8173	 3.5362	 0.9923
1950	03	31	789.1612	 173.2986	 3.0326	 0.9923
1950	04	01	789.3006	 172.5776	 2.9160	 0.9923
1950	04	02	787.4048	 171.1488	 2.9024	 0.9923
1950	04	03	784.2286	 169.4935	 2.5751	 0.9923
1950	04	04	781.6952	 168.1192	 2.0321	 0.9923
1950	04	05	779.1704	 166.7648	 1.9216	 0.9923
1950	04	06	776.7999	 165.4628	 1.9043	 0.9923
1950	04	07	776.9280	 165.2552	 2.1930	 0.9923
1950	04	08	776.2133	 164.6659	 2.0978	 0.9923
1950	04	09	773.5011	 163.3194	 1.9967	 0.9923
1950	04	10	768.2669	 161.3889	 1.1520	 0.9875
1950	04	11	764.3956	 159.8873	 0.8077	 0.9875
1950	04	12	760.1979	 158.2793	 0.4579	 0.9326
1950	04	13	756.0596	 156.7649	 0.2418	 0.9326
1950	04	14	759.1670	 157.6686	 0.7527	 0.9326
1950	04	15	761.5983	 158.3234	 1.3663	 0.9326
1950	04	16	761.0712	 157.8516	 1.2275	 0.9326
1950	04	17	757.8887	 156.4951	 0.7547	 0.9326
1950	04	18	755.7028	 155.4634	 0.4719	 0.7950
1950	04	19	752.3235	 154.0846	 0.0000	 0.7950
1950	04	20	749.1804	 152.8073	 0.0024	 0.7950
1950	04	21	749.5940	 152.5237	 0.4279	 0.7950
1950	04	22	750.3262	 152.4380	 0.8638	 0.7950
1950	04	23	749.9468	 151.9354	 0.4724	 0.7950
1950	04	24	746.9974	 150.8347	 0.0000	 0.7950
1950	04	25	743.1688	 149.5341	 0.0000	 0.7950
1950	04	26	741.5289	 148.7724	 0.0176	 0.7950
1950	04	27	738.9681	 147.8017	 0.0553	 0.7950
1950	04	28	735.1501	 146.5785	 0.0081	 0.7950
1950	04	29	728.6842	 144.8217	 0.0000	 0.7950
1950	04	30	727.2611	 144.4457	 0.2318	 0.7950
1950	05	01	720.9411	 142.7630	 0.1449	 0.7950
1950	05	02	716.6521	 141.4742	 0.0441	 0.7875
1950	05	03	714.1515	 140.6712	 0.3336	 0.7875
1950	05	04	710.5349	 139.6092	 0.1853	 0.7875
1950	05	05	706.2497	 138.3781	 0.0383	 0.7875
1950	05	06	699.7425	 136.7237	 0.0000	 0.7875
1950	05	07	693.6160	 135.1672	 0.0000	 0.7828
1950	05	08	684.2147	 132.9625	 0.0000	 0.7828
1950	05	09	670.7642	 129.9851	 0.0000	 0.7828
1950	05	10	653.2129	 126.2363	 0.0000	 0.7828
1950	05	11	636.7016	 122.7123	 0.0000	 0.7828
1950	05	12	614.1088	 118.0342	 0.0000	 0.7828
1950	05	13	595.4264	 114.1394	 0.0000	 0.7828
1950	05	14	579.6512	 110.8389	 0.0000	 0.7293
1950	05	15	564.2321	 107.6270	 0.0000	 0.7293
1950	05	16	550.4880	 104.7907	 0.0000	 0.5950
1950	05	17	541.6600	 103.9284	 0.0059	 0.5875
1950	05	18	536.5336	 102.4566	 0.0000	 0.5875
1950	05	19	530.8923	 101.0654	 0.0000	 0.5875
1950	05	20	520.1665	 98.7563	 0.0000	 0.5875
1950	05	21	507.6255	 96.1446	 0.0000	 0.5875
1950	05	22	498.1280	 94.1375	 0.0000	 0.5828
1950	05	23	492.0010	 92.8080	 0.0000	 0.5828
1950	05	24	484.2848	 91.1896	 0.0000	 0.5828
1950	05	25	472.3185	 88.7732	 0.0000	 0.5828
1950	05	26	456.0619	 85.5627	 0.0000	 0.5828
1950	05	27	443.3145	 83.0230	 0.0032	 0.5828
1950	05	28	435.9218	 81.5127	 0.0000	 0.5828
1950	05	29	429.5114	 80.1900	 0.0000	 0.5828
1950	05	30	421.0291	 78.4909	 0.0000	 0.5828
1950	05	31	408.3582	 76.0115	 0.0000	 0.5753
1950	06	01	393.6784	 73.1569	 0.0000	 0.5753
1950	06	02	383.1935	 71.0984	 0.0000	 0.5706
1950	06	03	368.1586	 68.2005	 0.0000	 0.5706
1950	06	04	352.7547	 65.2432	 0.0000	 0.5706
1950	06	05	341.6094	 63.0857	 0.0095	 0.5706
1950	06	06	334.9158	 61.7966	 0.0818	 0.5706
1950	06	07	329.4889	 60.7558	 0.0917	 0.5706
1950	06	08	321.9884	 59.3051	 0.0617	 0.5706
1950	06	09	312.6572	 57.5064	 0.0054	 0.5706
1950	06	10	302.1855	 55.4935	 0.0000	 0.5706
1950	06	11	290.5574	 53.3021	 0.0000	 0.4363
1950	06	12	279.0199	 51.1058	 0.0000	 0.3828
1950	06	13	269.8808	 49.3661	 0.0000	 0.3828
1950	06	14	261.0298	 47.6921	 0.0000	 0.3755
1950	06	15	252.5571	 46.1049	 0.0000	 0.3755
1950	06	16	243.7671	 44.4654	 0.0000	 0.3755
1950	06	17	234.4133	 42.7212	 0.0000	 0.3755
1950	06	18	225.2950	 41.0249	 0.0000	 0.3755
1950	06	19	213.5252	 38.8490	 0.0000	 0.3709
1950	06	20	199.8828	 36.3385	 0.0000	 0.3709
1950	06	21	190.4208	 34.5925	 0.0000	 0.3709
1950	06	22	184.7064	 33.5307	 0.0105	 0.3709
1950	06	23	178.9345	 32.4617	 0.0000	 0.3709
1950	06	24	173.0174	 31.3664	 0.0000	 0.3709
1950	06	25	165.9876	 30.0706	 0.0000	 0.3709
1950	06	26	157.1197	 28.4433	 0.0000	 0.3709
1950	06	27	147.2042	 26.6285	 0.0000	 0.3709
1950	06	28	134.9901	 24.3997	 0.0000	 0.3709
1950	06	29	122.9004	 22.1960	 0.0000	 0.3709
1950	06	30	111.0774	 20.0427	 0.0000	 0.3709
1950	07	01	99.7698	 17.9847	 0.0000	 0.3709
1950	07	02	91.1279	 16.4133	 0.0000	 0.2366
1950	07	03	83.7956	 15.0826	 0.0000	 0.2366
1950	07	04	77.7573	 13.9893	 0.0000	 0.1831
1950	07	05	72.0548	 12.9580	 0.0000	 0.1831
1950	07	06	66.7389	 11.9974	 0.0000	 0.1831
1950	07	07	62.7656	 11.2790	 0.0000	 0.1831
1950	07	08	59.5639	 10.7121	 0.0000	 0.1831
1950	07	09	56.2905	 10.1201	 0.0000	 0.1831
1950	07	10	53.3393	 9.5866	 0.0000	 0.1831
1950	07	11	49.6232	 8.9161	 0.0000	 0.1831
1950	07	12	46.2960	 8.3160	 0.0000	 0.1831
1950	07	13	39.3225	 7.0616	 0.0000	 0.1831
1950	07	14	34.9742	 6.2793	 0.0000	 0.1831
1950	07	15	31.5699	 5.6670	 0.0000	 0.1831
1950	07	16	27.8179	 4.9925	 0.0000	 0.1831
1950	07	17	23.2143	 4.1655	 0.0000	 0.1831
1950	07	18	18.9901	 3.4103	 0.0000	 0.1831
1950	07	19	15.9533	 2.8644	 0.0000	 0.1831
1950	07	20	10.8059	 1.9396	 0.0000	 0.1831
1950	07	21	6.5597	 1.1768	 0.0000	 0.1831
1950	07	22	2.7162	 0.4866	 0.0000	 0.0522
1950	07	23	1.5577	 0.2791	 0.0000	 0.0522
1950	07	24	0.0275	 0.0049	 0.0000	 0.0522
1950	07	25	0.0000	 0.0000	 0.0000	 0.0000
1950	07	26	0.0000	 0.0000	 0.0000	 0.0000
1950	07	27	0.0000	 0.0000	 0.0000	 0.0000
1950	07	28	0.0000	 0.0000	 0.0000	 0.0000
1950	07	29	0.0000	 0.0000	 0.0000	 0.0000
1950	07	30	0.0000	 0.0000	 0.0000	 0.0000
1950	07	31	0.0000	 0.0000	 0.0000	 0.0000
1950	08	01	0.0000	 0.0000	 0.0000	 0.0000
1950	08	02	0.0000	 0.0000	 0.0000	 0.0000
1950	08	03	0.0000	 0.0000	 0.0000	 0.0000
1950	08	04	0.0000	 0.0000	 0.0000	 0.0000
1950	08	05	0.0000	 0.0000	 0.0000	 0.0000
1950	08	06	0.0000	 0.0000	 0.0000	 0.0000
1950	08	07	0.0000	 0.0000	 0.0000	 0.0000
1950	08	08	0.0000	 0.0000	 0.0000	 0.0000
1950	08	09	0.0000	 0.0000	 0.0000	 0.0000
1950	08	10	0.0000	 0.0000	 0.0000	 0.0000
1950	08	11	0.0000	 0.0000	 0.0000	 0.0000
1950	08	12	0.0000	 0.0000	 0.0000	 0.0000
1950	08	13	0.0000	 0.0000	 0.0000	 0.0000
1950	08	14	0.0000	 0.0000	 0.0000	 0.0000
1950	08	15	0.0000	 0.0000	 0.0000	 0.0000
1950	08	16	0.0000	 0.0000	 0.0000	 0.0000
1950	08	17	0.0000	 0.0000	 0.0000	 0.0000
1950	08	18	0.0000	 0.0000	 0.0000	 0.0000
1950	08	19	0.0000	 0.0000	 0.0000	 0.0000
1950	08	20	0.0000	 0.0000	 0.0000	 0.0000
1950	08	21	0.0000	 0.0000	 0.0000	 0.0000
1950	08	22	0.0000	 0.0000	 0.0000	 0.0000
1950	08	23	0.0000	 0.0000	 0.0000	 0.0000
1950	08	24	0.0000	 0.0000	 0.0000	 0.0000
1950	08	25	0.0000	 0.0000	 0.0000	 0.0000
1950	08	26	0.0000	 0.0000	 0.0000	 0.0000
1950	08	27	0.0000	 0.0000	 0.0000	 0.0000
1950	08	28	0.0000	 0.0000	 0.0000	 0.0000
1950	08	29	0.0000	 0.0000	 0.0000	 0.0000
1950	08	30	0.0000	 0.0000	 0.0000	 0.0000
1950	08	31	0.0000	 0.0000	 0.0000	 0.0000
1950	09	01	0.0000	 0.0000	 0.0000	 0.0000
1950	09	02	0.0000	 0.0000	 0.0000	 0.0000
1950	09	03	0.0000	 0.0000	 0.0000	 0.0000
1950	09	04	0.0000	 0.0000	 0.0000	 0.0000
1950	09	05	0.0000	 0.0000	 0.0000	 0.0000
1950	09	06	0.0000	 0.0000	 0.0000	 0.0000
1950	09	07	0.0000	 0.0000	 0.0000	 0.0000
1950	09	08	0.0000	 0.0000	 0.0000	 0.0000
1950	09	09	0.0000	 0.0000	 0.0000	 0.0000
1950	09	10	0.0000	 0.0000	 0.0000	 0.0000
1950	09	11	0.0000	 0.0000	 0.0000	 0.0000
1950	09	12	0.0000	 0.0000	 0.0000	 0.0000
1950	09	13	0.0000	 0.0000	 0.0000	 0.0000
1950	09	14	0.0000	 0.0000	 0.0000	 0.0000
1950	09	15	0.0000	 0.0000	 0.0000	 0.0000
1950	09	16	0.0000	 0.0000	 0.0000	 0.0000
1950	09	17	0.0000	 0.0000	 0.0000	 0.0000
1950	09	18	0.0000	 0.0000	 0.0000	 0.0000
1950	09	19	0.0000	 0.0000	 0.0000	 0.0000
1950	09	20	0.0000	 0.0000	 0.0000	 0.0000
1950	09	21	0.0000	 0.0000	 0.0000	 0.0000
1950	09	22	0.0000	 0.0000	 0.0000	 0.0000
1950	09	23	0.0000	 0.0000	 0.0000	 0.0000
1950	09	24	0.0000	 0.0000	 0.0000	 0.0000
1950	09	25	0.0001	 0.0000	 0.0014	 0.0119
1950	09	26	0.0319	 0.0231	 0.0254	 0.1428
1950	09	27	0.0000	 0.0000	 0.0001	 0.0000
1950	09	28	0.0000	 0.0000	 0.0000	 0.0000
1950	09	29	0.0000	 0.0000	 0.0000	 0.0000
1950	09	30	0.0000	 0.0000	 0.0351	 0.0000
1950	10	01	0.0001	 0.0001	 0.0786	 0.0119
1950	10	02	0.0000	 0.0000	 0.0086	 0.0000
1950	10	03	0.6940	 0.4940	 0.8550	 0.5293
1950	10	04	2.6688	 1.7358	 0.4710	 0.3950
1950	10	05	2.9719	 1.7139	 0.6584	 0.3950
1950	10	06	2.8099	 1.5173	 0.0513	 0.1950
1950	10	07	3.1712	 1.5919	 0.2232	 0.1950
1950	10	08	3.3401	 1.6060	 0.1335	 0.3950
1950	10	09	13.2157	 6.5333	 1.8565	 0.5950
1950	10	10	14.4967	 6.6583	 0.4839	 0.5828
1950	10	11	14.8240	 6.5078	 0.2600	 0.3950
1950	10	12	13.7465	 5.7142	 0.0285	 0.3950
1950	10	13	11.8138	 4.6794	 0.0026	 0.3875
1950	10	14	10.2160	 3.8873	 0.0848	 0.2072
1950	10	15	10.2598	 3.8458	 0.0000	 0.1950
1950	10	16	10.4201	 3.8501	 0.1262	 0.3950
1950	10	17	11.8669	 4.5522	 1.0049	 0.3950
1950	10	18	14.0793	 5.3909	 0.9036	 0.3950
1950	10	19	14.7640	 5.5503	 0.9312	 0.3950
1950	10	20	14.2971	 5.2240	 0.9938	 0.3950
1950	10	21	14.1003	 5.0555	 0.9439	 0.1950
1950	10	22	14.1139	 4.9980	 0.9604	 0.1950
1950	10	23	14.4313	 5.1180	 1.2918	 0.3950
1950	10	24	21.4016	 9.1543	 2.4244	 0.7950
1950	10	25	23.8052	 9.6736	 2.0027	 0.5950
1950	10	26	33.5718	 14.1790	 2.7849	 0.7950
1950	10	27	46.9179	 18.3711	 3.1032	 0.5950
1950	10	28	54.5031	 20.7685	 3.4129	 0.5950
1950	10	29	55.8891	 20.6267	 3.6330	 0.5950
1950	10	30	56.3005	 20.2311	 3.6718	 0.5950
1950	10	31	70.8446	 27.0696	 4.6676	 1.0000
1950	11	01	81.6926	 31.2729	 4.7294	 1.0000
1950	11	02	82.3632	 30.3181	 4.5699	 0.8624
1950	11	03	83.4021	 29.4899	 4.2493	 0.8075
1950	11	04	86.0053	 29.5081	 4.0309	 0.7998
1950	11	05	87.1485	 29.2508	 4.1765	 0.7998
1950	11	06	87.3865	 28.7421	 4.2860	 0.7950
1950	11	07	87.9360	 28.4578	 4.3229	 0.7950
1950	11	08	88.0247	 28.1695	 4.2967	 0.7950
1950	11	09	88.0925	 27.9673	 4.2818	 0.7950
1950	11	10	88.2189	 27.7741	 4.2886	 0.7950
1950	11	11	88.5191	 27.6641	 4.2957	 0.7950
1950	11	12	88.6371	 27.4876	 4.2515	 0.7950
1950	11	13	90.3433	 28.7624	 4.3873	 0.9923
1950	11	14	97.5701	 33.7144	 5.0101	 1.0000
1950	11	15	107.0456	 39.1805	 5.5023	 1.0000
1950	11	16	114.0721	 41.0443	 5.7335	 1.0000
1950	11	17	121.8807	 44.1029	 5.7558	 1.0000
1950	11	18	124.3803	 44.9008	 5.7611	 1.0000
1950	11	19	152.2360	 64.1423	 5.7524	 1.0000
1950	11	20	187.1776	 79.0250	 5.6587	 1.0000
1950	11	21	209.7536	 81.4737	 5.7924	 1.0000
1950	11	22	223.5233	 79.0208	 4.0757	 1.0000
1950	11	23	232.5655	 77.8187	 3.8705	 1.0000
1950	11	24	250.2678	 80.7160	 4.5259	 1.0000
1950	11	25	262.1370	 82.3265	 4.7247	 1.0000
1950	11	26	263.9827	 80.7383	 4.5939	 1.0000
1950	11	27	264.3755	 78.9551	 4.7367	 1.0000
1950	11	28	264.3880	 77.8163	 4.7376	 1.0000
1950	11	29	270.9499	 81.0160	 5.3695	 1.0000
1950	11	30	276.5801	 83.3543	 5.4678	 1.0000
1950	12	01	277.5704	 82.8052	 5.1799	 1.0000
1950	12	02	279.1395	 82.7650	 5.1663	 1.0000
1950	12	03	280.4176	 82.3640	 5.1408	 1.0000
1950	12	04	280.5656	 81.2094	 5.1440	 1.0000
1950	12	05	294.1112	 88.9390	 5.3560	 1.0000
1950	12	06	304.7020	 95.8127	 5.3186	 1.0000
1950	12	07	308.5738	 95.8522	 5.4011	 1.0000
1950	12	08	315.7759	 96.7904	 5.4375	 1.0000
1950	12	09	324.4515	 98.3865	 5.3895	 1.0000
1950	12	10	326.8189	 96.7531	 5.5417	 1.0000
1950	12	11	327.1410	 94.6243	 5.5554	 1.0000
1950	12	12	327.2034	 92.8930	 5.5539	 1.0000
1950	12	13	329.5296	 93.3297	 5.5642	 1.0000
1950	12	14	338.9404	 98.4914	 5.5444	 1.0000
1950	12	15	347.8310	 101.2812	 5.5831	 1.0000
1950	12	16	357.1684	 104.1102	 5.5170	 1.0000
1950	12	17	359.9483	 103.1325	 5.5993	 1.0000
1950	12	18	368.6780	 104.9065	 5.5636	 1.0000
1950	12	19	378.3524	 107.2565	 5.4577	 1.0000
1950	12	20	381.3447	 106.4351	 5.5980	 1.0000
1950	12	21	392.5068	 108.7249	 5.3901	 1.0000
1950	12	22	403.8944	 111.5478	 5.5879	 1.0000
1950	12	23	410.3607	 112.4469	 5.4965	 1.0000
1950	12	24	414.4993	 112.0743	 5.4834	 1.0000
1950	12	25	422.1713	 113.8503	 5.5015	 1.0000
1950	12	26	428.0468	 114.7149	 5.5108	 1.0000
1950	12	27	434.1165	 115.8779	 5.5913	 1.0000
1950	12	28	437.1062	 115.6088	 5.6167	 1.0000
1950	12	29	439.1462	 114.8809	 5.6179	 1.0000
1950	12	30	439.8638	 113.7693	 5.5959	 1.0000
1950	12	31	451.3194	 116.9258	 5.4848	 1.0000
1951	01	01	468.3929	 121.8227	 5.1891	 1.0000
1951	01	02	489.8755	 129.0552	 5.4017	 1.0000
1951	01	03	497.9748	 130.7725	 5.3650	 1.0000
1951	01	04	500.1621	 130.0281	 5.3900	 1.0000
1951	01	05	500.6098	 128.9859	 5.4007	 1.0000
1951	01	06	500.7164	 128.0243	 5.4088	 1.0000
1951	01	07	501.7974	 127.8352	 5.3271	 1.0000
1951	01	08	502.4386	 127.5530	 5.3186	 1.0000
1951	01	09	506.1324	 129.9479	 5.3501	 1.0000
1951	01	10	508.6735	 130.3467	 5.3987	 1.0000
1951	01	11	508.8171	 129.0454	 5.3549	 1.0000
1951	01	12	533.1204	 140.8404	 5.3110	 1.0000
1951	01	13	554.7656	 149.0319	 5.3610	 1.0000
1951	01	14	587.6773	 160.3474	 5.3190	 1.0000
1951	01	15	619.7401	 170.6807	 5.3131	 1.0000
1951	01	16	647.5221	 180.7626	 5.3444	 1.0000
1951	01	17	658.3804	 181.9303	 5.2496	 1.0000
1951	01	18	663.2258	 181.7869	 5.2687	 1.0000
1951	01	19	689.7603	 194.2044	 5.2503	 1.0000
1951	01	20	720.8215	 206.0391	 5.2303	 1.0000
1951	01	21	733.6536	 205.1584	 5.1305	 1.0000
1951	01	22	735.7657	 200.2990	 5.1211	 1.0000
1951	01	23	746.3777	 200.3476	 5.0825	 1.0000
1951	01	24	757.1114	 199.9453	 5.3574	 1.0000
1951	01	25	767.6617	 198.7445	 5.1073	 1.0000
1951	01	26	770.8770	 197.0496	 5.1725	 1.0000
1951	01	27	770.8184	 195.4115	 5.0954	 1.0000
1951	01	28	770.6357	 194.4880	 4.9344	 1.0000
1951	01	29	770.6138	 193.7298	 4.9401	 1.0000
1951	01	30	770.6358	 193.0113	 4.9553	 1.0000
1951	01	31	773.4590	 195.8148	 4.9440	 1.0000
1951	02	01	802.2820	 227.6823	 4.8820	 1.0000
1951	02	02	826.2062	 242.9370	 4.7172	 1.0000
1951	02	03	831.8919	 238.7574	 4.7882	 1.0000
1951	02	04	831.9508	 232.2665	 4.7868	 1.0000
1951	02	05	831.9962	 226.7525	 4.7575	 1.0000
1951	02	06	843.6490	 230.8601	 4.9197	 1.0000
1951	02	07	875.0820	 239.2756	 4.8963	 1.0000
1951	02	08	942.1041	 256.8784	 4.7716	 1.0000
1951	02	09	991.7419	 263.1172	 4.9468	 1.0000
1951	02	10	1007.4059	 258.3771	 5.0041	 1.0000
1951	02	11	1008.5564	 252.9657	 4.9699	 1.0000
1951	02	12	1008.9097	 249.7701	 4.9855	 1.0000
1951	02	13	1008.8626	 247.3009	 4.9043	 1.0000
1951	02	14	1009.4768	 245.3948	 4.8165	 1.0000
1951	02	15	1009.9719	 243.0688	 4.8362	 1.0000
1951	02	16	1010.1005	 240.8599	 4.8567	 1.0000
1951	02	17	1010.4570	 238.6169	 4.8311	 1.0000
1951	02	18	1013.6117	 237.7963	 5.0165	 1.0000
1951	02	19	1025.2805	 240.7560	 5.1886	 1.0000
1951	02	20	1031.5582	 241.0642	 5.2317	 1.0000
1951	02	21	1031.7967	 239.1551	 5.1826	 1.0000
1951	02	22	1031.6664	 237.3394	 4.9702	 1.0000
1951	02	23	1031.6356	 235.9768	 4.9380	 1.0000
1951	02	24	1031.7723	 234.7244	 4.8383	 1.0000
1951	02	25	1031.7345	 233.4332	 4.7623	 1.0000
1951	02	26	1031.6987	 232.3101	 4.7175	 1.0000
1951	02	27	1031.6523	 231.3347	 4.6674	 1.0000
1951	02	28	1031.6398	 230.4112	 4.6647	 1.0000
1951	03	01	1031.6292	 229.4887	 4.6609	 1.0000
1951	03	02	1031.5496	 228.5619	 4.5689	 1.0000
1951	03	03	1055.0408	 244.6963	 4.9440	 1.0000
1951	03	04	1068.0379	 250.3625	 4.7350	 1.0000
1951	03	05	1072.7397	 251.8482	 4.6012	 1.0000
1951	03	06	1075.5216	 252.1052	 4.4565	 1.0000
1951	03	07	1082.1997	 256.2307	 4.4236	 1.0000
1951	03	08	1089.6825	 258.8483	 4.4209	 1.0000
1951	03	09	1091.6930	 257.8756	 4.2377	 1.0000
1951	03	10	1094.3620	 258.2290	 4.1230	 1.0000
1951	03	11	1111.0198	 271.1707	 4.0758	 1.0000
1951	03	12	1121.2425	 273.7728	 4.3219	 1.0000
1951	03	13	1122.6776	 271.0272	 4.3434	 1.0000
1951	03	14	1148.4714	 274.1955	 3.8746	 1.0000
1951	03	15	1166.3009	 276.1815	 4.7062	 1.0000
1951	03	16	1174.3397	 276.6778	 4.8396	 1.0000
1951	03	17	1174.3792	 273.6569	 4.7800	 1.0000
1951	03	18	1174.3685	 271.1280	 4.7523	 1.0000
1951	03	19	1174.3816	 268.6956	 4.7357	 1.0000
1951	03	20	1174.4547	 265.9577	 4.6211	 1.0000
1951	03	21	1176.1885	 263.9257	 4.6093	 1.0000
1951	03	22	1176.9305	 261.7753	 4.6174	 1.0000
1951	03	23	1177.0316	 259.5573	 4.1856	 1.0000
1951	03	24	1176.7552	 257.3606	 3.6086	 1.0000
1951	03	25	1174.6356	 254.9023	 3.2058	 1.0000
1951	03	26	1172.0228	 252.3464	 2.5450	 1.0000
1951	03	27	1168.6252	 249.8856	 2.4352	 1.0000
1951	03	28	1170.4266	 249.4471	 2.6129	 1.0000
1951	03	29	1171.0937	 248.6384	 2.8179	 1.0000
1951	03	30	1169.9786	 247.2285	 2.4844	 1.0000
1951	03	31	1167.2811	 245.3570	 2.2231	 1.0000
1951	04	01	1164.1375	 243.3333	 1.6278	 1.0000
1951	04	02	1160.0485	 241.1923	 1.2144	 1.0000
1951	04	03	1153.8113	 238.5923	 0.6362	 1.0000
1951	04	04	1146.3893	 235.7953	 0.1493	 1.0000
1951	04	05	1138.7222	 232.9789	 0.0000	 1.0000
1951	04	06	1130.9115	 230.2646	 0.0000	 1.0000
1951	04	07	1122.4035	 227.4670	 0.0000	 1.0000
1951	04	08	1112.1242	 224.3355	 0.0000	 1.0000
1951	04	09	1101.3422	 221.1883	 0.0000	 1.0000
1951	04	10	1091.0255	 218.2587	 0.0000	 1.0000
1951	04	11	1078.0631	 214.8026	 0.0000	 1.0000
1951	04	12	1062.6568	 210.8747	 0.0000	 1.0000
1951	04	13	1046.5411	 206.8672	 0.0000	 0.9923
1951	04	14	1032.8152	 203.4353	 0.0000	 0.9923
1951	04	15	1018.4446	 199.9102	 0.0000	 0.9923
1951	04	16	998.0615	 195.1895	 0.0000	 0.9875
1951	04	17	975.5084	 190.0868	 0.0000	 0.9875
1951	04	18	957.6531	 185.9727	 0.0000	 0.9875
1951	04	19	950.8396	 184.1987	 0.0000	 0.9875
1951	04	20	943.5641	 182.3545	 0.0000	 0.9875
1951	04	21	931.8236	 179.6025	 0.0000	 0.9251
1951	04	22	916.6888	 176.1780	 0.0000	 0.9251
1951	04	23	901.9071	 172.8589	 0.0000	 0.9251
1951	04	24	885.0127	 169.1478	 0.0000	 0.9204
1951	04	25	862.2518	 164.3199	 0.0000	 0.7828
1951	04	26	851.8148	 161.9240	 0.0182	 0.7828
1951	04	27	847.6818	 160.8082	 0.1858	 0.7828
1951	04	28	843.4540	 159.6722	 0.1939	 0.7828
1951	04	29	838.4720	 158.3902	 0.0304	 0.7828
1951	04	30	832.4468	 156.9233	 0.0000	 0.7828
1951	05	01	824.0446	 154.9938	 0.0000	 0.7828
1951	05	02	811.6935	 152.3447	 0.0000	 0.7828
1951	05	03	797.7074	 149.3995	 0.0000	 0.7753
1951	05	04	781.3214	 146.0277	 0.0429	 0.7753
1951	05	05	766.7291	 143.0200	 0.0000	 0.7753
1951	05	06	749.5931	 139.5233	 0.0000	 0.7753
1951	05	07	734.4824	 136.4291	 0.0000	 0.7706
1951	05	08	717.0325	 132.9159	 0.0043	 0.7706
1951	05	09	694.3018	 128.4351	 0.0000	 0.7706
1951	05	10	670.2538	 123.7677	 0.0000	 0.7706
1951	05	11	651.8122	 120.2518	 0.1756	 0.7706
1951	05	12	642.4530	 118.3361	 0.0450	 0.7171
1951	05	13	629.6516	 115.7639	 0.0000	 0.7171
1951	05	14	612.2895	 112.3478	 0.0000	 0.7171
1951	05	15	592.2243	 108.4682	 0.0000	 0.5828
1951	05	16	576.3573	 105.3987	 0.0000	 0.5753
1951	05	17	561.7347	 102.5695	 0.0000	 0.5753
1951	05	18	551.0825	 100.4807	 0.0000	 0.5753
1951	05	19	538.8231	 98.1091	 0.0000	 0.5706
1951	05	20	525.4545	 95.5415	 0.0000	 0.5706
1951	05	21	509.3345	 92.4819	 0.0000	 0.5706
1951	05	22	491.2588	 89.0767	 0.0000	 0.5706
1951	05	23	477.3826	 86.4465	 0.0858	 0.5706
1951	05	24	474.2550	 85.8437	 0.1530	 0.5828
1951	05	25	468.2508	 84.6758	 0.1130	 0.5828
1951	05	26	456.8200	 82.5446	 0.0000	 0.5706
1951	05	27	447.6603	 80.7872	 0.0000	 0.5706
1951	05	28	443.0552	 79.8639	 0.0000	 0.5706
1951	05	29	436.6961	 78.6300	 0.0000	 0.5706
1951	05	30	430.4599	 77.4218	 0.0000	 0.5706
1951	05	31	422.0181	 75.8145	 0.0000	 0.5706
1951	06	01	410.7605	 73.6962	 0.0000	 0.5633
1951	06	02	393.0611	 70.4235	 0.0000	 0.5633
1951	06	03	378.8748	 67.7941	 0.0055	 0.5706
1951	06	04	367.9758	 65.7953	 0.0074	 0.5706
1951	06	05	358.7131	 64.0626	 0.0354	 0.5706
1951	06	06	349.3905	 62.3301	 0.0000	 0.5633
1951	06	07	339.9507	 60.5672	 0.0211	 0.5706
1951	06	08	329.2959	 58.5941	 0.0012	 0.5052
1951	06	09	313.6382	 55.7380	 0.0000	 0.3709
1951	06	10	303.6663	 53.9206	 0.0000	 0.3709
1951	06	11	294.0764	 52.1752	 0.0000	 0.3709
1951	06	12	284.6716	 50.4665	 0.0000	 0.3709
1951	06	13	275.5566	 48.8127	 0.0000	 0.3709
1951	06	14	265.0014	 46.9068	 0.0000	 0.3709
1951	06	15	256.1789	 45.3112	 0.0000	 0.3709
1951	06	16	247.6401	 43.7683	 0.0000	 0.3709
1951	06	17	238.4464	 42.1128	 0.0000	 0.3709
1951	06	18	229.7610	 40.5497	 0.0000	 0.3709
1951	06	19	221.4768	 39.0599	 0.0000	 0.3709
1951	06	20	214.2471	 37.7592	 0.0000	 0.3709
1951	06	21	203.6549	 35.8658	 0.0000	 0.3709
1951	06	22	192.3777	 33.8540	 0.0000	 0.3709
1951	06	23	182.5539	 32.1011	 0.0000	 0.3709
1951	06	24	174.4339	 30.6503	 0.0000	 0.3709
1951	06	25	159.6452	 28.0258	 0.0000	 0.3709
1951	06	26	149.3403	 26.1941	 0.0000	 0.3709
1951	06	27	139.1083	 24.3766	 0.0000	 0.3709
1951	06	28	129.0296	 22.5872	 0.0000	 0.3709
1951	06	29	119.5197	 20.8992	 0.0000	 0.3709
1951	06	30	108.5613	 18.9622	 0.0000	 0.1831
1951	07	01	103.5953	 18.0874	 0.0000	 0.1831
1951	07	02	98.7687	 17.2380	 0.0000	 0.1831
1951	07	03	93.2107	 16.2620	 0.0000	 0.1831
1951	07	04	90.7070	 15.8332	 0.0379	 0.1950
1951	07	05	89.4817	 15.6425	 0.0183	 0.1950
1951	07	06	86.9009	 15.1962	 0.0571	 0.1950
1951	07	07	84.1579	 14.7314	 0.0000	 0.1831
1951	07	08	80.4815	 14.0833	 0.0000	 0.1831
1951	07	09	76.4210	 13.3686	 0.0000	 0.1831
1951	07	10	73.8504	 12.9181	 0.0000	 0.1831
1951	07	11	70.8033	 12.3816	 0.0000	 0.1831
1951	07	12	66.4113	 11.6104	 0.0000	 0.1831
1951	07	13	60.4138	 10.5593	 0.0000	 0.1831
1951	07	14	54.8396	 9.5829	 0.0000	 0.1831
1951	07	15	49.6497	 8.6742	 0.0000	 0.1831
1951	07	16	44.3911	 7.7541	 0.0000	 0.1831
1951	07	17	38.3534	 6.6983	 0.0000	 0.1831
1951	07	18	32.7262	 5.7148	 0.0000	 0.1831
1951	07	19	28.6339	 4.9996	 0.0000	 0.1831
1951	07	20	24.9721	 4.3598	 0.0000	 0.1831
1951	07	21	20.2872	 3.5415	 0.0000	 0.1831
1951	07	22	14.2513	 2.4877	 0.0000	 0.1831
1951	07	23	7.9169	 1.3819	 0.0000	 0.1831
1951	07	24	2.3686	 0.4135	 0.0000	 0.1831
1951	07	25	0.0000	 0.0000	 0.0000	 0.0000
1951	07	26	0.0000	 0.0000	 0.0000	 0.0000
1951	07	27	0.0000	 0.0000	 0.0000	 0.0000
1951	07	28	0.0000	 0.0000	 0.0000	 0.0000
1951	07	29	0.0000	 0.0000	 0.0000	 0.0000
1951	07	30	0.0000	 0.0000	 0.0000	 0.0000
1951	07	31	0.0000	 0.0000	 0.0000	 0.0000
1951	08	01	0.0000	 0.0000	 0.0000	 0.0000
1951	08	02	0.0000	 0.0000	 0.0000	 0.0000
1951	08	03	0.0000	 0.0000	 0.0000	 0.0000
1951	08	04	0.0000	 0.0000	 0.0000	 0.0000
1951	08	05	0.0000	 0.0000	 0.0000	 0.0000
1951	08	06	0.0000	 0.0000	 0.0000	 0.0000
1951	08	07	0.0000	 0.0000	 0.0000	 0.0000
1951	08	08	0.0000	 0.0000	 0.0000	 0.0000
1951	08	09	0.0000	 0.0000	 0.0000	 0.0000
1951	08	10	0.0000	 0.0000	 0.0000	 0.0000
1951	08	11	0.0000	 0.0000	 0.0000	 0.0000
1951	08	12	0.0000	 0.0000	 0.0000	 0.0000
1951	08	13	0.0000	 0.0000	 0.0000	 0.0000
1951	08	14	0.0000	 0.0000	 0.0000	 0.0000
1951	08	15	0.0000	 0.0000	 0.0000	 0.0000
1951	08	16	0.0000	 0.0000	 0.0000	 0.0000
1951	08	17	0.0000	 0.0000	 0.0000	 0.0000
1951	08	18	0.0000	 0.0000	 0.0000	 0.0000
1951	08	19	0.0000	 0.0000	 0.0000	 0.0000
1951	08	20	0.0000	 0.0000	 0.0000	 0.0000
1951	08	21	0.0000	 0.0000	 0.0000	 0.0000
1951	08	22	0.0000	 0.0000	 0.0000	 0.0000
1951	08	23	0.0000	 0.0000	 0.0000	 0.0000
1951	08	24	0.0000	 0.0000	 0.0000	 0.0000
1951	08	25	0.0000	 0.0000	 0.0000	 0.0000
1951	08	26	0.0000	 0.0000	 0.0000	 0.0000
1951	08	27	0.0000	 0.0000	 0.0000	 0.0000
1951	08	28	0.0000	 0.0000	 0.0000	 0.0000
1951	08	29	0.0000	 0.0000	 0.0000	 0.0000
1951	08	30	0.0054	 0.0035	 0.0034	 0.0119
1951	08	31	0.0000	 0.0000	 0.0000	 0.0000
1951	09	01	0.0000	 0.0000	 0.0000	 0.0000
1951	09	02	0.0000	 0.0000	 0.0000	 0.0000
1951	09	03	0.0000	 0.0000	 0.0000	 0.0000
1951	09	04	0.0000	 0.0000	 0.0000	 0.0000
1951	09	05	0.0000	 0.0000	 0.0000	 0.0000
1951	09	06	0.0000	 0.0000	 0.0000	 0.0000
1951	09	07	0.0000	 0.0000	 0.0000	 0.0000
1951	09	08	0.0000	 0.0000	 0.0000	 0.0000
1951	09	09	0.0000	 0.0000	 0.0000	 0.0000
1951	09	10	0.0000	 0.0000	 0.0000	 0.0000
1951	09	11	0.0000	 0.0000	 0.0000	 0.0000
1951	09	12	0.0000	 0.0000	 0.0000	 0.0000
1951	09	13	0.0000	 0.0000	 0.0000	 0.0000
1951	09	14	0.0000	 0.0000	 0.0000	 0.0000
1951	09	15	0.0000	 0.0000	 0.0000	 0.0000
1951	09	16	0.0000	 0.0000	 0.0000	 0.0000
1951	09	17	0.0000	 0.0000	 0.0000	 0.0000
1951	09	18	0.0000	 0.0000	 0.0000	 0.0000
1951	09	19	0.0000	 0.0000	 0.0000	 0.0000
1951	09	20	0.0000	 0.0000	 0.0000	 0.0000
1951	09	21	0.0000	 0.0000	 0.0000	 0.0000
1951	09	22	0.0000	 0.0000	 0.0000	 0.0000
1951	09	23	0.0000	 0.0000	 0.0000	 0.0000
1951	09	24	0.0000	 0.0000	 0.0000	 0.0000
1951	09	25	0.0000	 0.0000	 0.0497	 0.0000
1951	09	26	0.0000	 0.0000	 0.0063	 0.0000
1951	09	27	0.0544	 0.0398	 0.0827	 0.1950
1951	09	28	0.0030	 0.0018	 0.0166	 0.0119
1951	09	29	0.0000	 0.0000	 0.0000	 0.0000
1951	09	30	0.0000	 0.0000	 0.0000	 0.0000
1951	10	01	0.0000	 0.0000	 0.0000	 0.0000
1951	10	02	0.0000	 0.0000	 0.0000	 0.0000
1951	10	03	0.0000	 0.0000	 0.0000	 0.0000
1951	10	04	0.0005	 0.0004	 0.0025	 0.1950
1951	10	05	0.0000	 0.0000	 0.0000	 0.0000
1951	10	06	0.0000	 0.0000	 0.0000	 0.0000
1951	10	07	0.0021	 0.0015	 0.0028	 0.1950
1951	10	08	0.0000	 0.0000	 0.0000	 0.0000
1951	10	09	0.0000	 0.0000	 0.0000	 0.0000
1951	10	10	0.0000	 0.0000	 0.0000	 0.0000
1951	10	11	0.0000	 0.0000	 0.0000	 0.0000
1951	10	12	0.0000	 0.0000	 0.0023	 0.0000
1951	10	13	0.0619	 0.0468	 0.1475	 0.1950
1951	10	14	0.6194	 0.3919	 0.2269	 0.3950
1951	10	15	1.4387	 0.9640	 0.6854	 0.4072
1951	10	16	2.0873	 1.3687	 0.9653	 0.5950
1951	10	17	6.7609	 4.3085	 2.0645	 0.7950
1951	10	18	15.9878	 7.9710	 2.7612	 0.5950
1951	10	19	24.5932	 11.2783	 2.9574	 0.5950
1951	10	20	26.0122	 11.2177	 1.4634	 0.5950
1951	10	21	25.0033	 10.3314	 1.2687	 0.5828
1951	10	22	33.2787	 13.8271	 2.2021	 0.6072
1951	10	23	37.8895	 15.5658	 3.1430	 0.7875
1951	10	24	38.0556	 15.0736	 2.9671	 0.5997
1951	10	25	38.0839	 14.7368	 2.9459	 0.5997
1951	10	26	38.1025	 14.4860	 2.9068	 0.6532
1951	10	27	38.1050	 14.2294	 2.9970	 0.5950
1951	10	28	39.8705	 14.6383	 3.0452	 0.5950
1951	10	29	40.5680	 14.6722	 3.2937	 0.5950
1951	10	30	40.5803	 14.5045	 3.2685	 0.5950
1951	10	31	40.6151	 14.3832	 3.2956	 0.5950
1951	11	01	40.9300	 14.6446	 3.0529	 0.5950
1951	11	02	47.4042	 19.4220	 4.3946	 0.9451
1951	11	03	52.6483	 22.0490	 5.0887	 0.9451
1951	11	04	52.0415	 20.7592	 4.2170	 0.7998
1951	11	05	51.9758	 20.1400	 4.1140	 0.7950
1951	11	06	51.8495	 19.5441	 3.7048	 0.7875
1951	11	07	51.7172	 19.0518	 3.7231	 0.7828
1951	11	08	51.7736	 18.7064	 3.6717	 0.7293
1951	11	09	56.8479	 20.6685	 3.8717	 0.7875
1951	11	10	66.9748	 24.2617	 3.8624	 0.7875
1951	11	11	77.4535	 28.0565	 4.2215	 0.7875
1951	11	12	84.6870	 30.4024	 4.4445	 0.7875
1951	11	13	87.4474	 30.5974	 4.4548	 0.7875
1951	11	14	87.8142	 30.0078	 4.4379	 0.7875
1951	11	15	87.8562	 29.5371	 4.4593	 0.7875
1951	11	16	87.9459	 29.2067	 4.4455	 0.7875
1951	11	17	88.0261	 28.8696	 4.4089	 0.7875
1951	11	18	88.1256	 28.5868	 4.4025	 0.7875
1951	11	19	88.2515	 28.3042	 4.3612	 0.7875
1951	11	20	88.4160	 28.0870	 4.3692	 0.7875
1951	11	21	88.4744	 27.8305	 4.3745	 0.7875
1951	11	22	88.5394	 27.6498	 4.3914	 0.7875
1951	11	23	88.6231	 27.5068	 4.4063	 0.7875
1951	11	24	91.6435	 29.5347	 4.5024	 0.7950
1951	11	25	107.6594	 38.6141	 5.1001	 0.9923
1951	11	26	122.4509	 44.9819	 5.7302	 0.9923
1951	11	27	134.3082	 49.7551	 5.6853	 1.0000
1951	11	28	154.0281	 56.2988	 5.6368	 1.0000
1951	11	29	172.8359	 61.7114	 5.5598	 1.0000
1951	11	30	185.7830	 64.7904	 5.6076	 1.0000
1951	12	01	191.0746	 64.4761	 5.5473	 1.0000
1951	12	02	197.8765	 66.1730	 5.5634	 1.0000
1951	12	03	209.9045	 70.0782	 5.5136	 1.0000
1951	12	04	215.5253	 70.8003	 5.4989	 1.0000
1951	12	05	216.4500	 69.2488	 5.3423	 1.0000
1951	12	06	216.4374	 67.8197	 5.2590	 1.0000
1951	12	07	216.4673	 66.9618	 5.2882	 1.0000
1951	12	08	216.5434	 66.1502	 5.2762	 1.0000
1951	12	09	216.6674	 65.4643	 5.3058	 1.0000
1951	12	10	216.7585	 64.7226	 5.3270	 1.0000
1951	12	11	216.9082	 63.9714	 5.3201	 1.0000
1951	12	12	217.0122	 63.2100	 5.2938	 1.0000
1951	12	13	217.0828	 62.6353	 5.3044	 1.0000
1951	12	14	218.8128	 63.6460	 5.3159	 1.0000
1951	12	15	224.1930	 67.0883	 5.2398	 1.0000
1951	12	16	226.9759	 68.2828	 5.2685	 1.0000
1951	12	17	241.5489	 76.5966	 5.4148	 1.0000
1951	12	18	251.5260	 81.9229	 5.1856	 1.0000
1951	12	19	252.3456	 80.6549	 5.1273	 1.0000
1951	12	20	264.8097	 91.6595	 5.0821	 1.0000
1951	12	21	279.8010	 104.0630	 5.0154	 1.0000
1951	12	22	283.1905	 102.6220	 4.8186	 1.0000
1951	12	23	283.1685	 100.1435	 4.8238	 1.0000
1951	12	24	283.1979	 98.3841	 4.8378	 1.0000
1951	12	25	285.6300	 98.8638	 4.8174	 1.0000
1951	12	26	289.7828	 101.3128	 4.7359	 1.0000
1951	12	27	291.0397	 100.2481	 4.7266	 1.0000
1951	12	28	293.6110	 100.1598	 4.7363	 1.0000
1951	12	29	304.8863	 105.6858	 4.6039	 1.0000
1951	12	30	305.6021	 103.8635	 4.5865	 1.0000
1951	12	31	306.0374	 102.8463	 4.5857	 1.0000
